,meanfitness,seqscommon,seqstarget,extreme0,extreme1,other
0,0.8696122730256886,1.0,0.0,0.0,0.0,0.0
1,0.8809078900480019,1.0,0.0,0.0,0.0,0.0
2,0.8713072325113549,1.0,0.0,0.0,0.0,0.0
3,0.8648057749341787,1.0,0.0,0.0,0.0,0.0
4,1.0,1.0,0.0,0.0,0.0,0.0
5,1.0,1.0,0.0,0.0,0.0,0.0
6,1.0,1.0,0.0,0.0,0.0,0.0
7,1.0,1.0,0.0,0.0,0.0,0.0
8,1.0,1.0,0.0,0.0,0.0,0.0
9,0.4599999999999999,0.99,0.0,0.0,0.01,0.0
10,0.49999999999999933,0.98,0.0,0.01,0.01,0.0
11,0.4983333333333329,0.98,0.0,0.01,0.01,0.0
12,0.45499999999999985,0.96,0.0,0.01,0.03,0.0
13,0.4766666666666663,0.97,0.0,0.0,0.03,0.0
14,1.0,0.99,0.0,0.0,0.01,0.0
15,1.0,0.98,0.0,0.0,0.02,0.0
16,1.0,0.99,0.0,0.0,0.01,0.0
17,1.0,1.0,0.0,0.0,0.0,0.0
18,1.0,1.0,0.0,0.0,0.0,0.0
19,0.47666666666666635,1.0,0.0,0.0,0.0,0.0
20,0.48333333333333284,1.0,0.0,0.0,0.0,0.0
21,0.48333333333333284,1.0,0.0,0.0,0.0,0.0
22,0.5166666666666662,1.0,0.0,0.0,0.0,0.0
23,0.5115477587196068,0.98,0.0,0.02,0.0,0.0
24,0.9966666666666666,0.98,0.0,0.02,0.0,0.0
25,0.9983333333333333,0.99,0.0,0.01,0.0,0.0
26,1.0,1.0,0.0,0.0,0.0,0.0
27,1.0,1.0,0.0,0.0,0.0,0.0
28,1.0,1.0,0.0,0.0,0.0,0.0
29,0.5149999999999998,1.0,0.0,0.0,0.0,0.0
30,0.5249999999999997,1.0,0.0,0.0,0.0,0.0
31,0.4883333333333333,1.0,0.0,0.0,0.0,0.0
32,0.48166666666666624,1.0,0.0,0.0,0.0,0.0
33,0.5099999999999995,1.0,0.0,0.0,0.0,0.0
34,1.0,1.0,0.0,0.0,0.0,0.0
35,1.0,1.0,0.0,0.0,0.0,0.0
36,1.0,1.0,0.0,0.0,0.0,0.0
37,0.9983333333333334,0.99,0.0,0.01,0.0,0.0
38,0.9983333333333334,0.99,0.0,0.01,0.0,0.0
39,0.5149999999999997,0.99,0.0,0.01,0.0,0.0
40,0.553333333333333,0.95,0.0,0.05,0.0,0.0
41,0.4949999999999999,0.91,0.0,0.09,0.0,0.0
42,0.5933333333333329,0.79,0.0,0.21,0.0,0.0
43,0.593333333333333,0.71,0.0,0.29,0.0,0.0
44,0.9149999999999995,0.6,0.0,0.39,0.0,0.01
45,0.925,0.64,0.0,0.36,0.0,0.0
46,0.9316666666666662,0.65,0.0,0.35,0.0,0.0
47,0.948333333333333,0.71,0.0,0.29,0.0,0.0
48,0.9383333333333335,0.69,0.0,0.31,0.0,0.0
49,0.6249999999999997,0.63,0.0,0.37,0.0,0.0
50,0.613333333333333,0.49,0.0,0.51,0.0,0.0
51,0.6949999999999997,0.34,0.0,0.66,0.0,0.0
52,0.7250000000000003,0.29,0.0,0.71,0.0,0.0
53,0.7416666666666667,0.18,0.0,0.82,0.0,0.0
54,0.8066666666666663,0.07,0.0,0.93,0.0,0.0
55,0.823333333333333,0.06,0.0,0.94,0.0,0.0
56,0.8016666666666665,0.06,0.0,0.94,0.0,0.0
57,0.808333333333333,0.07,0.0,0.93,0.0,0.0
58,0.8233333333333333,0.09,0.0,0.91,0.0,0.0
59,0.7433333333333336,0.16,0.0,0.84,0.0,0.0
60,0.776666666666667,0.07,0.0,0.93,0.0,0.0
61,0.7699999999999997,0.04,0.0,0.96,0.0,0.0
62,0.7799999999999996,0.02,0.0,0.98,0.0,0.0
63,0.7816666666666663,0.0,0.0,1.0,0.0,0.0
64,0.7833333333333333,0.0,0.0,1.0,0.0,0.0
65,0.79,0.0,0.0,1.0,0.0,0.0
66,0.7950609708834687,0.0,0.0,1.0,0.0,0.0
67,0.7951219417669378,0.0,0.0,1.0,0.0,0.0
68,0.7851219417669378,0.0,0.0,1.0,0.0,0.0
69,0.793333333333333,0.0,0.0,0.99,0.0,0.01
70,0.7866666666666666,0.0,0.0,0.99,0.0,0.01
71,0.7900000000000003,0.0,0.0,0.98,0.0,0.02
72,0.7866666666666668,0.0,0.0,1.0,0.0,0.0
73,0.7983333333333335,0.0,0.0,1.0,0.0,0.0
74,0.81,0.0,0.0,1.0,0.0,0.0
75,0.8083333333333331,0.0,0.0,1.0,0.0,0.0
76,0.801212160811407,0.0,0.0,0.99,0.0,0.01
77,0.7824243216228147,0.0,0.0,0.98,0.0,0.02
78,0.8057576549561477,0.0,0.0,0.98,0.0,0.02
79,0.7983333333333337,0.0,0.0,0.99,0.0,0.01
80,0.7966666666666665,0.0,0.0,0.98,0.0,0.02
81,0.7966666666666664,0.0,0.0,0.98,0.0,0.02
82,0.793333333333333,0.0,0.0,1.0,0.0,0.0
83,0.7900000000000003,0.0,0.0,1.0,0.0,0.0
84,0.8049999999999998,0.0,0.0,1.0,0.0,0.0
85,0.7899999999999997,0.0,0.0,0.99,0.0,0.01
86,0.8049999999999998,0.0,0.0,1.0,0.0,0.0
87,0.7966666666666665,0.0,0.0,1.0,0.0,0.0
88,0.7800000000000001,0.0,0.0,1.0,0.0,0.0
89,0.78,0.0,0.0,1.0,0.0,0.0
90,0.7949999999999998,0.0,0.0,1.0,0.0,0.0
91,0.796666666666667,0.0,0.0,1.0,0.0,0.0
92,0.7983333333333335,0.0,0.0,1.0,0.0,0.0
93,0.7949999999999997,0.0,0.0,1.0,0.0,0.0
94,0.8066666666666668,0.0,0.0,1.0,0.0,0.0
95,0.7916666666666665,0.0,0.0,1.0,0.0,0.0
96,0.7916666666666664,0.0,0.0,1.0,0.0,0.0
97,0.8099999999999997,0.0,0.0,1.0,0.0,0.0
98,0.8066666666666664,0.0,0.0,1.0,0.0,0.0
99,0.7916666666666665,0.0,0.0,1.0,0.0,0.0
100,0.7950000000000004,0.0,0.0,1.0,0.0,0.0
101,0.7983333333333333,0.0,0.0,1.0,0.0,0.0
102,0.7866666666666668,0.0,0.0,1.0,0.0,0.0
103,0.791666666666667,0.0,0.0,0.99,0.0,0.01
104,0.7783333333333333,0.0,0.0,0.98,0.0,0.02
105,0.8000141687841402,0.0,0.0,0.99,0.0,0.01
106,0.8049999999999998,0.0,0.0,1.0,0.0,0.0
107,0.7833333333333331,0.0,0.0,1.0,0.0,0.0
108,0.8033333333333331,0.0,0.0,0.99,0.0,0.01
109,0.7849999999999997,0.0,0.0,0.97,0.0,0.03
110,0.7733333333333334,0.0,0.0,0.93,0.0,0.07
111,0.7966666666666667,0.0,0.0,0.97,0.0,0.03
112,0.7999999999999997,0.0,0.0,0.96,0.0,0.04
113,0.8033333333333331,0.0,0.0,0.98,0.0,0.02
114,0.8016666666666664,0.0,0.0,0.96,0.0,0.04
115,0.7833333333333333,0.0,0.0,0.97,0.0,0.03
116,0.788333333333333,0.0,0.0,0.97,0.0,0.03
117,0.793333333333333,0.0,0.0,0.97,0.0,0.03
118,0.8049999999999998,0.0,0.0,0.99,0.0,0.01
119,0.7949999999999998,0.0,0.0,0.97,0.0,0.03
120,0.7816666666666666,0.0,0.0,0.98,0.0,0.02
121,0.8116666666666663,0.0,0.0,0.98,0.0,0.02
122,0.781666666666667,0.0,0.0,0.99,0.0,0.01
123,0.7966666666666664,0.0,0.0,0.99,0.0,0.01
124,0.7999999999999997,0.0,0.0,1.0,0.0,0.0
125,0.7949999999999997,0.0,0.0,1.0,0.0,0.0
126,0.7999999999999998,0.0,0.0,1.0,0.0,0.0
127,0.8116666666666664,0.0,0.0,1.0,0.0,0.0
128,0.7949999999999998,0.0,0.0,1.0,0.0,0.0
129,0.781666666666667,0.0,0.0,1.0,0.0,0.0
130,0.7883333333333336,0.0,0.0,1.0,0.0,0.0
131,0.79,0.0,0.0,1.0,0.0,0.0
132,0.795,0.0,0.0,1.0,0.0,0.0
133,0.7916666666666667,0.0,0.0,1.0,0.0,0.0
134,0.7933333333333333,0.0,0.0,1.0,0.0,0.0
135,0.793333333333333,0.0,0.0,1.0,0.0,0.0
136,0.79,0.0,0.0,1.0,0.0,0.0
137,0.7916666666666667,0.0,0.0,1.0,0.0,0.0
138,0.7999999999999998,0.0,0.0,1.0,0.0,0.0
139,0.7850000000000001,0.0,0.0,1.0,0.0,0.0
140,0.7916666666666665,0.0,0.0,1.0,0.0,0.0
141,0.7983333333333335,0.0,0.0,1.0,0.0,0.0
142,0.8,0.0,0.0,1.0,0.0,0.0
143,0.7866666666666666,0.0,0.0,1.0,0.0,0.0
144,0.7816666666666667,0.0,0.0,1.0,0.0,0.0
145,0.7899999999999998,0.0,0.0,1.0,0.0,0.0
146,0.7883333333333331,0.0,0.0,1.0,0.0,0.0
147,0.7866666666666666,0.0,0.0,1.0,0.0,0.0
148,0.8049999999999998,0.0,0.0,1.0,0.0,0.0
149,0.7866666666666672,0.0,0.0,1.0,0.0,0.0
150,0.7866666666666666,0.0,0.0,1.0,0.0,0.0
151,0.7866666666666666,0.0,0.0,1.0,0.0,0.0
152,0.7983333333333331,0.0,0.0,1.0,0.0,0.0
153,0.7933333333333336,0.0,0.0,1.0,0.0,0.0
154,0.7883333333333331,0.0,0.0,1.0,0.0,0.0
155,0.7916666666666665,0.0,0.0,1.0,0.0,0.0
156,0.79,0.0,0.0,1.0,0.0,0.0
157,0.8133333333333331,0.0,0.0,1.0,0.0,0.0
158,0.7966666666666664,0.0,0.0,1.0,0.0,0.0
159,0.7916666666666664,0.0,0.0,1.0,0.0,0.0
160,0.7966666666666667,0.0,0.0,1.0,0.0,0.0
161,0.7983333333333333,0.0,0.0,1.0,0.0,0.0
162,0.806666666666667,0.0,0.0,1.0,0.0,0.0
163,0.7816666666666668,0.0,0.0,1.0,0.0,0.0
164,0.8016666666666665,0.0,0.0,1.0,0.0,0.0
165,0.7999999999999997,0.0,0.0,1.0,0.0,0.0
166,0.7966666666666664,0.0,0.0,1.0,0.0,0.0
167,0.7966666666666667,0.0,0.0,1.0,0.0,0.0
168,0.8166666666666664,0.0,0.0,1.0,0.0,0.0
169,0.7933333333333331,0.0,0.0,1.0,0.0,0.0
170,0.7899999999999997,0.0,0.0,1.0,0.0,0.0
171,0.7933333333333334,0.0,0.0,1.0,0.0,0.0
172,0.7866666666666667,0.0,0.0,1.0,0.0,0.0
173,0.7811886476277698,0.0,0.0,1.0,0.0,0.0
174,0.7883333333333334,0.0,0.0,1.0,0.0,0.0
175,0.7783333333333333,0.0,0.0,1.0,0.0,0.0
176,0.8016666666666664,0.0,0.0,1.0,0.0,0.0
177,0.7683333333333334,0.0,0.0,1.0,0.0,0.0
178,0.7949999999999998,0.0,0.0,1.0,0.0,0.0
179,0.7783333333333333,0.0,0.0,1.0,0.0,0.0
180,0.7849999999999997,0.0,0.0,1.0,0.0,0.0
181,0.7866666666666666,0.0,0.0,1.0,0.0,0.0
182,0.8287703837387335,0.0,0.0,1.0,0.0,0.0
183,0.792103717072067,0.0,0.0,1.0,0.0,0.0
184,0.7883333333333333,0.0,0.0,1.0,0.0,0.0
185,0.8004507307608582,0.0,0.0,1.0,0.0,0.0
186,0.8042347948550499,0.0,0.0,1.0,0.0,0.0
187,0.8068029230434332,0.0,0.0,1.0,0.0,0.0
188,0.7968029230434334,0.0,0.0,1.0,0.0,0.0
189,0.7883333333333331,0.0,0.0,1.0,0.0,0.0
190,0.7933333333333333,0.0,0.0,0.99,0.0,0.01
191,0.796666666666667,0.0,0.0,0.98,0.0,0.02
192,0.7814553157555774,0.0,0.0,0.98,0.0,0.02
193,0.8164553157555773,0.0,0.0,0.97,0.0,0.03
194,0.8016666666666664,0.0,0.0,0.96,0.0,0.04
195,0.7816666666666667,0.0,0.0,0.95,0.0,0.05
196,0.7966666666666664,0.0,0.0,0.97,0.0,0.03
197,0.813333333333333,0.0,0.0,1.0,0.0,0.0
198,0.8066666666666665,0.0,0.0,1.0,0.0,0.0
199,0.8100000000000003,0.0,0.0,1.0,0.0,0.0
200,0.8016666666666665,0.0,0.0,1.0,0.0,0.0
201,0.7983333333333331,0.0,0.0,1.0,0.0,0.0
202,0.8033333333333335,0.0,0.0,1.0,0.0,0.0
203,0.8016666666666663,0.0,0.0,1.0,0.0,0.0
204,0.7816666666666666,0.0,0.0,1.0,0.0,0.0
205,0.7916666666666665,0.0,0.0,1.0,0.0,0.0
206,0.808333333333333,0.0,0.0,1.0,0.0,0.0
207,0.7916666666666665,0.0,0.0,1.0,0.0,0.0
208,0.8016666666666665,0.0,0.0,1.0,0.0,0.0
209,0.7916666666666667,0.0,0.0,1.0,0.0,0.0
210,0.7999999999999996,0.0,0.0,1.0,0.0,0.0
211,0.7866666666666664,0.0,0.0,1.0,0.0,0.0
212,0.8016666666666665,0.0,0.0,1.0,0.0,0.0
213,0.785,0.0,0.0,1.0,0.0,0.0
214,0.7783333333333331,0.0,0.0,1.0,0.0,0.0
215,0.7966666666666664,0.0,0.0,1.0,0.0,0.0
216,0.7983333333333331,0.0,0.0,1.0,0.0,0.0
217,0.7916666666666664,0.0,0.0,1.0,0.0,0.0
218,0.7883333333333333,0.0,0.0,1.0,0.0,0.0
219,0.7983333333333335,0.0,0.0,1.0,0.0,0.0
220,0.7966666666666673,0.0,0.0,1.0,0.0,0.0
221,0.7816666666666667,0.01,0.0,0.99,0.0,0.0
222,0.7969911769943094,0.01,0.0,0.99,0.0,0.0
223,0.8083333333333332,0.0,0.0,1.0,0.0,0.0
224,0.7949999999999998,0.0,0.0,1.0,0.0,0.0
225,0.7966666666666664,0.0,0.0,1.0,0.0,0.0
226,0.7899999999999998,0.0,0.0,1.0,0.0,0.0
227,0.7833333333333333,0.0,0.0,1.0,0.0,0.0
228,0.8099999999999997,0.0,0.0,1.0,0.0,0.0
229,0.7816666666666662,0.0,0.0,1.0,0.0,0.0
230,0.7999999999999998,0.0,0.0,1.0,0.0,0.0
231,0.8116666666666665,0.0,0.0,1.0,0.0,0.0
232,0.7866666666666667,0.0,0.0,1.0,0.0,0.0
233,0.8049999999999996,0.0,0.0,1.0,0.0,0.0
234,0.8016666666666664,0.0,0.0,1.0,0.0,0.0
235,0.8099999999999998,0.0,0.0,1.0,0.0,0.0
236,0.808333333333333,0.0,0.0,1.0,0.0,0.0
237,0.8016666666666664,0.0,0.0,1.0,0.0,0.0
238,0.7883333333333333,0.0,0.0,1.0,0.0,0.0
239,0.7783333333333334,0.0,0.0,1.0,0.0,0.0
240,0.7766666666666667,0.0,0.0,1.0,0.0,0.0
241,0.7866666666666667,0.0,0.0,1.0,0.0,0.0
242,0.8,0.0,0.0,1.0,0.0,0.0
243,0.7950000000000002,0.0,0.0,1.0,0.0,0.0
244,0.7766666666666667,0.0,0.0,1.0,0.0,0.0
245,0.8016666666666664,0.0,0.0,1.0,0.0,0.0
246,0.8049999999999998,0.0,0.0,1.0,0.0,0.0
247,0.8099999999999996,0.0,0.0,1.0,0.0,0.0
248,0.785,0.0,0.0,1.0,0.0,0.0
249,0.7949999999999997,0.0,0.0,1.0,0.0,0.0
250,0.8049999999999998,0.0,0.0,1.0,0.0,0.0
251,0.7966666666666664,0.0,0.0,1.0,0.0,0.0
252,0.7833333333333339,0.0,0.0,1.0,0.0,0.0
253,0.7983333333333336,0.0,0.0,1.0,0.0,0.0
254,0.8033333333333331,0.0,0.0,1.0,0.0,0.0
255,0.7983333333333331,0.0,0.0,1.0,0.0,0.0
256,0.7933333333333331,0.0,0.0,1.0,0.0,0.0
257,0.8016666666666664,0.0,0.0,1.0,0.0,0.0
258,0.7916666666666664,0.0,0.0,1.0,0.0,0.0
259,0.79,0.0,0.0,1.0,0.0,0.0
260,0.7816666666666664,0.0,0.0,1.0,0.0,0.0
261,0.8233333333333328,0.0,0.0,1.0,0.0,0.0
262,0.788333333333333,0.0,0.0,1.0,0.0,0.0
263,0.7890260211333926,0.0,0.0,1.0,0.0,0.0
264,0.7933333333333333,0.0,0.0,1.0,0.0,0.0
265,0.8166666666666664,0.0,0.0,1.0,0.0,0.0
266,0.7999999999999997,0.0,0.0,1.0,0.0,0.0
267,0.8033333333333331,0.0,0.0,1.0,0.0,0.0
268,0.793333333333333,0.0,0.0,1.0,0.0,0.0
269,0.7850000000000005,0.0,0.0,1.0,0.0,0.0
270,0.78,0.0,0.0,1.0,0.0,0.0
271,0.7970887990556857,0.0,0.0,0.99,0.0,0.01
272,0.8109606968761861,0.0,0.0,0.99,0.0,0.01
273,0.7716666666666666,0.0,0.0,1.0,0.0,0.0
274,0.7949999999999997,0.0,0.0,1.0,0.0,0.0
275,0.7966666666666665,0.0,0.0,1.0,0.0,0.0
276,0.7816666666666666,0.0,0.0,1.0,0.0,0.0
277,0.7966666666666664,0.0,0.0,1.0,0.0,0.0
278,0.7816666666666664,0.0,0.0,1.0,0.0,0.0
279,0.815,0.0,0.0,1.0,0.0,0.0
280,0.7766666666666664,0.0,0.0,1.0,0.0,0.0
281,0.7850000000000001,0.0,0.0,1.0,0.0,0.0
282,0.7950000000000006,0.0,0.0,1.0,0.0,0.0
283,0.8083333333333329,0.0,0.0,0.99,0.0,0.01
284,0.7966666666666664,0.0,0.0,0.98,0.0,0.02
285,0.813333333333333,0.0,0.0,0.98,0.0,0.02
286,0.8033333333333331,0.0,0.0,0.97,0.0,0.03
287,0.7916666666666665,0.0,0.0,0.94,0.0,0.06
288,0.7999999999999998,0.0,0.0,0.97,0.0,0.03
289,0.7850000000000001,0.0,0.0,0.97,0.0,0.03
290,0.7966666666666665,0.0,0.0,0.96,0.0,0.04
291,0.7766666666666668,0.0,0.0,0.95,0.0,0.05
292,0.7866666666666667,0.0,0.0,0.97,0.0,0.03
293,0.7899999999999998,0.0,0.0,0.97,0.0,0.03
294,0.7916666666666665,0.0,0.0,0.98,0.0,0.02
295,0.7983333333333331,0.0,0.0,0.99,0.0,0.01
296,0.7949999999999998,0.0,0.0,0.98,0.0,0.02
297,0.7983333333333331,0.0,0.0,1.0,0.0,0.0
298,0.7916666666666665,0.0,0.0,1.0,0.0,0.0
299,0.801666666666667,0.0,0.0,1.0,0.0,0.0
300,0.7883333333333334,0.0,0.0,1.0,0.0,0.0
301,0.7983333333333333,0.0,0.0,1.0,0.0,0.0
302,0.7933333333333336,0.0,0.0,1.0,0.0,0.0
303,0.7866666666666667,0.0,0.0,1.0,0.0,0.0
304,0.7966666666666665,0.0,0.0,1.0,0.0,0.0
305,0.7916666666666667,0.0,0.0,1.0,0.0,0.0
306,0.755,0.0,0.0,1.0,0.0,0.0
307,0.785,0.0,0.0,1.0,0.0,0.0
308,0.7916666666666669,0.0,0.0,1.0,0.0,0.0
309,0.7766666666666667,0.0,0.0,1.0,0.0,0.0
310,0.7683333333333331,0.0,0.0,1.0,0.0,0.0
311,0.7854838613221289,0.0,0.0,1.0,0.0,0.0
312,0.7838171946554623,0.0,0.0,1.0,0.0,0.0
313,0.7943010559775919,0.0,0.0,1.0,0.0,0.0
314,0.7833333333333333,0.0,0.0,1.0,0.0,0.0
315,0.7816666666666664,0.0,0.0,1.0,0.0,0.0
316,0.8,0.0,0.0,1.0,0.0,0.0
317,0.8149999999999997,0.0,0.0,1.0,0.0,0.0
318,0.7933333333333333,0.0,0.0,1.0,0.0,0.0
319,0.79,0.0,0.0,1.0,0.0,0.0
320,0.7999999999999994,0.0,0.0,1.0,0.0,0.0
321,0.786666666666666,0.0,0.0,1.0,0.0,0.0
322,0.7983333333333329,0.0,0.0,1.0,0.0,0.0
323,0.805,0.0,0.0,1.0,0.0,0.0
324,0.8116666666666665,0.0,0.0,1.0,0.0,0.0
325,0.7833333333333333,0.0,0.0,1.0,0.0,0.0
326,0.8049999999999998,0.0,0.0,1.0,0.0,0.0
327,0.8116666666666664,0.0,0.0,1.0,0.0,0.0
328,0.7816666666666667,0.0,0.0,1.0,0.0,0.0
329,0.8016666666666672,0.0,0.0,1.0,0.0,0.0
330,0.7633333333333332,0.0,0.0,1.0,0.0,0.0
331,0.8133333333333336,0.0,0.0,1.0,0.0,0.0
332,0.7949999999999998,0.0,0.0,1.0,0.0,0.0
333,0.7883333333333333,0.0,0.0,1.0,0.0,0.0
334,0.8116666666666664,0.0,0.0,0.99,0.0,0.01
335,0.785,0.0,0.0,0.99,0.0,0.01
336,0.7750000000000001,0.0,0.0,0.98,0.0,0.02
337,0.8233333333333331,0.0,0.0,0.98,0.0,0.02
338,0.8016666666666664,0.0,0.0,0.98,0.0,0.02
339,0.7933333333333333,0.0,0.0,0.96,0.0,0.04
340,0.7916666666666667,0.0,0.0,0.96,0.0,0.04
341,0.7949999999999998,0.0,0.0,0.96,0.0,0.04
342,0.7933333333333329,0.0,0.0,0.94,0.0,0.06
343,0.7916666666666667,0.0,0.0,0.94,0.0,0.06
344,0.7866666666666666,0.0,0.0,0.92,0.0,0.08
345,0.7799999999999998,0.0,0.0,0.93,0.0,0.07
346,0.787214309433427,0.0,0.0,0.9,0.0,0.1
347,0.7922029222956781,0.0,0.0,0.91,0.01,0.08
348,0.7855362556290117,0.0,0.0,0.93,0.01,0.06
349,0.7933333333333336,0.0,0.0,0.94,0.04,0.02
350,0.7900000000000001,0.0,0.0,0.95,0.01,0.04
351,0.7883333333333333,0.0,0.0,0.96,0.0,0.04
352,0.795,0.0,0.0,0.99,0.0,0.01
353,0.7899999999999998,0.0,0.0,0.97,0.0,0.03
354,0.7933333333333333,0.0,0.0,0.96,0.0,0.04
355,0.795,0.0,0.0,0.97,0.0,0.03
356,0.8049999999999997,0.0,0.0,0.96,0.0,0.04
357,0.8016666666666665,0.0,0.0,0.97,0.0,0.03
358,0.7933333333333331,0.0,0.0,0.98,0.0,0.02
359,0.7783333333333333,0.0,0.0,0.97,0.0,0.03
360,0.81,0.0,0.0,0.98,0.0,0.02
361,0.7883333333333331,0.0,0.0,0.99,0.0,0.01
362,0.7883333333333329,0.0,0.0,0.99,0.0,0.01
363,0.7816666666666666,0.0,0.0,1.0,0.0,0.0
364,0.8049999999999997,0.0,0.0,1.0,0.0,0.0
365,0.7983333333333333,0.0,0.0,1.0,0.0,0.0
366,0.7949999999999998,0.0,0.0,1.0,0.0,0.0
367,0.8166666666666665,0.0,0.0,1.0,0.0,0.0
368,0.7883333333333333,0.0,0.0,1.0,0.0,0.0
369,0.8116666666666664,0.0,0.0,1.0,0.0,0.0
370,0.8000000000000002,0.0,0.0,1.0,0.0,0.0
371,0.7916666666666665,0.0,0.0,1.0,0.0,0.0
372,0.803333333333333,0.0,0.0,1.0,0.0,0.0
373,0.7983333333333337,0.0,0.0,1.0,0.0,0.0
374,0.798333333333333,0.0,0.0,1.0,0.0,0.0
375,0.7783333333333333,0.0,0.0,1.0,0.0,0.0
376,0.8099999999999998,0.0,0.0,1.0,0.0,0.0
377,0.7916666666666665,0.0,0.0,1.0,0.0,0.0
378,0.7799999999999997,0.0,0.0,1.0,0.0,0.0
379,0.7983333333333331,0.0,0.0,1.0,0.0,0.0
380,0.7916666666666664,0.0,0.0,1.0,0.0,0.0
381,0.7733333333333334,0.0,0.0,1.0,0.0,0.0
382,0.8000000000000002,0.0,0.0,1.0,0.0,0.0
383,0.7983333333333333,0.0,0.0,1.0,0.0,0.0
384,0.7916666666666665,0.0,0.0,1.0,0.0,0.0
385,0.7916666666666664,0.0,0.0,0.99,0.0,0.01
386,0.813333333333333,0.0,0.0,0.99,0.0,0.01
387,0.7849999999999998,0.0,0.0,1.0,0.0,0.0
388,0.7966666666666665,0.0,0.0,1.0,0.0,0.0
389,0.7999999999999996,0.0,0.0,1.0,0.0,0.0
390,0.7983333333333333,0.0,0.0,1.0,0.0,0.0
391,0.7966666666666662,0.0,0.0,1.0,0.0,0.0
392,0.795,0.0,0.0,1.0,0.0,0.0
393,0.7866666666666667,0.0,0.0,1.0,0.0,0.0
394,0.7949999999999997,0.0,0.0,1.0,0.0,0.0
395,0.8149999999999997,0.0,0.0,1.0,0.0,0.0
396,0.7983333333333331,0.0,0.0,1.0,0.0,0.0
397,0.7966666666666664,0.0,0.0,0.99,0.0,0.01
398,0.7833333333333331,0.0,0.0,0.98,0.0,0.02
399,0.8033333333333335,0.0,0.0,0.95,0.0,0.05
400,0.7966666666666665,0.0,0.0,0.97,0.0,0.03
401,0.7983333333333333,0.0,0.0,0.97,0.0,0.03
402,0.7966666666666667,0.0,0.0,0.99,0.0,0.01
403,0.8016666666666663,0.0,0.0,1.0,0.0,0.0
404,0.7966666666666664,0.0,0.0,0.99,0.0,0.01
405,0.7916666666666667,0.0,0.0,1.0,0.0,0.0
406,0.7866666666666666,0.0,0.0,1.0,0.0,0.0
407,0.79,0.0,0.0,1.0,0.0,0.0
408,0.7916666666666665,0.0,0.0,1.0,0.0,0.0
409,0.785,0.0,0.0,1.0,0.0,0.0
410,0.8149999999999996,0.0,0.0,1.0,0.0,0.0
411,0.7816666666666663,0.0,0.0,1.0,0.0,0.0
412,0.7866666666666666,0.0,0.0,1.0,0.0,0.0
413,0.8114250026003311,0.0,0.0,0.99,0.0,0.01
414,0.7966666666666665,0.0,0.0,0.99,0.0,0.01
415,0.7916666666666665,0.0,0.0,0.98,0.0,0.02
416,0.7966666666666664,0.0,0.0,0.98,0.0,0.02
417,0.7816666666666666,0.0,0.0,0.97,0.0,0.03
418,0.7999999999999998,0.0,0.0,0.97,0.0,0.03
419,0.7933333333333337,0.0,0.0,0.98,0.0,0.02
420,0.7883333333333333,0.0,0.0,0.99,0.0,0.01
421,0.7900000000000003,0.0,0.0,0.99,0.0,0.01
422,0.7933333333333331,0.0,0.0,1.0,0.0,0.0
423,0.783333333333333,0.0,0.0,1.0,0.0,0.0
424,0.7833333333333331,0.0,0.0,1.0,0.0,0.0
425,0.775,0.0,0.0,1.0,0.0,0.0
426,0.7983333333333331,0.0,0.0,1.0,0.0,0.0
427,0.7983333333333329,0.0,0.0,1.0,0.0,0.0
428,0.8116666666666664,0.0,0.0,1.0,0.0,0.0
429,0.795,0.0,0.0,1.0,0.0,0.0
430,0.7940541793949469,0.01,0.0,0.99,0.0,0.0
431,0.7783333333333333,0.0,0.0,1.0,0.0,0.0
432,0.8050000000000003,0.0,0.0,1.0,0.0,0.0
433,0.7766666666666667,0.0,0.0,1.0,0.0,0.0
434,0.7816666666666668,0.0,0.0,1.0,0.0,0.0
435,0.7983333333333331,0.0,0.0,1.0,0.0,0.0
436,0.8033333333333331,0.0,0.0,1.0,0.0,0.0
437,0.7916666666666665,0.0,0.0,1.0,0.0,0.0
438,0.7983333333333331,0.0,0.0,1.0,0.0,0.0
439,0.7983333333333336,0.0,0.0,1.0,0.0,0.0
440,0.7799999999999997,0.0,0.0,1.0,0.0,0.0
441,0.7883333333333334,0.0,0.0,1.0,0.0,0.0
442,0.7866666666666663,0.0,0.0,1.0,0.0,0.0
443,0.7816666666666667,0.0,0.0,1.0,0.0,0.0
444,0.7916666666666664,0.0,0.0,1.0,0.0,0.0
445,0.803333333333333,0.0,0.0,1.0,0.0,0.0
446,0.8016666666666663,0.0,0.0,1.0,0.0,0.0
447,0.7966666666666665,0.0,0.0,1.0,0.0,0.0
448,0.7866666666666667,0.0,0.0,1.0,0.0,0.0
449,0.8050000000000003,0.0,0.0,1.0,0.0,0.0
450,0.813333333333333,0.0,0.0,1.0,0.0,0.0
451,0.7966666666666669,0.0,0.0,1.0,0.0,0.0
452,0.8000000000000002,0.0,0.0,1.0,0.0,0.0
453,0.7917394306567327,0.0,0.0,1.0,0.0,0.0
454,0.7766666666666666,0.0,0.0,1.0,0.0,0.0
455,0.793333333333333,0.0,0.0,1.0,0.0,0.0
456,0.8066666666666664,0.0,0.0,1.0,0.0,0.0
457,0.7966666666666664,0.0,0.0,0.99,0.0,0.01
458,0.7999999999999997,0.0,0.0,1.0,0.0,0.0
459,0.7899999999999997,0.0,0.0,1.0,0.0,0.0
460,0.7966666666666665,0.0,0.0,1.0,0.0,0.0
461,0.7999999999999997,0.0,0.0,1.0,0.0,0.0
462,0.7850000000000001,0.0,0.0,1.0,0.0,0.0
463,0.7950000000000003,0.0,0.0,1.0,0.0,0.0
464,0.8016666666666665,0.01,0.0,0.99,0.0,0.0
465,0.8083333333333331,0.02,0.0,0.98,0.0,0.0
466,0.795,0.05,0.0,0.95,0.0,0.0
467,0.798333333333333,0.08,0.0,0.92,0.0,0.0
468,0.8199999999999996,0.06,0.0,0.94,0.0,0.0
469,0.8033333333333331,0.01,0.0,0.99,0.0,0.0
470,0.785,0.01,0.0,0.99,0.0,0.0
471,0.7816666666666666,0.0,0.0,1.0,0.0,0.0
472,0.8049999999999997,0.0,0.0,1.0,0.0,0.0
473,0.8033333333333335,0.01,0.0,0.99,0.0,0.0
474,0.7933333333333331,0.0,0.0,1.0,0.0,0.0
475,0.7833333333333331,0.0,0.0,1.0,0.0,0.0
476,0.8033333333333332,0.0,0.0,1.0,0.0,0.0
477,0.7833333333333333,0.0,0.0,1.0,0.0,0.0
478,0.813333333333333,0.0,0.0,1.0,0.0,0.0
479,0.7816666666666667,0.0,0.0,1.0,0.0,0.0
480,0.8166666666666671,0.0,0.0,1.0,0.0,0.0
481,0.7816666666666667,0.0,0.0,1.0,0.0,0.0
482,0.8033333333333332,0.0,0.0,1.0,0.0,0.0
483,0.7999999999999998,0.0,0.0,1.0,0.0,0.0
484,0.7966666666666665,0.0,0.0,1.0,0.0,0.0
485,0.7999999999999998,0.0,0.0,1.0,0.0,0.0
486,0.7983333333333336,0.0,0.0,1.0,0.0,0.0
487,0.7966666666666663,0.0,0.0,1.0,0.0,0.0
488,0.7983333333333333,0.0,0.0,1.0,0.0,0.0
489,0.8066666666666668,0.0,0.0,1.0,0.0,0.0
490,0.7966666666666662,0.0,0.0,1.0,0.0,0.0
491,0.7933333333333329,0.0,0.0,1.0,0.0,0.0
492,0.7749999999999999,0.0,0.0,1.0,0.0,0.0
493,0.8049999999999998,0.0,0.0,1.0,0.0,0.0
494,0.8066666666666664,0.0,0.0,1.0,0.0,0.0
495,0.8116666666666664,0.0,0.0,1.0,0.0,0.0
496,0.8033333333333332,0.0,0.0,1.0,0.0,0.0
497,0.8083333333333331,0.0,0.0,1.0,0.0,0.0
498,0.8149999999999997,0.0,0.0,1.0,0.0,0.0
499,0.79,0.0,0.0,1.0,0.0,0.0
500,0.7766666666666664,0.0,0.0,1.0,0.0,0.0
501,0.8066666666666664,0.0,0.0,1.0,0.0,0.0
502,0.8066666666666664,0.0,0.0,1.0,0.0,0.0
503,0.8116666666666664,0.0,0.0,1.0,0.0,0.0
504,0.813333333333333,0.0,0.0,1.0,0.0,0.0
505,0.7933333333333331,0.0,0.0,1.0,0.0,0.0
506,0.8049999999999998,0.0,0.0,1.0,0.0,0.0
507,0.8033333333333331,0.0,0.0,1.0,0.0,0.0
508,0.8016666666666663,0.0,0.0,1.0,0.0,0.0
509,0.791666666666667,0.0,0.0,1.0,0.0,0.0
510,0.7900000000000001,0.0,0.0,1.0,0.0,0.0
511,0.7766666666666664,0.0,0.0,1.0,0.0,0.0
512,0.7933333333333334,0.0,0.0,1.0,0.0,0.0
513,0.7883333333333337,0.0,0.0,1.0,0.0,0.0
514,0.8099999999999998,0.0,0.0,1.0,0.0,0.0
515,0.7983333333333335,0.0,0.0,0.99,0.0,0.01
516,0.7966666666666663,0.0,0.0,1.0,0.0,0.0
517,0.7999999999999998,0.0,0.0,1.0,0.0,0.0
518,0.8110787430082402,0.0,0.0,1.0,0.0,0.0
519,0.7866666666666666,0.0,0.0,1.0,0.0,0.0
520,0.776666666666666,0.0,0.0,1.0,0.0,0.0
521,0.7933333333333334,0.0,0.0,1.0,0.0,0.0
522,0.7766666666666664,0.0,0.0,1.0,0.0,0.0
523,0.798333333333333,0.0,0.0,1.0,0.0,0.0
524,0.808333333333333,0.0,0.0,1.0,0.0,0.0
525,0.7916666666666665,0.0,0.0,1.0,0.0,0.0
526,0.7816666666666666,0.0,0.0,1.0,0.0,0.0
527,0.7933333333333331,0.0,0.0,1.0,0.0,0.0
528,0.7966666666666665,0.0,0.0,1.0,0.0,0.0
529,0.7900000000000003,0.0,0.0,1.0,0.0,0.0
530,0.771666666666667,0.0,0.0,1.0,0.0,0.0
531,0.7916666666666667,0.0,0.0,1.0,0.0,0.0
532,0.8050000000000002,0.0,0.0,1.0,0.0,0.0
533,0.7783333333333335,0.0,0.0,1.0,0.0,0.0
534,0.755,0.0,0.0,1.0,0.0,0.0
535,0.8,0.0,0.0,1.0,0.0,0.0
536,0.7916666666666665,0.0,0.0,1.0,0.0,0.0
537,0.7933333333333331,0.0,0.0,1.0,0.0,0.0
538,0.813333333333333,0.0,0.0,1.0,0.0,0.0
539,0.8033333333333335,0.0,0.0,1.0,0.0,0.0
540,0.7916666666666669,0.0,0.0,1.0,0.0,0.0
541,0.798333333333333,0.0,0.0,1.0,0.0,0.0
542,0.811666666666667,0.0,0.0,1.0,0.0,0.0
543,0.785,0.0,0.0,1.0,0.0,0.0
544,0.7999999999999996,0.0,0.0,1.0,0.0,0.0
545,0.8016666666666665,0.0,0.0,1.0,0.0,0.0
546,0.8049999999999998,0.0,0.0,1.0,0.0,0.0
547,0.8049999999999998,0.0,0.0,1.0,0.0,0.0
548,0.8016666666666663,0.0,0.0,1.0,0.0,0.0
549,0.81,0.0,0.0,1.0,0.0,0.0
550,0.7933333333333333,0.0,0.0,1.0,0.0,0.0
551,0.7816666666666666,0.0,0.0,1.0,0.0,0.0
552,0.7933333333333331,0.0,0.0,1.0,0.0,0.0
553,0.7883333333333334,0.0,0.0,1.0,0.0,0.0
554,0.8016666666666665,0.0,0.0,1.0,0.0,0.0
555,0.7999999999999997,0.0,0.0,1.0,0.0,0.0
556,0.7833333333333333,0.0,0.0,1.0,0.0,0.0
557,0.7883333333333334,0.0,0.0,1.0,0.0,0.0
558,0.7999999999999998,0.0,0.0,1.0,0.0,0.0
559,0.7783333333333333,0.0,0.0,1.0,0.0,0.0
560,0.8083333333333331,0.0,0.0,1.0,0.0,0.0
561,0.805,0.0,0.0,1.0,0.0,0.0
562,0.7966666666666665,0.0,0.0,1.0,0.0,0.0
563,0.7966666666666672,0.0,0.0,1.0,0.0,0.0
564,0.7999999999999998,0.0,0.0,1.0,0.0,0.0
565,0.795,0.0,0.0,1.0,0.0,0.0
566,0.8016666666666664,0.0,0.0,1.0,0.0,0.0
567,0.7966666666666665,0.0,0.0,1.0,0.0,0.0
568,0.7966666666666665,0.0,0.0,1.0,0.0,0.0
569,0.7983333333333333,0.0,0.0,0.99,0.0,0.01
570,0.8100000000000002,0.0,0.0,0.96,0.0,0.04
571,0.8099999999999997,0.0,0.0,0.97,0.0,0.03
572,0.7866666666666663,0.0,0.0,0.98,0.0,0.02
573,0.7966666666666667,0.0,0.0,0.98,0.0,0.02
574,0.7933333333333331,0.0,0.0,0.97,0.0,0.03
575,0.775,0.0,0.0,0.97,0.0,0.03
576,0.7916666666666664,0.0,0.0,0.95,0.0,0.05
577,0.8016666666666664,0.0,0.0,0.93,0.0,0.07
578,0.8016666666666665,0.0,0.0,0.93,0.0,0.07
579,0.7949999999999998,0.0,0.0,0.95,0.0,0.05
580,0.7833333333333333,0.0,0.0,0.94,0.0,0.06
581,0.8144953471189764,0.0,0.0,0.95,0.0,0.05
582,0.8061620137856426,0.0,0.0,0.96,0.0,0.04
583,0.8023240275712854,0.0,0.0,0.97,0.0,0.03
584,0.8016666666666663,0.0,0.0,0.95,0.0,0.05
585,0.7833333333333333,0.0,0.0,0.95,0.0,0.05
586,0.7949999999999998,0.0,0.0,0.96,0.0,0.04
587,0.7949999999999997,0.0,0.0,0.97,0.0,0.03
588,0.7933333333333331,0.0,0.0,0.98,0.0,0.02
589,0.7933333333333333,0.0,0.0,0.98,0.0,0.02
590,0.7966666666666664,0.0,0.0,0.98,0.0,0.02
591,0.7933333333333331,0.0,0.0,1.0,0.0,0.0
592,0.8004662536229508,0.0,0.0,1.0,0.0,0.0
593,0.7999999999999996,0.0,0.0,1.0,0.0,0.0
594,0.7949999999999997,0.0,0.0,1.0,0.0,0.0
595,0.7833333333333331,0.0,0.0,1.0,0.0,0.0
596,0.803333333333333,0.0,0.0,1.0,0.0,0.0
597,0.7866666666666667,0.0,0.0,1.0,0.0,0.0
598,0.7916666666666669,0.0,0.0,1.0,0.0,0.0
599,0.7966666666666664,0.0,0.0,1.0,0.0,0.0
600,0.7899999999999998,0.0,0.0,1.0,0.0,0.0
601,0.7949999999999997,0.0,0.0,1.0,0.0,0.0
602,0.7966666666666667,0.0,0.0,1.0,0.0,0.0
603,0.8016666666666672,0.0,0.0,1.0,0.0,0.0
604,0.7866666666666667,0.0,0.0,1.0,0.0,0.0
605,0.7883333333333333,0.0,0.0,1.0,0.0,0.0
606,0.7933333333333331,0.0,0.0,1.0,0.0,0.0
607,0.7999999999999997,0.0,0.0,1.0,0.0,0.0
608,0.798333333333333,0.0,0.0,1.0,0.0,0.0
609,0.7799999999999996,0.0,0.0,1.0,0.0,0.0
610,0.7833333333333329,0.0,0.0,1.0,0.0,0.0
611,0.7966666666666667,0.0,0.0,1.0,0.0,0.0
612,0.805,0.0,0.0,1.0,0.0,0.0
613,0.7883333333333334,0.0,0.0,1.0,0.0,0.0
614,0.8099999999999998,0.0,0.0,1.0,0.0,0.0
615,0.8066666666666665,0.0,0.0,1.0,0.0,0.0
616,0.803333333333333,0.0,0.0,1.0,0.0,0.0
617,0.8066666666666664,0.0,0.0,1.0,0.0,0.0
618,0.7916666666666665,0.0,0.0,1.0,0.0,0.0
619,0.7866666666666664,0.0,0.0,1.0,0.0,0.0
620,0.7833333333333335,0.0,0.0,1.0,0.0,0.0
621,0.7916666666666669,0.0,0.0,1.0,0.0,0.0
622,0.7949999999999998,0.0,0.0,1.0,0.0,0.0
623,0.7950000000000004,0.0,0.0,1.0,0.0,0.0
624,0.7916666666666665,0.0,0.0,1.0,0.0,0.0
625,0.818333333333333,0.0,0.0,1.0,0.0,0.0
626,0.7983333333333331,0.0,0.0,1.0,0.0,0.0
627,0.795,0.0,0.0,1.0,0.0,0.0
628,0.818333333333333,0.0,0.0,1.0,0.0,0.0
629,0.7833333333333337,0.0,0.0,1.0,0.0,0.0
630,0.7883333333333331,0.0,0.0,1.0,0.0,0.0
631,0.7950000000000002,0.0,0.0,0.99,0.0,0.01
632,0.7783333333333333,0.0,0.0,0.98,0.0,0.02
633,0.8050000000000002,0.0,0.0,0.98,0.0,0.02
634,0.7833333333333333,0.0,0.0,0.99,0.0,0.01
635,0.803333333333333,0.0,0.0,1.0,0.0,0.0
636,0.7949999999999998,0.0,0.0,1.0,0.0,0.0
637,0.7666666666666667,0.0,0.0,1.0,0.0,0.0
638,0.8033333333333332,0.0,0.0,1.0,0.0,0.0
639,0.7966666666666659,0.0,0.0,1.0,0.0,0.0
640,0.7850000000000003,0.0,0.0,1.0,0.0,0.0
641,0.7816666666666668,0.0,0.0,1.0,0.0,0.0
642,0.805,0.0,0.0,1.0,0.0,0.0
643,0.8049999999999993,0.0,0.0,1.0,0.0,0.0
644,0.7816666666666664,0.0,0.0,1.0,0.0,0.0
645,0.798333333333333,0.0,0.0,1.0,0.0,0.0
646,0.8083333333333331,0.0,0.0,1.0,0.0,0.0
647,0.8148091974124632,0.0,0.0,1.0,0.0,0.0
648,0.8083333333333331,0.0,0.0,1.0,0.0,0.0
649,0.7933333333333334,0.0,0.0,1.0,0.0,0.0
650,0.794801473679852,0.0,0.0,1.0,0.0,0.0
651,0.7898014736798514,0.0,0.0,1.0,0.0,0.0
652,0.8146029473597038,0.0,0.0,1.0,0.0,0.0
653,0.8000000000000002,0.0,0.0,1.0,0.0,0.0
654,0.8099999999999997,0.0,0.0,1.0,0.0,0.0
655,0.8049999999999998,0.0,0.0,1.0,0.0,0.0
656,0.7983333333333333,0.0,0.0,1.0,0.0,0.0
657,0.8016666666666663,0.0,0.0,1.0,0.0,0.0
658,0.813333333333333,0.0,0.0,1.0,0.0,0.0
659,0.8049999999999998,0.0,0.0,1.0,0.0,0.0
660,0.7899999999999996,0.0,0.0,1.0,0.0,0.0
661,0.8100000000000002,0.0,0.0,1.0,0.0,0.0
662,0.7916666666666667,0.0,0.0,1.0,0.0,0.0
663,0.7833333333333334,0.0,0.0,1.0,0.0,0.0
664,0.7816666666666666,0.0,0.0,1.0,0.0,0.0
665,0.8033333333333331,0.0,0.0,1.0,0.0,0.0
666,0.7899999999999998,0.0,0.0,1.0,0.0,0.0
667,0.795,0.0,0.0,1.0,0.0,0.0
668,0.7899999999999998,0.0,0.0,1.0,0.0,0.0
669,0.7949999999999998,0.0,0.0,1.0,0.0,0.0
670,0.7916666666666667,0.0,0.0,1.0,0.0,0.0
671,0.8016666666666665,0.0,0.0,1.0,0.0,0.0
672,0.7766666666666667,0.0,0.0,1.0,0.0,0.0
673,0.8033333333333331,0.0,0.0,1.0,0.0,0.0
674,0.7883333333333333,0.0,0.0,1.0,0.0,0.0
675,0.8149999999999997,0.0,0.0,1.0,0.0,0.0
676,0.8033333333333331,0.0,0.0,1.0,0.0,0.0
677,0.7983333333333331,0.0,0.0,1.0,0.0,0.0
678,0.8033333333333331,0.0,0.0,1.0,0.0,0.0
679,0.7783333333333338,0.0,0.0,1.0,0.0,0.0
680,0.8099999999999997,0.0,0.0,1.0,0.0,0.0
681,0.7916666666666673,0.0,0.0,1.0,0.0,0.0
682,0.7849999999999996,0.0,0.0,1.0,0.0,0.0
683,0.795,0.0,0.0,1.0,0.0,0.0
684,0.8066666666666664,0.0,0.0,1.0,0.0,0.0
685,0.7633333333333332,0.0,0.0,1.0,0.0,0.0
686,0.7949999999999998,0.0,0.0,1.0,0.0,0.0
687,0.7999999999999998,0.0,0.0,1.0,0.0,0.0
688,0.808333333333333,0.0,0.0,1.0,0.0,0.0
689,0.7733333333333331,0.0,0.0,1.0,0.0,0.0
690,0.811666666666667,0.0,0.0,1.0,0.0,0.0
691,0.7916666666666665,0.0,0.0,1.0,0.0,0.0
692,0.7966666666666665,0.0,0.0,1.0,0.0,0.0
693,0.7966666666666663,0.0,0.0,1.0,0.0,0.0
694,0.8033333333333332,0.0,0.0,1.0,0.0,0.0
695,0.8116666666666664,0.0,0.0,1.0,0.0,0.0
696,0.7866666666666666,0.0,0.0,1.0,0.0,0.0
697,0.7999999999999997,0.0,0.0,1.0,0.0,0.0
698,0.7849999999999998,0.0,0.0,1.0,0.0,0.0
699,0.7916666666666665,0.0,0.0,1.0,0.0,0.0
700,0.7716666666666667,0.0,0.0,1.0,0.0,0.0
701,0.7799999999999998,0.0,0.0,1.0,0.0,0.0
702,0.8100000000000003,0.0,0.0,1.0,0.0,0.0
703,0.8116666666666661,0.0,0.0,1.0,0.0,0.0
704,0.8099999999999998,0.0,0.0,1.0,0.0,0.0
705,0.795,0.0,0.0,1.0,0.0,0.0
706,0.8033333333333331,0.0,0.0,1.0,0.0,0.0
707,0.7849999999999998,0.0,0.0,1.0,0.0,0.0
708,0.7966666666666664,0.0,0.0,1.0,0.0,0.0
709,0.8066666666666663,0.0,0.0,1.0,0.0,0.0
710,0.8066666666666665,0.0,0.0,1.0,0.0,0.0
711,0.8016666666666667,0.0,0.0,1.0,0.0,0.0
712,0.795,0.0,0.0,1.0,0.0,0.0
713,0.7866666666666667,0.0,0.0,1.0,0.0,0.0
714,0.7983333333333333,0.0,0.0,1.0,0.0,0.0
715,0.8166666666666664,0.0,0.0,1.0,0.0,0.0
716,0.7938985766504132,0.0,0.0,1.0,0.0,0.0
717,0.7938985766504133,0.0,0.0,1.0,0.0,0.0
718,0.7805652433170799,0.0,0.0,1.0,0.0,0.0
719,0.8016666666666664,0.0,0.0,1.0,0.0,0.0
720,0.7833333333333339,0.0,0.0,1.0,0.0,0.0
721,0.7900000000000001,0.0,0.0,1.0,0.0,0.0
722,0.7883333333333336,0.0,0.0,1.0,0.0,0.0
723,0.7866666666666667,0.0,0.0,1.0,0.0,0.0
724,0.7983333333333331,0.0,0.0,1.0,0.0,0.0
725,0.808333333333333,0.0,0.0,1.0,0.0,0.0
726,0.8116666666666664,0.0,0.0,1.0,0.0,0.0
727,0.813333333333333,0.0,0.0,1.0,0.0,0.0
728,0.7933333333333331,0.01,0.0,0.99,0.0,0.0
729,0.7849999999999998,0.01,0.0,0.99,0.0,0.0
730,0.8066666666666669,0.0,0.0,1.0,0.0,0.0
731,0.7649999999999997,0.0,0.0,1.0,0.0,0.0
732,0.7733333333333333,0.0,0.0,1.0,0.0,0.0
733,0.8016666666666664,0.0,0.0,1.0,0.0,0.0
734,0.7883333333333331,0.0,0.0,1.0,0.0,0.0
735,0.7866666666666667,0.0,0.0,1.0,0.0,0.0
736,0.7966666666666664,0.0,0.0,1.0,0.0,0.0
737,0.795,0.0,0.0,1.0,0.0,0.0
738,0.7983333333333333,0.0,0.0,1.0,0.0,0.0
739,0.7966666666666667,0.0,0.0,1.0,0.0,0.0
740,0.7849999999999998,0.0,0.0,1.0,0.0,0.0
741,0.8050000000000003,0.0,0.0,1.0,0.0,0.0
742,0.7966666666666673,0.0,0.0,1.0,0.0,0.0
743,0.7999999999999998,0.0,0.0,1.0,0.0,0.0
744,0.7933333333333331,0.0,0.0,1.0,0.0,0.0
745,0.7933333333333333,0.0,0.0,1.0,0.0,0.0
746,0.8049999999999997,0.0,0.0,1.0,0.0,0.0
747,0.8049999999999997,0.0,0.0,1.0,0.0,0.0
748,0.79,0.0,0.0,1.0,0.0,0.0
749,0.8116666666666665,0.0,0.0,1.0,0.0,0.0
750,0.7933333333333334,0.0,0.0,1.0,0.0,0.0
751,0.7833333333333333,0.0,0.0,1.0,0.0,0.0
752,0.7983333333333335,0.0,0.0,1.0,0.0,0.0
753,0.7966666666666665,0.0,0.0,1.0,0.0,0.0
754,0.8066666666666664,0.0,0.0,1.0,0.0,0.0
755,0.7933333333333331,0.0,0.0,1.0,0.0,0.0
756,0.7983333333333331,0.0,0.0,1.0,0.0,0.0
757,0.7949999999999998,0.0,0.0,1.0,0.0,0.0
758,0.7866666666666666,0.0,0.0,1.0,0.0,0.0
759,0.8116666666666665,0.0,0.0,1.0,0.0,0.0
760,0.7833333333333333,0.0,0.0,1.0,0.0,0.0
761,0.8083333333333335,0.0,0.0,1.0,0.0,0.0
762,0.7800000000000002,0.0,0.0,0.99,0.0,0.01
763,0.8183333333333331,0.0,0.0,1.0,0.0,0.0
764,0.785,0.0,0.0,1.0,0.0,0.0
765,0.7949999999999998,0.0,0.0,0.99,0.0,0.01
766,0.8066666666666663,0.0,0.0,0.99,0.0,0.01
767,0.8116666666666664,0.0,0.0,1.0,0.0,0.0
768,0.8033333333333332,0.0,0.0,1.0,0.0,0.0
769,0.78,0.0,0.0,1.0,0.0,0.0
770,0.8150000000000002,0.0,0.0,1.0,0.0,0.0
771,0.7766666666666666,0.0,0.0,1.0,0.0,0.0
772,0.7966666666666665,0.0,0.0,1.0,0.0,0.0
773,0.7950000000000002,0.0,0.0,1.0,0.0,0.0
774,0.7866666666666666,0.0,0.0,1.0,0.0,0.0
775,0.803333333333333,0.0,0.0,1.0,0.0,0.0
776,0.7966666666666665,0.0,0.0,1.0,0.0,0.0
777,0.8083333333333331,0.0,0.0,1.0,0.0,0.0
778,0.7883333333333333,0.0,0.0,1.0,0.0,0.0
779,0.8083333333333331,0.0,0.0,1.0,0.0,0.0
780,0.8033333333333331,0.0,0.0,1.0,0.0,0.0
781,0.7966666666666665,0.0,0.0,1.0,0.0,0.0
782,0.7966666666666665,0.0,0.0,1.0,0.0,0.0
783,0.8100000000000003,0.0,0.0,1.0,0.0,0.0
784,0.8033333333333331,0.0,0.0,1.0,0.0,0.0
785,0.7833333333333333,0.0,0.0,1.0,0.0,0.0
786,0.7916666666666664,0.0,0.0,1.0,0.0,0.0
787,0.7866666666666666,0.0,0.0,1.0,0.0,0.0
788,0.7799999999999998,0.0,0.0,1.0,0.0,0.0
789,0.7849999999999998,0.0,0.0,1.0,0.0,0.0
790,0.7983333333333333,0.0,0.0,1.0,0.0,0.0
791,0.8033333333333335,0.0,0.0,1.0,0.0,0.0
792,0.7833333333333333,0.0,0.0,1.0,0.0,0.0
793,0.7866666666666663,0.0,0.0,1.0,0.0,0.0
794,0.7933333333333333,0.0,0.0,1.0,0.0,0.0
795,0.7883333333333333,0.0,0.0,1.0,0.0,0.0
796,0.8083333333333331,0.0,0.0,1.0,0.0,0.0
797,0.7933333333333334,0.0,0.0,1.0,0.0,0.0
798,0.7916666666666665,0.0,0.0,1.0,0.0,0.0
799,0.8000000000000003,0.0,0.0,1.0,0.0,0.0
800,0.7933333333333334,0.0,0.0,1.0,0.0,0.0
801,0.7783333333333334,0.0,0.0,1.0,0.0,0.0
802,0.7950000000000003,0.0,0.0,1.0,0.0,0.0
803,0.795,0.0,0.0,1.0,0.0,0.0
804,0.8033333333333331,0.0,0.0,1.0,0.0,0.0
805,0.7966666666666667,0.0,0.0,1.0,0.0,0.0
806,0.8116666666666664,0.0,0.0,1.0,0.0,0.0
807,0.7983333333333331,0.0,0.0,1.0,0.0,0.0
808,0.7899999999999997,0.0,0.0,1.0,0.0,0.0
809,0.7983333333333337,0.0,0.0,1.0,0.0,0.0
810,0.8050000000000002,0.0,0.0,1.0,0.0,0.0
811,0.8050000000000003,0.0,0.0,1.0,0.0,0.0
812,0.7766666666666668,0.0,0.0,1.0,0.0,0.0
813,0.7883333333333336,0.0,0.0,1.0,0.0,0.0
814,0.7933333333333333,0.0,0.0,1.0,0.0,0.0
815,0.7983333333333333,0.0,0.0,1.0,0.0,0.0
816,0.808333333333333,0.0,0.0,1.0,0.0,0.0
817,0.79,0.0,0.0,1.0,0.0,0.0
818,0.7666666666666667,0.0,0.0,1.0,0.0,0.0
819,0.7850000000000001,0.0,0.0,1.0,0.0,0.0
820,0.7833333333333334,0.0,0.0,1.0,0.0,0.0
821,0.8200000000000002,0.0,0.0,1.0,0.0,0.0
822,0.7850000000000003,0.0,0.0,1.0,0.0,0.0
823,0.8033333333333331,0.0,0.0,1.0,0.0,0.0
824,0.7783333333333333,0.0,0.0,1.0,0.0,0.0
825,0.7983333333333331,0.0,0.0,1.0,0.0,0.0
826,0.8099999999999997,0.0,0.0,1.0,0.0,0.0
827,0.8149999999999997,0.0,0.0,1.0,0.0,0.0
828,0.7949999999999998,0.0,0.0,1.0,0.0,0.0
829,0.7983333333333333,0.0,0.0,1.0,0.0,0.0
830,0.8000000000000002,0.0,0.0,1.0,0.0,0.0
831,0.8049999999999997,0.0,0.0,1.0,0.0,0.0
832,0.8015333834349712,0.0,0.0,1.0,0.0,0.0
833,0.7799999999999998,0.0,0.0,1.0,0.0,0.0
834,0.795,0.0,0.0,1.0,0.0,0.0
835,0.7999999999999997,0.0,0.0,1.0,0.0,0.0
836,0.7883333333333333,0.0,0.0,1.0,0.0,0.0
837,0.7933333333333333,0.0,0.0,1.0,0.0,0.0
838,0.785,0.0,0.0,1.0,0.0,0.0
839,0.8183333333333335,0.0,0.0,1.0,0.0,0.0
840,0.7883333333333331,0.0,0.0,1.0,0.0,0.0
841,0.7833333333333335,0.0,0.0,1.0,0.0,0.0
842,0.8016666666666667,0.0,0.0,1.0,0.0,0.0
843,0.7849999999999998,0.0,0.0,1.0,0.0,0.0
844,0.7733333333333331,0.0,0.0,1.0,0.0,0.0
845,0.7966666666666665,0.0,0.0,1.0,0.0,0.0
846,0.8,0.0,0.0,1.0,0.0,0.0
847,0.8012794144782532,0.0,0.0,1.0,0.0,0.0
848,0.7866666666666667,0.0,0.0,1.0,0.0,0.0
849,0.776666666666667,0.0,0.0,1.0,0.0,0.0
850,0.7999999999999998,0.0,0.0,1.0,0.0,0.0
851,0.8033333333333335,0.0,0.0,1.0,0.0,0.0
852,0.7933333333333336,0.0,0.0,1.0,0.0,0.0
853,0.8033333333333335,0.0,0.0,1.0,0.0,0.0
854,0.7966666666666667,0.0,0.0,1.0,0.0,0.0
855,0.7966666666666664,0.0,0.0,1.0,0.0,0.0
856,0.7928810078719828,0.0,0.0,0.99,0.0,0.01
857,0.770946352429838,0.0,0.0,1.0,0.0,0.0
858,0.7842796857631714,0.0,0.0,1.0,0.0,0.0
859,0.7900000000000001,0.0,0.0,1.0,0.0,0.0
860,0.7983333333333326,0.0,0.0,1.0,0.0,0.0
861,0.7916666666666665,0.0,0.0,1.0,0.0,0.0
862,0.7899999999999998,0.0,0.0,1.0,0.0,0.0
863,0.8083333333333335,0.0,0.0,1.0,0.0,0.0
864,0.7966666666666665,0.0,0.0,1.0,0.0,0.0
865,0.7866666666666664,0.0,0.0,1.0,0.0,0.0
866,0.8099999999999997,0.0,0.0,1.0,0.0,0.0
867,0.7866666666666666,0.0,0.0,1.0,0.0,0.0
868,0.7783333333333334,0.0,0.0,1.0,0.0,0.0
869,0.8133333333333335,0.0,0.0,1.0,0.0,0.0
870,0.7983333333333336,0.0,0.0,1.0,0.0,0.0
871,0.7949999999999996,0.0,0.0,1.0,0.0,0.0
872,0.8249999999999997,0.0,0.0,1.0,0.0,0.0
873,0.8116666666666665,0.0,0.0,0.99,0.0,0.01
874,0.7883333333333331,0.0,0.0,0.98,0.0,0.02
875,0.7949999999999998,0.0,0.0,0.98,0.0,0.02
876,0.7916666666666664,0.0,0.0,0.95,0.0,0.05
877,0.77,0.0,0.0,0.93,0.0,0.07
878,0.7683333333333333,0.0,0.0,0.91,0.0,0.09
879,0.793333333333333,0.0,0.0,0.89,0.0,0.11
880,0.7999999999999993,0.0,0.0,0.88,0.0,0.12
881,0.8100000000000002,0.0,0.0,0.9,0.0,0.1
882,0.7816666666666667,0.0,0.0,0.86,0.0,0.14
883,0.8050000000000002,0.0,0.0,0.9,0.0,0.1
884,0.7866666666666666,0.0,0.0,0.88,0.0,0.12
885,0.7783333333333333,0.0,0.0,0.93,0.0,0.07
886,0.7733333333333333,0.0,0.0,0.9,0.0,0.1
887,0.775,0.0,0.0,0.91,0.0,0.09
888,0.7699999999999999,0.0,0.0,0.93,0.0,0.07
889,0.8,0.0,0.0,0.93,0.0,0.07
890,0.7900000000000001,0.0,0.0,0.92,0.0,0.08
891,0.8000000000000002,0.0,0.0,0.94,0.0,0.06
892,0.8033333333333336,0.0,0.0,0.98,0.0,0.02
893,0.811666666666667,0.0,0.0,0.99,0.0,0.01
894,0.7866666666666664,0.0,0.0,1.0,0.0,0.0
895,0.7716666666666666,0.0,0.0,1.0,0.0,0.0
896,0.793333333333333,0.0,0.0,1.0,0.0,0.0
897,0.7966666666666664,0.0,0.0,1.0,0.0,0.0
898,0.8095812863816182,0.0,0.0,0.99,0.0,0.01
899,0.8083333333333332,0.0,0.0,0.99,0.0,0.01
900,0.8049999999999997,0.0,0.0,0.98,0.0,0.02
901,0.79,0.0,0.0,0.99,0.0,0.01
902,0.8166666666666664,0.0,0.0,1.0,0.0,0.0
903,0.8099999999999998,0.0,0.0,1.0,0.0,0.0
904,0.7833333333333333,0.0,0.0,1.0,0.0,0.0
905,0.783333333333333,0.0,0.0,1.0,0.0,0.0
906,0.7899999999999997,0.0,0.0,1.0,0.0,0.0
907,0.7799999999999998,0.0,0.0,1.0,0.0,0.0
908,0.7833333333333333,0.0,0.0,1.0,0.0,0.0
909,0.8133333333333339,0.0,0.0,1.0,0.0,0.0
910,0.8033333333333332,0.0,0.0,1.0,0.0,0.0
911,0.805,0.0,0.0,1.0,0.0,0.0
912,0.7900000000000001,0.0,0.0,1.0,0.0,0.0
913,0.788333333333333,0.0,0.0,1.0,0.0,0.0
914,0.7766666666666666,0.0,0.0,1.0,0.0,0.0
915,0.8016666666666664,0.0,0.0,1.0,0.0,0.0
916,0.7849999999999998,0.0,0.0,1.0,0.0,0.0
917,0.7883333333333331,0.0,0.0,1.0,0.0,0.0
918,0.803333333333333,0.0,0.0,1.0,0.0,0.0
919,0.7933333333333336,0.0,0.0,1.0,0.0,0.0
920,0.8099999999999997,0.0,0.0,1.0,0.0,0.0
921,0.8083333333333335,0.0,0.0,1.0,0.0,0.0
922,0.7933333333333331,0.0,0.0,1.0,0.0,0.0
923,0.8033333333333331,0.0,0.0,1.0,0.0,0.0
924,0.808333333333333,0.0,0.0,1.0,0.0,0.0
925,0.7999999999999998,0.0,0.0,1.0,0.0,0.0
926,0.7866666666666664,0.0,0.0,1.0,0.0,0.0
927,0.7866666666666666,0.0,0.0,1.0,0.0,0.0
928,0.7866666666666664,0.0,0.0,1.0,0.0,0.0
929,0.7933333333333334,0.0,0.0,1.0,0.0,0.0
930,0.7900000000000001,0.0,0.0,1.0,0.0,0.0
931,0.7650000000000002,0.0,0.0,1.0,0.0,0.0
932,0.7983333333333336,0.0,0.0,1.0,0.0,0.0
933,0.8033333333333331,0.0,0.0,1.0,0.0,0.0
934,0.7933333333333331,0.0,0.0,1.0,0.0,0.0
935,0.7899999999999998,0.0,0.0,1.0,0.0,0.0
936,0.7966666666666664,0.0,0.0,1.0,0.0,0.0
937,0.8,0.0,0.0,1.0,0.0,0.0
938,0.7866666666666666,0.0,0.0,1.0,0.0,0.0
939,0.8,0.0,0.0,1.0,0.0,0.0
940,0.7783333333333331,0.0,0.0,1.0,0.0,0.0
941,0.8200000000000003,0.0,0.0,1.0,0.0,0.0
942,0.7883333333333336,0.0,0.0,1.0,0.0,0.0
943,0.7833333333333333,0.0,0.0,1.0,0.0,0.0
944,0.8049999999999997,0.0,0.0,1.0,0.0,0.0
945,0.7866666666666667,0.0,0.0,1.0,0.0,0.0
946,0.7949999999999998,0.0,0.0,1.0,0.0,0.0
947,0.7916666666666665,0.0,0.0,1.0,0.0,0.0
948,0.7899999999999998,0.0,0.0,1.0,0.0,0.0
949,0.7983333333333335,0.0,0.0,1.0,0.0,0.0
950,0.7950000000000002,0.0,0.0,1.0,0.0,0.0
951,0.7983333333333331,0.0,0.0,1.0,0.0,0.0
952,0.81,0.0,0.0,1.0,0.0,0.0
953,0.785,0.0,0.0,1.0,0.0,0.0
954,0.8166666666666665,0.0,0.0,1.0,0.0,0.0
955,0.7883333333333331,0.0,0.0,1.0,0.0,0.0
956,0.7966666666666664,0.0,0.0,0.99,0.0,0.01
957,0.7883333333333331,0.0,0.0,0.99,0.0,0.01
958,0.8133333333333331,0.0,0.0,0.99,0.0,0.01
959,0.7866666666666667,0.0,0.0,1.0,0.0,0.0
960,0.81,0.0,0.0,1.0,0.0,0.0
961,0.8133333333333335,0.0,0.0,1.0,0.0,0.0
962,0.7933333333333334,0.0,0.0,1.0,0.0,0.0
963,0.7733333333333331,0.0,0.0,1.0,0.0,0.0
964,0.7916666666666667,0.0,0.0,1.0,0.0,0.0
965,0.8049999999999997,0.0,0.0,1.0,0.0,0.0
966,0.7916666666666663,0.0,0.0,1.0,0.0,0.0
967,0.8066666666666663,0.0,0.0,1.0,0.0,0.0
968,0.8066666666666665,0.0,0.0,1.0,0.0,0.0
969,0.7849999999999998,0.0,0.0,1.0,0.0,0.0
970,0.78,0.0,0.0,1.0,0.0,0.0
971,0.8066666666666664,0.0,0.0,1.0,0.0,0.0
972,0.8066666666666664,0.0,0.0,1.0,0.0,0.0
973,0.8083333333333332,0.0,0.0,1.0,0.0,0.0
974,0.798333333333333,0.0,0.0,1.0,0.0,0.0
975,0.7899999999999998,0.0,0.0,1.0,0.0,0.0
976,0.785,0.0,0.0,1.0,0.0,0.0
977,0.813333333333333,0.0,0.0,1.0,0.0,0.0
978,0.7999999999999997,0.0,0.0,0.99,0.0,0.01
979,0.7833333333333333,0.0,0.0,1.0,0.0,0.0
980,0.7933333333333334,0.0,0.0,1.0,0.0,0.0
981,0.8033333333333331,0.0,0.0,1.0,0.0,0.0
982,0.7966666666666667,0.0,0.0,1.0,0.0,0.0
983,0.7866666666666667,0.0,0.0,1.0,0.0,0.0
984,0.7949999999999996,0.0,0.0,1.0,0.0,0.0
985,0.7833333333333333,0.0,0.0,1.0,0.0,0.0
986,0.7949999999999998,0.0,0.0,1.0,0.0,0.0
987,0.8149999999999997,0.0,0.0,1.0,0.0,0.0
988,0.7799999999999998,0.0,0.0,1.0,0.0,0.0
989,0.785,0.0,0.0,1.0,0.0,0.0
990,0.8133333333333332,0.0,0.0,1.0,0.0,0.0
991,0.7816666666666664,0.0,0.0,1.0,0.0,0.0
992,0.808333333333333,0.0,0.0,1.0,0.0,0.0
993,0.8016666666666664,0.0,0.0,1.0,0.0,0.0
994,0.7949999999999998,0.0,0.0,1.0,0.0,0.0
995,0.7866666666666664,0.0,0.0,1.0,0.0,0.0
996,0.8099999999999997,0.0,0.0,1.0,0.0,0.0
997,0.808333333333333,0.0,0.0,1.0,0.0,0.0
998,0.8149999999999998,0.0,0.0,1.0,0.0,0.0
999,0.795,0.0,0.0,1.0,0.0,0.0
1000,0.8150000000000002,0.0,0.0,1.0,0.0,0.0
1001,0.7866666666666664,0.0,0.0,1.0,0.0,0.0
1002,0.8100000000000002,0.0,0.0,1.0,0.0,0.0
1003,0.7883333333333331,0.0,0.0,1.0,0.0,0.0
1004,0.7783333333333333,0.0,0.0,1.0,0.0,0.0
1005,0.7849999999999998,0.0,0.0,1.0,0.0,0.0
1006,0.8033333333333335,0.0,0.0,1.0,0.0,0.0
1007,0.7949999999999998,0.0,0.0,1.0,0.0,0.0
1008,0.7916666666666665,0.0,0.0,1.0,0.0,0.0
1009,0.7983333333333331,0.0,0.0,1.0,0.0,0.0
1010,0.8199999999999998,0.0,0.0,1.0,0.0,0.0
1011,0.8200000000000003,0.0,0.0,1.0,0.0,0.0
1012,0.8216666666666664,0.0,0.0,1.0,0.0,0.0
1013,0.8016666666666667,0.0,0.0,1.0,0.0,0.0
1014,0.793333333333333,0.0,0.0,1.0,0.0,0.0
1015,0.7800000000000001,0.0,0.0,1.0,0.0,0.0
1016,0.8,0.0,0.0,1.0,0.0,0.0
1017,0.7849999999999997,0.0,0.0,1.0,0.0,0.0
1018,0.7983333333333331,0.0,0.0,1.0,0.0,0.0
1019,0.7950000000000007,0.0,0.0,1.0,0.0,0.0
1020,0.8133333333333331,0.0,0.0,1.0,0.0,0.0
1021,0.8116666666666665,0.0,0.0,1.0,0.0,0.0
1022,0.7933333333333336,0.0,0.0,1.0,0.0,0.0
1023,0.8133333333333332,0.0,0.0,1.0,0.0,0.0
1024,0.7949999999999998,0.0,0.0,1.0,0.0,0.0
1025,0.8033333333333335,0.0,0.0,1.0,0.0,0.0
1026,0.7866666666666664,0.0,0.0,1.0,0.0,0.0
1027,0.7916666666666664,0.0,0.0,1.0,0.0,0.0
1028,0.7983333333333331,0.0,0.0,1.0,0.0,0.0
1029,0.8133333333333337,0.0,0.0,1.0,0.0,0.0
1030,0.7933333333333333,0.0,0.0,1.0,0.0,0.0
1031,0.8283333333333331,0.0,0.0,1.0,0.0,0.0
1032,0.8083333333333331,0.0,0.0,1.0,0.0,0.0
1033,0.8133333333333331,0.0,0.0,1.0,0.0,0.0
1034,0.7866666666666666,0.0,0.0,1.0,0.0,0.0
1035,0.7783333333333333,0.0,0.0,1.0,0.0,0.0
1036,0.7866666666666666,0.0,0.0,1.0,0.0,0.0
1037,0.78,0.0,0.0,1.0,0.0,0.0
1038,0.7733333333333331,0.0,0.0,1.0,0.0,0.0
1039,0.808333333333333,0.0,0.0,1.0,0.0,0.0
1040,0.8349999999999999,0.0,0.0,1.0,0.0,0.0
1041,0.7899999999999996,0.0,0.0,1.0,0.0,0.0
1042,0.8133333333333335,0.0,0.0,1.0,0.0,0.0
1043,0.8066666666666664,0.0,0.0,1.0,0.0,0.0
1044,0.7916666666666664,0.0,0.0,1.0,0.0,0.0
1045,0.7999999999999998,0.0,0.0,1.0,0.0,0.0
1046,0.7766666666666666,0.0,0.0,1.0,0.0,0.0
1047,0.7983333333333331,0.0,0.0,1.0,0.0,0.0
1048,0.7816666666666667,0.0,0.0,1.0,0.0,0.0
1049,0.8133333333333332,0.0,0.0,1.0,0.0,0.0
1050,0.8149999999999997,0.0,0.0,1.0,0.0,0.0
1051,0.8233333333333331,0.0,0.0,1.0,0.0,0.0
1052,0.8,0.0,0.0,1.0,0.0,0.0
1053,0.8299999999999997,0.0,0.0,1.0,0.0,0.0
1054,0.7716666666666667,0.0,0.0,1.0,0.0,0.0
1055,0.7933333333333331,0.0,0.0,1.0,0.0,0.0
1056,0.7799999999999998,0.0,0.0,1.0,0.0,0.0
1057,0.7866666666666664,0.0,0.0,1.0,0.0,0.0
1058,0.7816666666666667,0.0,0.0,1.0,0.0,0.0
1059,0.8333333333333328,0.0,0.0,1.0,0.0,0.0
1060,0.8316666666666664,0.0,0.0,1.0,0.0,0.0
1061,0.8300000000000002,0.0,0.0,1.0,0.0,0.0
1062,0.84,0.0,0.0,1.0,0.0,0.0
1063,0.8133333333333336,0.0,0.0,1.0,0.0,0.0
1064,0.7949999999999998,0.0,0.0,1.0,0.0,0.0
1065,0.7833333333333333,0.0,0.0,1.0,0.0,0.0
1066,0.8066666666666663,0.0,0.0,1.0,0.0,0.0
1067,0.8183333333333332,0.0,0.0,1.0,0.0,0.0
1068,0.7949999999999998,0.0,0.0,1.0,0.0,0.0
1069,0.8316666666666667,0.0,0.0,1.0,0.0,0.0
1070,0.8316666666666669,0.0,0.0,1.0,0.0,0.0
1071,0.8233333333333328,0.0,0.0,1.0,0.0,0.0
1072,0.8266666666666663,0.0,0.0,1.0,0.0,0.0
1073,0.8233333333333331,0.0,0.0,1.0,0.0,0.0
1074,0.7666666666666666,0.0,0.0,1.0,0.0,0.0
1075,0.7899999999999998,0.0,0.0,1.0,0.0,0.0
1076,0.7833333333333333,0.0,0.0,1.0,0.0,0.0
1077,0.7899999999999998,0.0,0.0,1.0,0.0,0.0
1078,0.8016666666666665,0.0,0.0,1.0,0.0,0.0
1079,0.8366666666666661,0.0,0.0,1.0,0.0,0.0
1080,0.8066666666666668,0.0,0.0,1.0,0.0,0.0
1081,0.825,0.0,0.0,1.0,0.0,0.0
1082,0.7966666666666667,0.0,0.0,1.0,0.0,0.0
1083,0.8316666666666664,0.0,0.0,1.0,0.0,0.0
1084,0.7899999999999997,0.0,0.0,1.0,0.0,0.0
1085,0.79,0.0,0.0,0.99,0.0,0.01
1086,0.7883333333333333,0.0,0.0,0.98,0.0,0.02
1087,0.7848751101383208,0.01,0.0,0.97,0.0,0.02
1088,0.7666666666666666,0.02,0.0,0.95,0.0,0.03
1089,0.7966666666666667,0.02,0.0,0.94,0.0,0.04
1090,0.7983333333333333,0.03,0.0,0.95,0.0,0.02
1091,0.82,0.0,0.0,0.99,0.0,0.01
1092,0.8133333333333331,0.0,0.0,1.0,0.0,0.0
1093,0.8133333333333335,0.0,0.0,1.0,0.0,0.0
1094,0.7983333333333333,0.0,0.0,1.0,0.0,0.0
1095,0.7899999999999998,0.0,0.0,1.0,0.0,0.0
1096,0.7849999999999998,0.0,0.0,1.0,0.0,0.0
1097,0.7916666666666665,0.0,0.0,1.0,0.0,0.0
1098,0.7866666666666667,0.0,0.0,1.0,0.0,0.0
1099,0.8083333333333331,0.0,0.0,1.0,0.0,0.0
1100,0.8100000000000002,0.0,0.0,1.0,0.0,0.0
1101,0.8086700260758204,0.0,0.0,0.99,0.0,0.01
1102,0.8149999999999998,0.0,0.0,1.0,0.0,0.0
1103,0.8133333333333329,0.0,0.0,1.0,0.0,0.0
1104,0.7849999999999998,0.0,0.0,1.0,0.0,0.0
1105,0.7899999999999997,0.0,0.0,1.0,0.0,0.0
1106,0.7999999999999998,0.0,0.0,1.0,0.0,0.0
1107,0.7899999999999998,0.0,0.0,1.0,0.0,0.0
1108,0.7999999999999998,0.0,0.0,1.0,0.0,0.0
1109,0.8249999999999997,0.0,0.0,1.0,0.0,0.0
1110,0.8033333333333336,0.0,0.0,1.0,0.0,0.0
1111,0.8016666666666667,0.0,0.0,1.0,0.0,0.0
1112,0.7983333333333326,0.0,0.0,1.0,0.0,0.0
1113,0.8149999999999997,0.0,0.0,1.0,0.0,0.0
1114,0.7783333333333331,0.0,0.0,0.99,0.0,0.01
1115,0.808333333333333,0.0,0.0,1.0,0.0,0.0
1116,0.8016666666666663,0.0,0.0,1.0,0.0,0.0
1117,0.7933333333333331,0.0,0.0,1.0,0.0,0.0
1118,0.7983333333333331,0.0,0.0,1.0,0.0,0.0
1119,0.8033333333333337,0.0,0.0,1.0,0.0,0.0
1120,0.818333333333333,0.0,0.0,1.0,0.0,0.0
1121,0.8183333333333332,0.0,0.0,1.0,0.0,0.0
1122,0.7866666666666666,0.0,0.0,1.0,0.0,0.0
1123,0.8266666666666661,0.0,0.0,1.0,0.0,0.0
1124,0.7966666666666665,0.0,0.0,1.0,0.0,0.0
1125,0.785,0.0,0.0,1.0,0.0,0.0
1126,0.7899999999999998,0.0,0.0,1.0,0.0,0.0
1127,0.7933333333333333,0.0,0.0,1.0,0.0,0.0
1128,0.8068378471402672,0.0,0.0,0.99,0.0,0.01
1129,0.8183333333333332,0.0,0.0,0.98,0.0,0.02
1130,0.8166666666666665,0.0,0.0,0.97,0.0,0.03
1131,0.8216666666666664,0.0,0.0,0.97,0.0,0.03
1132,0.8133333333333337,0.0,0.0,0.96,0.0,0.04
1133,0.8150000000000002,0.0,0.0,0.96,0.0,0.04
1134,0.7983333333333331,0.0,0.0,0.98,0.0,0.02
1135,0.785,0.0,0.0,0.97,0.0,0.03
1136,0.7933333333333331,0.0,0.0,0.96,0.0,0.04
1137,0.79,0.0,0.0,0.97,0.0,0.03
1138,0.7816666666666666,0.0,0.0,0.99,0.0,0.01
1139,0.8150000000000004,0.0,0.0,0.97,0.0,0.03
1140,0.8066666666666669,0.0,0.0,0.97,0.0,0.03
1141,0.8283333333333327,0.0,0.0,0.98,0.0,0.02
1142,0.8166666666666669,0.0,0.0,0.99,0.0,0.01
1143,0.8416666666666666,0.0,0.0,0.98,0.0,0.02
1144,0.8016666666666664,0.0,0.0,0.97,0.0,0.03
1145,0.7799999999999998,0.0,0.0,0.97,0.0,0.03
1146,0.793333333333333,0.0,0.0,0.98,0.0,0.02
1147,0.7899999999999998,0.0,0.0,0.99,0.0,0.01
1148,0.8016666666666665,0.0,0.0,1.0,0.0,0.0
1149,0.8266666666666664,0.0,0.0,1.0,0.0,0.0
1150,0.8166666666666668,0.0,0.0,1.0,0.0,0.0
1151,0.8166666666666669,0.0,0.0,1.0,0.0,0.0
1152,0.8199999999999994,0.0,0.0,1.0,0.0,0.0
1153,0.8216666666666664,0.0,0.0,1.0,0.0,0.0
1154,0.8166666666666663,0.0,0.0,1.0,0.0,0.0
1155,0.7883333333333331,0.0,0.0,1.0,0.0,0.0
1156,0.7733333333333333,0.0,0.0,1.0,0.0,0.0
1157,0.8066666666666663,0.0,0.0,1.0,0.0,0.0
1158,0.8049999999999997,0.0,0.0,1.0,0.0,0.0
1159,0.8166666666666665,0.0,0.0,1.0,0.0,0.0
1160,0.8199999999999998,0.0,0.0,1.0,0.0,0.0
1161,0.8233333333333336,0.0,0.0,1.0,0.0,0.0
1162,0.8266666666666665,0.0,0.0,1.0,0.0,0.0
1163,0.8216666666666665,0.0,0.0,1.0,0.0,0.0
1164,0.7816666666666663,0.0,0.0,1.0,0.0,0.0
1165,0.7916666666666664,0.0,0.0,1.0,0.0,0.0
1166,0.7933333333333331,0.0,0.0,1.0,0.0,0.0
1167,0.8116666666666663,0.0,0.0,1.0,0.0,0.0
1168,0.7966666666666667,0.0,0.0,1.0,0.0,0.0
1169,0.8216666666666664,0.0,0.0,1.0,0.0,0.0
1170,0.8349999999999997,0.0,0.0,1.0,0.0,0.0
1171,0.8366666666666663,0.0,0.0,1.0,0.0,0.0
1172,0.8133333333333332,0.0,0.0,1.0,0.0,0.0
1173,0.8083333333333335,0.0,0.0,1.0,0.0,0.0
1174,0.7933333333333331,0.0,0.0,1.0,0.0,0.0
1175,0.8033333333333332,0.0,0.0,1.0,0.0,0.0
1176,0.7983333333333333,0.0,0.0,1.0,0.0,0.0
1177,0.8,0.0,0.0,1.0,0.0,0.0
1178,0.7866666666666664,0.0,0.0,1.0,0.0,0.0
1179,0.8183333333333332,0.0,0.0,1.0,0.0,0.0
1180,0.8349999999999997,0.0,0.0,1.0,0.0,0.0
1181,0.8166666666666665,0.0,0.0,1.0,0.0,0.0
1182,0.8016666666666663,0.0,0.0,0.99,0.0,0.01
1183,0.8283333333333335,0.0,0.0,1.0,0.0,0.0
1184,0.7683333333333333,0.0,0.0,1.0,0.0,0.0
1185,0.7949999999999998,0.0,0.0,1.0,0.0,0.0
1186,0.8066666666666664,0.0,0.0,1.0,0.0,0.0
1187,0.7933333333333334,0.0,0.0,1.0,0.0,0.0
1188,0.7933333333333333,0.0,0.0,1.0,0.0,0.0
1189,0.8199999999999998,0.0,0.0,1.0,0.0,0.0
1190,0.8166666666666664,0.0,0.0,1.0,0.0,0.0
1191,0.8399999999999995,0.0,0.0,1.0,0.0,0.0
1192,0.8216666666666661,0.0,0.0,1.0,0.0,0.0
1193,0.8233333333333333,0.0,0.0,1.0,0.0,0.0
1194,0.8149999999999998,0.0,0.0,1.0,0.0,0.0
1195,0.7916666666666664,0.0,0.0,1.0,0.0,0.0
1196,0.7833333333333333,0.0,0.0,1.0,0.0,0.0
1197,0.7733333333333333,0.0,0.0,1.0,0.0,0.0
1198,0.7866666666666666,0.0,0.0,1.0,0.0,0.0
1199,0.8249999999999996,0.0,0.0,1.0,0.0,0.0
1200,0.83,0.0,0.0,1.0,0.0,0.0
1201,0.8366666666666663,0.0,0.0,1.0,0.0,0.0
1202,0.7999999999999994,0.0,0.0,1.0,0.0,0.0
1203,0.8399999999999999,0.0,0.0,1.0,0.0,0.0
1204,0.7716666666666666,0.0,0.0,1.0,0.0,0.0
1205,0.7949999999999997,0.0,0.0,1.0,0.0,0.0
1206,0.7949999999999998,0.0,0.0,1.0,0.0,0.0
1207,0.7966666666666664,0.0,0.0,1.0,0.0,0.0
1208,0.775,0.0,0.0,0.99,0.0,0.01
1209,0.8199999999999998,0.0,0.0,0.99,0.0,0.01
1210,0.8166666666666664,0.0,0.0,0.98,0.0,0.02
1211,0.8349999999999997,0.0,0.0,0.98,0.0,0.02
1212,0.8116666666666668,0.0,0.0,0.98,0.0,0.02
1213,0.8199999999999998,0.0,0.0,0.98,0.0,0.02
1214,0.7916666666666664,0.0,0.0,0.99,0.0,0.01
1215,0.7849999999999998,0.0,0.0,1.0,0.0,0.0
1216,0.785,0.0,0.0,1.0,0.0,0.0
1217,0.7999999999999998,0.0,0.0,1.0,0.0,0.0
1218,0.7966666666666667,0.0,0.0,1.0,0.0,0.0
1219,0.8283333333333331,0.0,0.0,1.0,0.0,0.0
1220,0.8383333333333337,0.0,0.0,1.0,0.0,0.0
1221,0.8249999999999996,0.0,0.0,1.0,0.0,0.0
1222,0.8460438503338618,0.0,0.0,1.0,0.0,0.0
1223,0.8033333333333336,0.0,0.0,1.0,0.0,0.0
1224,0.7933333333333333,0.0,0.0,1.0,0.0,0.0
1225,0.7833333333333333,0.0,0.0,1.0,0.0,0.0
1226,0.7916666666666665,0.0,0.0,1.0,0.0,0.0
1227,0.7866666666666667,0.0,0.0,1.0,0.0,0.0
1228,0.7783333333333333,0.0,0.0,1.0,0.0,0.0
1229,0.8083333333333332,0.0,0.0,1.0,0.0,0.0
1230,0.8216666666666664,0.0,0.0,1.0,0.0,0.0
1231,0.8216666666666665,0.0,0.0,1.0,0.0,0.0
1232,0.8149999999999996,0.0,0.0,1.0,0.0,0.0
1233,0.826666666666666,0.0,0.0,1.0,0.0,0.0
1234,0.8116666666666664,0.0,0.0,1.0,0.0,0.0
1235,0.7849999999999998,0.0,0.0,1.0,0.0,0.0
1236,0.7933333333333333,0.0,0.0,1.0,0.0,0.0
1237,0.7899999999999998,0.0,0.0,1.0,0.0,0.0
1238,0.7949999999999998,0.0,0.0,1.0,0.0,0.0
1239,0.81,0.0,0.0,1.0,0.0,0.0
1240,0.8284106602679009,0.0,0.0,0.99,0.0,0.01
1241,0.8449999999999999,0.0,0.0,0.96,0.0,0.04
1242,0.8283333333333331,0.0,0.0,0.99,0.0,0.01
1243,0.8299999999999997,0.0,0.0,0.99,0.0,0.01
1244,0.7983333333333331,0.0,0.0,0.98,0.0,0.02
1245,0.7966666666666665,0.0,0.0,1.0,0.0,0.0
1246,0.8116666666666665,0.0,0.0,1.0,0.0,0.0
1247,0.7966666666666667,0.0,0.0,1.0,0.0,0.0
1248,0.7899999999999998,0.0,0.0,1.0,0.0,0.0
1249,0.8316666666666664,0.0,0.0,1.0,0.0,0.0
1250,0.8483333333333332,0.0,0.0,1.0,0.0,0.0
1251,0.8399999999999995,0.0,0.0,1.0,0.0,0.0
1252,0.8149999999999996,0.0,0.0,1.0,0.0,0.0
1253,0.8233333333333331,0.0,0.0,1.0,0.0,0.0
1254,0.7899999999999997,0.0,0.0,1.0,0.0,0.0
1255,0.78,0.0,0.0,1.0,0.0,0.0
1256,0.793333333333333,0.0,0.0,1.0,0.0,0.0
1257,0.8016666666666665,0.0,0.0,1.0,0.0,0.0
1258,0.793333333333333,0.0,0.0,1.0,0.0,0.0
1259,0.8200000000000002,0.0,0.0,1.0,0.0,0.0
1260,0.8366666666666664,0.0,0.0,1.0,0.0,0.0
1261,0.8283333333333335,0.0,0.0,1.0,0.0,0.0
1262,0.8333333333333331,0.0,0.0,1.0,0.0,0.0
1263,0.825,0.0,0.0,1.0,0.0,0.0
1264,0.7666666666666666,0.0,0.0,1.0,0.0,0.0
1265,0.7783333333333333,0.0,0.0,1.0,0.0,0.0
1266,0.7933333333333331,0.0,0.0,1.0,0.0,0.0
1267,0.7783333333333333,0.0,0.0,1.0,0.0,0.0
1268,0.7833333333333333,0.0,0.0,1.0,0.0,0.0
1269,0.8100000000000002,0.0,0.0,1.0,0.0,0.0
1270,0.8216666666666664,0.0,0.0,1.0,0.0,0.0
1271,0.8299999999999996,0.0,0.0,1.0,0.0,0.0
1272,0.8162025104054159,0.0,0.0,0.99,0.0,0.01
1273,0.8107383541441652,0.0,0.0,0.98,0.0,0.02
1274,0.7966666666666664,0.0,0.0,1.0,0.0,0.0
1275,0.7733333333333333,0.0,0.0,1.0,0.0,0.0
1276,0.7916666666666664,0.0,0.0,1.0,0.0,0.0
1277,0.7783333333333331,0.0,0.0,1.0,0.0,0.0
1278,0.8099999999999998,0.0,0.0,1.0,0.0,0.0
1279,0.8283333333333333,0.0,0.0,1.0,0.0,0.0
1280,0.8216666666666663,0.0,0.0,1.0,0.0,0.0
1281,0.8366666666666667,0.0,0.0,1.0,0.0,0.0
1282,0.8216666666666661,0.0,0.0,1.0,0.0,0.0
1283,0.8399999999999997,0.0,0.0,1.0,0.0,0.0
1284,0.8066666666666664,0.0,0.0,1.0,0.0,0.0
1285,0.8016666666666665,0.0,0.0,1.0,0.0,0.0
1286,0.77,0.0,0.0,1.0,0.0,0.0
1287,0.7966666666666667,0.0,0.0,1.0,0.0,0.0
1288,0.7733333333333331,0.0,0.0,1.0,0.0,0.0
1289,0.835,0.0,0.0,1.0,0.0,0.0
1290,0.818333333333333,0.0,0.0,0.99,0.0,0.01
1291,0.8316666666666663,0.0,0.0,0.97,0.0,0.03
1292,0.8466666666666667,0.0,0.0,1.0,0.0,0.0
1293,0.8416666666666661,0.0,0.0,1.0,0.0,0.0
1294,0.7899999999999998,0.0,0.0,1.0,0.0,0.0
1295,0.7866666666666667,0.0,0.0,1.0,0.0,0.0
1296,0.7966666666666665,0.0,0.0,1.0,0.0,0.0
1297,0.79,0.0,0.0,1.0,0.0,0.0
1298,0.785,0.0,0.0,1.0,0.0,0.0
1299,0.8299999999999998,0.0,0.0,1.0,0.0,0.0
1300,0.8466666666666665,0.0,0.0,1.0,0.0,0.0
1301,0.8299999999999994,0.0,0.0,1.0,0.0,0.0
1302,0.8516666666666662,0.0,0.0,1.0,0.0,0.0
1303,0.8099999999999998,0.0,0.0,1.0,0.0,0.0
1304,0.8033333333333331,0.0,0.0,1.0,0.0,0.0
1305,0.7966666666666664,0.0,0.0,1.0,0.0,0.0
1306,0.7922742750556043,0.0,0.0,1.0,0.0,0.0
1307,0.7872742750556041,0.0,0.0,1.0,0.0,0.0
1308,0.7999999999999998,0.0,0.0,1.0,0.0,0.0
1309,0.8449999999999998,0.0,0.0,1.0,0.0,0.0
1310,0.8383333333333332,0.0,0.0,1.0,0.0,0.0
1311,0.8266666666666667,0.0,0.0,1.0,0.0,0.0
1312,0.82,0.0,0.0,1.0,0.0,0.0
1313,0.8400000000000002,0.0,0.0,1.0,0.0,0.0
1314,0.7883333333333331,0.0,0.0,1.0,0.0,0.0
1315,0.8049999999999996,0.0,0.0,1.0,0.0,0.0
1316,0.7999999999999998,0.0,0.0,1.0,0.0,0.0
1317,0.8016666666666665,0.0,0.0,1.0,0.0,0.0
1318,0.78,0.0,0.0,1.0,0.0,0.0
1319,0.7966666666666665,0.0,0.0,1.0,0.0,0.0
1320,0.823333333333333,0.0,0.0,1.0,0.0,0.0
1321,0.82,0.0,0.0,1.0,0.0,0.0
1322,0.8533333333333334,0.0,0.0,1.0,0.0,0.0
1323,0.835,0.0,0.0,1.0,0.0,0.0
1324,0.7866666666666664,0.0,0.0,1.0,0.0,0.0
1325,0.8099999999999998,0.0,0.0,1.0,0.0,0.0
1326,0.7866666666666666,0.0,0.0,1.0,0.0,0.0
1327,0.8033333333333331,0.0,0.0,1.0,0.0,0.0
1328,0.8049999999999996,0.0,0.0,1.0,0.0,0.0
1329,0.8333333333333331,0.0,0.0,1.0,0.0,0.0
1330,0.835,0.0,0.0,1.0,0.0,0.0
1331,0.8383333333333328,0.0,0.0,1.0,0.0,0.0
1332,0.83,0.0,0.0,1.0,0.0,0.0
1333,0.8383333333333334,0.0,0.0,1.0,0.0,0.0
1334,0.7883333333333331,0.0,0.0,1.0,0.0,0.0
1335,0.7933333333333331,0.0,0.0,1.0,0.0,0.0
1336,0.7783333333333333,0.0,0.0,1.0,0.0,0.0
1337,0.7949999999999997,0.0,0.0,1.0,0.0,0.0
1338,0.7716666666666666,0.0,0.0,1.0,0.0,0.0
1339,0.8216666666666664,0.0,0.0,1.0,0.0,0.0
1340,0.8566666666666666,0.0,0.0,1.0,0.0,0.0
1341,0.8199999999999997,0.0,0.0,1.0,0.0,0.0
1342,0.82,0.0,0.0,1.0,0.0,0.0
1343,0.8149999999999998,0.0,0.0,1.0,0.0,0.0
1344,0.7933333333333331,0.0,0.0,1.0,0.0,0.0
1345,0.7883333333333331,0.0,0.0,1.0,0.0,0.0
1346,0.7799999999999997,0.0,0.0,1.0,0.0,0.0
1347,0.8066666666666664,0.0,0.0,1.0,0.0,0.0
1348,0.7799999999999998,0.0,0.0,1.0,0.0,0.0
1349,0.8150000000000002,0.0,0.0,1.0,0.0,0.0
1350,0.8033333333333332,0.01,0.0,0.99,0.0,0.0
1351,0.82,0.02,0.0,0.98,0.0,0.0
1352,0.8073096004945779,0.04,0.0,0.96,0.0,0.0
1353,0.8153214669139556,0.04,0.0,0.96,0.0,0.0
1354,0.79,0.04,0.0,0.96,0.0,0.0
1355,0.793333333333333,0.04,0.0,0.96,0.0,0.0
1356,0.7899999999999998,0.01,0.0,0.99,0.0,0.0
1357,0.7833333333333334,0.0,0.0,1.0,0.0,0.0
1358,0.8033333333333332,0.0,0.0,1.0,0.0,0.0
1359,0.8200000000000003,0.0,0.0,1.0,0.0,0.0
1360,0.8416666666666667,0.0,0.0,1.0,0.0,0.0
1361,0.8233333333333331,0.0,0.0,1.0,0.0,0.0
1362,0.8399999999999995,0.0,0.0,1.0,0.0,0.0
1363,0.8183333333333331,0.0,0.0,1.0,0.0,0.0
1364,0.7966666666666664,0.0,0.0,1.0,0.0,0.0
1365,0.775,0.0,0.0,1.0,0.0,0.0
1366,0.8016666666666665,0.0,0.0,1.0,0.0,0.0
1367,0.7883333333333331,0.0,0.0,1.0,0.0,0.0
1368,0.8049999999999997,0.0,0.0,1.0,0.0,0.0
1369,0.8216666666666668,0.0,0.0,1.0,0.0,0.0
1370,0.8233333333333335,0.0,0.0,1.0,0.0,0.0
1371,0.8416666666666667,0.0,0.0,1.0,0.0,0.0
1372,0.8233333333333333,0.0,0.0,1.0,0.0,0.0
1373,0.8033333333333332,0.0,0.0,1.0,0.0,0.0
1374,0.7966666666666664,0.0,0.0,1.0,0.0,0.0
1375,0.7933333333333333,0.0,0.0,1.0,0.0,0.0
1376,0.7949999999999998,0.0,0.0,1.0,0.0,0.0
1377,0.7933333333333333,0.0,0.0,1.0,0.0,0.0
1378,0.8016666666666665,0.0,0.0,1.0,0.0,0.0
1379,0.81,0.0,0.0,0.99,0.0,0.01
1380,0.8249999999999997,0.0,0.0,0.99,0.0,0.01
1381,0.8433333333333332,0.0,0.0,0.98,0.0,0.02
1382,0.8183333333333335,0.0,0.0,0.99,0.0,0.01
1383,0.8433333333333333,0.0,0.0,0.99,0.0,0.01
1384,0.7949999999999998,0.0,0.0,0.99,0.0,0.01
1385,0.79,0.0,0.0,0.98,0.0,0.02
1386,0.7949999999999998,0.0,0.0,0.96,0.0,0.04
1387,0.7866666666666664,0.0,0.0,0.98,0.0,0.02
1388,0.7916666666666667,0.0,0.0,0.99,0.0,0.01
1389,0.8483333333333333,0.0,0.0,1.0,0.0,0.0
1390,0.831666666666666,0.0,0.0,1.0,0.0,0.0
1391,0.8199999999999996,0.0,0.0,1.0,0.0,0.0
1392,0.815,0.0,0.0,1.0,0.0,0.0
1393,0.8149999999999998,0.0,0.0,1.0,0.0,0.0
1394,0.7916666666666665,0.0,0.0,1.0,0.0,0.0
1395,0.8066666666666664,0.0,0.0,1.0,0.0,0.0
1396,0.7849999999999998,0.0,0.0,1.0,0.0,0.0
1397,0.78,0.0,0.0,1.0,0.0,0.0
1398,0.795,0.0,0.0,1.0,0.0,0.0
1399,0.8133333333333335,0.0,0.0,1.0,0.0,0.0
1400,0.8383333333333333,0.0,0.0,1.0,0.0,0.0
1401,0.8349999999999999,0.0,0.0,1.0,0.0,0.0
1402,0.8183333333333331,0.0,0.0,1.0,0.0,0.0
1403,0.8116666666666661,0.0,0.0,1.0,0.0,0.0
1404,0.7816666666666664,0.0,0.0,1.0,0.0,0.0
1405,0.7883333333333331,0.0,0.0,1.0,0.0,0.0
1406,0.7833333333333333,0.0,0.0,1.0,0.0,0.0
1407,0.805,0.0,0.0,1.0,0.0,0.0
1408,0.7966666666666665,0.0,0.0,1.0,0.0,0.0
1409,0.8516666666666665,0.0,0.0,1.0,0.0,0.0
1410,0.8433333333333334,0.0,0.0,1.0,0.0,0.0
1411,0.8250000000000002,0.0,0.0,0.99,0.0,0.01
1412,0.8199999999999998,0.0,0.0,1.0,0.0,0.0
1413,0.8066666666666669,0.0,0.0,1.0,0.0,0.0
1414,0.7916666666666667,0.0,0.0,1.0,0.0,0.0
1415,0.7883333333333333,0.0,0.0,1.0,0.0,0.0
1416,0.8099999999999997,0.0,0.0,1.0,0.0,0.0
1417,0.7933333333333333,0.0,0.0,1.0,0.0,0.0
1418,0.7833333333333333,0.0,0.0,1.0,0.0,0.0
1419,0.8449999999999999,0.0,0.0,1.0,0.0,0.0
1420,0.8333333333333331,0.0,0.0,1.0,0.0,0.0
1421,0.815,0.0,0.0,1.0,0.0,0.0
1422,0.8329050107939557,0.0,0.0,1.0,0.0,0.0
1423,0.8191433549212451,0.0,0.0,1.0,0.0,0.0
1424,0.7899999999999997,0.0,0.0,1.0,0.0,0.0
1425,0.7983333333333331,0.0,0.0,1.0,0.0,0.0
1426,0.7816666666666664,0.0,0.0,1.0,0.0,0.0
1427,0.7966666666666665,0.0,0.0,1.0,0.0,0.0
1428,0.798333333333333,0.0,0.0,1.0,0.0,0.0
1429,0.8333333333333336,0.0,0.0,1.0,0.0,0.0
1430,0.833333333333333,0.0,0.0,1.0,0.0,0.0
1431,0.831666666666667,0.0,0.0,1.0,0.0,0.0
1432,0.8316666666666667,0.0,0.0,1.0,0.0,0.0
1433,0.8166666666666665,0.0,0.0,1.0,0.0,0.0
1434,0.7916666666666664,0.0,0.0,1.0,0.0,0.0
1435,0.7849999999999998,0.0,0.0,0.98,0.0,0.02
1436,0.8083333333333331,0.0,0.0,0.94,0.0,0.06
1437,0.7844796256153032,0.0,0.0,0.92,0.0,0.08
1438,0.8009952302845806,0.0,0.0,0.92,0.0,0.08
1439,0.8183333333333335,0.0,0.0,0.91,0.0,0.09
1440,0.7833333333333331,0.0,0.0,0.94,0.0,0.06
1441,0.8149999999999998,0.0,0.0,0.97,0.0,0.03
1442,0.8199999999999998,0.0,0.0,0.95,0.0,0.05
1443,0.8233333333333333,0.0,0.0,0.97,0.0,0.03
1444,0.7966666666666665,0.0,0.0,0.98,0.0,0.02
1445,0.7916666666666664,0.0,0.0,0.99,0.0,0.01
1446,0.7999999999999997,0.0,0.0,0.97,0.0,0.03
1447,0.8033333333333331,0.0,0.0,0.96,0.0,0.04
1448,0.7833333333333333,0.0,0.0,0.98,0.0,0.02
1449,0.8416666666666666,0.0,0.0,0.99,0.0,0.01
1450,0.8266666666666669,0.0,0.0,1.0,0.0,0.0
1451,0.8183333333333335,0.0,0.0,1.0,0.0,0.0
1452,0.8233333333333331,0.0,0.0,1.0,0.0,0.0
1453,0.8433333333333333,0.0,0.0,1.0,0.0,0.0
1454,0.7916666666666663,0.0,0.0,1.0,0.0,0.0
1455,0.7949999999999997,0.0,0.0,1.0,0.0,0.0
1456,0.7983333333333331,0.0,0.0,1.0,0.0,0.0
1457,0.7916666666666664,0.0,0.0,1.0,0.0,0.0
1458,0.7983333333333333,0.0,0.0,1.0,0.0,0.0
1459,0.843333333333333,0.0,0.0,1.0,0.0,0.0
1460,0.8233333333333335,0.0,0.0,1.0,0.0,0.0
1461,0.8149999999999996,0.0,0.0,1.0,0.0,0.0
1462,0.828333333333333,0.0,0.0,1.0,0.0,0.0
1463,0.8066666666666668,0.0,0.0,1.0,0.0,0.0
1464,0.7983333333333333,0.0,0.0,1.0,0.0,0.0
1465,0.7899999999999998,0.0,0.0,1.0,0.0,0.0
1466,0.8099999999999997,0.0,0.0,1.0,0.0,0.0
1467,0.7816666666666664,0.0,0.0,1.0,0.0,0.0
1468,0.7983333333333331,0.0,0.0,1.0,0.0,0.0
1469,0.8200000000000003,0.0,0.0,1.0,0.0,0.0
1470,0.8183333333333335,0.0,0.0,1.0,0.0,0.0
1471,0.8216666666666663,0.0,0.0,1.0,0.0,0.0
1472,0.8100000000000004,0.0,0.0,1.0,0.0,0.0
1473,0.8366666666666663,0.0,0.0,1.0,0.0,0.0
1474,0.7933333333333331,0.0,0.0,1.0,0.0,0.0
1475,0.8016666666666665,0.0,0.0,1.0,0.0,0.0
1476,0.785,0.0,0.0,1.0,0.0,0.0
1477,0.7899999999999998,0.0,0.0,1.0,0.0,0.0
1478,0.7899999999999998,0.0,0.0,1.0,0.0,0.0
1479,0.8249999999999997,0.0,0.0,1.0,0.0,0.0
1480,0.8283333333333333,0.0,0.0,1.0,0.0,0.0
1481,0.8250000000000003,0.0,0.0,0.99,0.0,0.01
1482,0.8116666666666663,0.0,0.0,1.0,0.0,0.0
1483,0.8333333333333331,0.0,0.0,1.0,0.0,0.0
1484,0.7883333333333333,0.0,0.0,1.0,0.0,0.0
1485,0.7883333333333331,0.0,0.0,1.0,0.0,0.0
1486,0.7999999999999997,0.0,0.0,1.0,0.0,0.0
1487,0.7816666666666666,0.0,0.0,1.0,0.0,0.0
1488,0.7916666666666664,0.0,0.0,1.0,0.0,0.0
1489,0.8433333333333333,0.0,0.0,1.0,0.0,0.0
1490,0.8299999999999997,0.0,0.0,1.0,0.0,0.0
1491,0.8033333333333335,0.0,0.0,1.0,0.0,0.0
1492,0.815,0.0,0.0,1.0,0.0,0.0
1493,0.8266666666666661,0.0,0.0,1.0,0.0,0.0
1494,0.78,0.0,0.0,1.0,0.0,0.0
1495,0.818333333333333,0.0,0.0,1.0,0.0,0.0
1496,0.79,0.0,0.0,1.0,0.0,0.0
1497,0.7999999999999998,0.0,0.0,1.0,0.0,0.0
1498,0.78,0.0,0.0,1.0,0.0,0.0
1499,0.8316666666666671,0.0,0.0,1.0,0.0,0.0
1500,0.8283333333333335,0.0,0.0,1.0,0.0,0.0
1501,0.8066666666666669,0.0,0.0,1.0,0.0,0.0
1502,0.8316666666666664,0.0,0.0,1.0,0.0,0.0
1503,0.8366666666666663,0.0,0.0,1.0,0.0,0.0
1504,0.7966666666666664,0.0,0.0,1.0,0.0,0.0
1505,0.7899999999999998,0.0,0.0,1.0,0.0,0.0
1506,0.7966666666666665,0.0,0.0,1.0,0.0,0.0
1507,0.7916666666666665,0.0,0.0,1.0,0.0,0.0
1508,0.785,0.0,0.0,1.0,0.0,0.0
1509,0.8516666666666666,0.0,0.0,1.0,0.0,0.0
1510,0.8116666666666668,0.0,0.0,1.0,0.0,0.0
1511,0.8379973149750406,0.02,0.0,0.98,0.0,0.0
1512,0.8166666666666668,0.01,0.0,0.99,0.0,0.0
1513,0.8133333333333337,0.02,0.0,0.98,0.0,0.0
1514,0.7833333333333333,0.01,0.0,0.99,0.0,0.0
1515,0.808333333333333,0.01,0.0,0.99,0.0,0.0
1516,0.7849999999999998,0.03,0.0,0.97,0.0,0.0
1517,0.7866666666666667,0.03,0.0,0.97,0.0,0.0
1518,0.808333333333333,0.02,0.0,0.98,0.0,0.0
1519,0.8216666666666664,0.02,0.0,0.98,0.0,0.0
1520,0.7933333333333331,0.01,0.0,0.99,0.0,0.0
1521,0.8233333333333333,0.01,0.0,0.99,0.0,0.0
1522,0.843333333333333,0.03,0.0,0.97,0.0,0.0
1523,0.7916666666666669,0.04,0.0,0.96,0.0,0.0
1524,0.8033333333333331,0.01,0.0,0.99,0.0,0.0
1525,0.7916666666666665,0.04,0.0,0.96,0.0,0.0
1526,0.8033333333333331,0.03,0.0,0.97,0.0,0.0
1527,0.7833333333333333,0.02,0.0,0.98,0.0,0.0
1528,0.7683333333333333,0.02,0.0,0.98,0.0,0.0
1529,0.8,0.04,0.0,0.96,0.0,0.0
1530,0.8216666666666665,0.03,0.0,0.97,0.0,0.0
1531,0.8066666666666664,0.02,0.0,0.97,0.0,0.01
1532,0.8230908708187324,0.0,0.0,0.99,0.0,0.01
1533,0.8231409938442041,0.0,0.0,0.99,0.0,0.01
1534,0.7783333333333333,0.0,0.0,1.0,0.0,0.0
1535,0.785,0.0,0.0,1.0,0.0,0.0
1536,0.8016666666666664,0.0,0.0,1.0,0.0,0.0
1537,0.8216666666666664,0.0,0.0,1.0,0.0,0.0
1538,0.7949999999999998,0.0,0.0,1.0,0.0,0.0
1539,0.83,0.0,0.0,1.0,0.0,0.0
1540,0.8266666666666665,0.0,0.0,0.99,0.0,0.01
1541,0.82939181296968,0.0,0.0,0.97,0.0,0.03
1542,0.8360584796363465,0.0,0.0,0.97,0.0,0.03
1543,0.83,0.0,0.0,1.0,0.0,0.0
1544,0.7933333333333331,0.0,0.0,1.0,0.0,0.0
1545,0.7966666666666667,0.0,0.0,1.0,0.0,0.0
1546,0.803333333333333,0.0,0.0,1.0,0.0,0.0
1547,0.7866666666666664,0.0,0.0,1.0,0.0,0.0
1548,0.77,0.0,0.0,1.0,0.0,0.0
1549,0.8233333333333333,0.0,0.0,1.0,0.0,0.0
1550,0.8099999999999997,0.0,0.0,1.0,0.0,0.0
1551,0.8316666666666666,0.0,0.0,1.0,0.0,0.0
1552,0.8360514476104431,0.0,0.0,0.99,0.0,0.01
1553,0.8193847809437764,0.0,0.0,0.99,0.0,0.01
1554,0.8033333333333331,0.0,0.0,1.0,0.0,0.0
1555,0.7966666666666664,0.0,0.0,1.0,0.0,0.0
1556,0.7899999999999997,0.0,0.0,1.0,0.0,0.0
1557,0.7750000000000002,0.0,0.0,1.0,0.0,0.0
1558,0.79,0.0,0.0,1.0,0.0,0.0
1559,0.8283333333333336,0.0,0.0,1.0,0.0,0.0
1560,0.8170329336202635,0.0,0.0,1.0,0.0,0.0
1561,0.8083333333333335,0.0,0.0,1.0,0.0,0.0
1562,0.8233333333333337,0.0,0.0,1.0,0.0,0.0
1563,0.8283333333333331,0.0,0.0,1.0,0.0,0.0
1564,0.7966666666666665,0.0,0.0,1.0,0.0,0.0
1565,0.7966666666666665,0.0,0.0,1.0,0.0,0.0
1566,0.8,0.0,0.0,1.0,0.0,0.0
1567,0.7916666666666664,0.0,0.0,1.0,0.0,0.0
1568,0.7899999999999998,0.0,0.0,1.0,0.0,0.0
1569,0.8266666666666669,0.0,0.0,1.0,0.0,0.0
1570,0.8299999999999997,0.0,0.0,1.0,0.0,0.0
1571,0.8449999999999999,0.0,0.0,1.0,0.0,0.0
1572,0.8249999999999997,0.0,0.0,1.0,0.0,0.0
1573,0.8166666666666665,0.0,0.0,1.0,0.0,0.0
1574,0.7816666666666667,0.0,0.0,1.0,0.0,0.0
1575,0.7966666666666664,0.0,0.0,1.0,0.0,0.0
1576,0.7949999999999998,0.0,0.0,1.0,0.0,0.0
1577,0.7983333333333333,0.0,0.0,1.0,0.0,0.0
1578,0.77,0.0,0.0,1.0,0.0,0.0
1579,0.8466666666666666,0.0,0.0,1.0,0.0,0.0
1580,0.8166666666666665,0.0,0.0,1.0,0.0,0.0
1581,0.8149999999999998,0.0,0.0,1.0,0.0,0.0
1582,0.8433333333333332,0.0,0.0,1.0,0.0,0.0
1583,0.8199999999999996,0.0,0.0,1.0,0.0,0.0
1584,0.8083333333333331,0.0,0.0,1.0,0.0,0.0
1585,0.7866666666666666,0.0,0.0,1.0,0.0,0.0
1586,0.7866666666666666,0.0,0.0,0.99,0.0,0.01
1587,0.7783333333333333,0.0,0.0,1.0,0.0,0.0
1588,0.785,0.0,0.0,1.0,0.0,0.0
1589,0.8499999999999998,0.0,0.0,1.0,0.0,0.0
1590,0.8316666666666664,0.0,0.0,1.0,0.0,0.0
1591,0.833333333333333,0.0,0.0,1.0,0.0,0.0
1592,0.8483333333333334,0.0,0.0,1.0,0.0,0.0
1593,0.8333333333333328,0.0,0.0,1.0,0.0,0.0
1594,0.7983333333333331,0.0,0.0,1.0,0.0,0.0
1595,0.7883333333333331,0.0,0.0,1.0,0.0,0.0
1596,0.7833333333333333,0.0,0.0,1.0,0.0,0.0
1597,0.7966666666666664,0.0,0.0,1.0,0.0,0.0
1598,0.7983333333333331,0.0,0.0,1.0,0.0,0.0
1599,0.8199999999999994,0.0,0.0,1.0,0.0,0.0
1600,0.8216666666666664,0.0,0.0,1.0,0.0,0.0
1601,0.8216666666666665,0.0,0.0,1.0,0.0,0.0
1602,0.8416666666666665,0.0,0.0,1.0,0.0,0.0
1603,0.8449999999999998,0.0,0.0,1.0,0.0,0.0
1604,0.7866666666666666,0.0,0.0,0.99,0.0,0.01
1605,0.7916666666666664,0.0,0.0,0.99,0.0,0.01
1606,0.7883333333333333,0.0,0.0,0.99,0.0,0.01
1607,0.7916666666666664,0.0,0.0,0.99,0.0,0.01
1608,0.7966666666666665,0.0,0.0,0.98,0.0,0.02
1609,0.7999999999999997,0.0,0.0,0.95,0.0,0.05
1610,0.8083333333333336,0.0,0.0,0.98,0.0,0.02
1611,0.8183333333333332,0.0,0.0,0.96,0.0,0.04
1612,0.8066666666666668,0.0,0.0,0.95,0.0,0.05
1613,0.8299999999999998,0.0,0.0,0.96,0.0,0.04
1614,0.7899999999999997,0.0,0.0,0.95,0.0,0.05
1615,0.7916666666666664,0.0,0.0,0.96,0.0,0.04
1616,0.7949999999999998,0.0,0.0,0.96,0.0,0.04
1617,0.785,0.0,0.0,0.96,0.0,0.04
1618,0.7849999999999998,0.0,0.0,0.92,0.0,0.08
1619,0.805,0.0,0.0,0.91,0.0,0.09
1620,0.8166666666666669,0.0,0.0,0.91,0.0,0.09
1621,0.82,0.0,0.0,0.88,0.0,0.12
1622,0.8249999999999997,0.0,0.0,0.9,0.0,0.1
1623,0.8050000000000003,0.0,0.0,0.91,0.0,0.09
1624,0.7733333333333333,0.0,0.0,0.93,0.0,0.07
1625,0.7899999999999997,0.0,0.0,0.92,0.0,0.08
1626,0.7866666666666666,0.0,0.0,0.94,0.0,0.06
1627,0.7816666666666664,0.0,0.0,0.93,0.0,0.07
1628,0.7966666666666664,0.0,0.0,0.91,0.0,0.09
1629,0.8200000000000002,0.0,0.0,0.9,0.0,0.1
1630,0.826666666666667,0.0,0.0,0.92,0.0,0.08
1631,0.8249999999999998,0.0,0.0,0.95,0.0,0.05
1632,0.8283333333333333,0.0,0.0,0.96,0.0,0.04
1633,0.8266666666666669,0.0,0.0,1.0,0.0,0.0
1634,0.7933333333333333,0.0,0.0,1.0,0.0,0.0
1635,0.8016666666666665,0.0,0.0,1.0,0.0,0.0
1636,0.805,0.0,0.0,1.0,0.0,0.0
1637,0.7933333333333331,0.01,0.0,0.99,0.0,0.0
1638,0.8029855601932901,0.01,0.0,0.99,0.0,0.0
1639,0.8333333333333331,0.02,0.0,0.98,0.0,0.0
1640,0.8116666666666663,0.02,0.0,0.98,0.0,0.0
1641,0.8316666666666661,0.01,0.0,0.99,0.0,0.0
1642,0.8066666666666668,0.03,0.0,0.97,0.0,0.0
1643,0.8233333333333333,0.01,0.0,0.99,0.0,0.0
1644,0.7999999999999998,0.02,0.0,0.98,0.0,0.0
1645,0.8033333333333332,0.03,0.0,0.97,0.0,0.0
1646,0.8049999999999997,0.03,0.0,0.97,0.0,0.0
1647,0.8066666666666668,0.06,0.0,0.94,0.0,0.0
1648,0.8016666666666667,0.07,0.0,0.93,0.0,0.0
1649,0.8133333333333337,0.11,0.0,0.89,0.0,0.0
1650,0.8133333333333332,0.06,0.0,0.94,0.0,0.0
1651,0.8183333333333332,0.05,0.0,0.95,0.0,0.0
1652,0.8316666666666669,0.04,0.0,0.96,0.0,0.0
1653,0.8266666666666661,0.0,0.0,1.0,0.0,0.0
1654,0.7766666666666666,0.0,0.0,1.0,0.0,0.0
1655,0.7883333333333331,0.0,0.0,1.0,0.0,0.0
1656,0.7966666666666665,0.0,0.0,1.0,0.0,0.0
1657,0.7983333333333331,0.0,0.0,1.0,0.0,0.0
1658,0.7933333333333333,0.0,0.0,1.0,0.0,0.0
1659,0.8449999999999998,0.0,0.0,1.0,0.0,0.0
1660,0.8233333333333333,0.0,0.0,1.0,0.0,0.0
1661,0.8349999999999999,0.0,0.0,1.0,0.0,0.0
1662,0.8349999999999999,0.0,0.0,1.0,0.0,0.0
1663,0.83,0.0,0.0,1.0,0.0,0.0
1664,0.7866666666666667,0.0,0.0,1.0,0.0,0.0
1665,0.8083333333333332,0.0,0.0,1.0,0.0,0.0
1666,0.7933333333333331,0.0,0.0,1.0,0.0,0.0
1667,0.808333333333333,0.0,0.0,1.0,0.0,0.0
1668,0.7933333333333333,0.0,0.0,1.0,0.0,0.0
1669,0.85,0.0,0.0,1.0,0.0,0.0
1670,0.8283333333333333,0.0,0.0,1.0,0.0,0.0
1671,0.8366666666666669,0.0,0.0,1.0,0.0,0.0
1672,0.8283333333333327,0.0,0.0,1.0,0.0,0.0
1673,0.8366666666666667,0.0,0.0,1.0,0.0,0.0
1674,0.7866666666666667,0.0,0.0,1.0,0.0,0.0
1675,0.7983333333333333,0.0,0.0,1.0,0.0,0.0
1676,0.7766666666666666,0.0,0.0,1.0,0.0,0.0
1677,0.7833333333333333,0.0,0.0,1.0,0.0,0.0
1678,0.7800000000000001,0.0,0.0,1.0,0.0,0.0
1679,0.8233333333333327,0.0,0.0,1.0,0.0,0.0
1680,0.8283333333333335,0.0,0.0,1.0,0.0,0.0
1681,0.8231041938788334,0.0,0.0,1.0,0.0,0.0
1682,0.8199999999999998,0.0,0.0,1.0,0.0,0.0
1683,0.818333333333333,0.01,0.0,0.99,0.0,0.0
1684,0.7866666666666663,0.0,0.0,1.0,0.0,0.0
1685,0.8099999999999997,0.0,0.0,1.0,0.0,0.0
1686,0.8099999999999997,0.0,0.0,1.0,0.0,0.0
1687,0.7849999999999998,0.0,0.0,1.0,0.0,0.0
1688,0.8016666666666667,0.0,0.0,1.0,0.0,0.0
1689,0.838333333333333,0.0,0.0,1.0,0.0,0.0
1690,0.8016666666666667,0.0,0.0,1.0,0.0,0.0
1691,0.8299999999999994,0.0,0.0,1.0,0.0,0.0
1692,0.8433333333333332,0.0,0.0,1.0,0.0,0.0
1693,0.8316666666666671,0.0,0.0,1.0,0.0,0.0
1694,0.7866666666666666,0.0,0.0,1.0,0.0,0.0
1695,0.7616666666666668,0.0,0.0,1.0,0.0,0.0
1696,0.7966666666666664,0.0,0.0,1.0,0.0,0.0
1697,0.7983333333333331,0.0,0.0,1.0,0.0,0.0
1698,0.7783333333333333,0.0,0.0,1.0,0.0,0.0
1699,0.8366666666666657,0.0,0.0,1.0,0.0,0.0
1700,0.8266666666666661,0.0,0.0,1.0,0.0,0.0
1701,0.8349999999999997,0.0,0.0,1.0,0.0,0.0
1702,0.8333333333333331,0.0,0.0,1.0,0.0,0.0
1703,0.8233333333333327,0.0,0.0,1.0,0.0,0.0
1704,0.7916666666666665,0.0,0.0,1.0,0.0,0.0
1705,0.7883333333333333,0.0,0.0,1.0,0.0,0.0
1706,0.7883333333333331,0.0,0.0,1.0,0.0,0.0
1707,0.7933333333333333,0.0,0.0,1.0,0.0,0.0
1708,0.7966666666666667,0.0,0.0,1.0,0.0,0.0
1709,0.8150000000000003,0.0,0.0,1.0,0.0,0.0
1710,0.8416666666666667,0.0,0.0,1.0,0.0,0.0
1711,0.83,0.0,0.0,1.0,0.0,0.0
1712,0.8283333333333337,0.0,0.0,1.0,0.0,0.0
1713,0.835,0.0,0.0,1.0,0.0,0.0
1714,0.7949999999999997,0.0,0.0,1.0,0.0,0.0
1715,0.7833333333333333,0.0,0.0,1.0,0.0,0.0
1716,0.798333333333333,0.0,0.0,1.0,0.0,0.0
1717,0.7999999999999996,0.0,0.0,1.0,0.0,0.0
1718,0.7999999999999998,0.0,0.0,1.0,0.0,0.0
1719,0.8299999999999994,0.0,0.0,1.0,0.0,0.0
1720,0.8366666666666666,0.0,0.0,1.0,0.0,0.0
1721,0.815,0.0,0.0,1.0,0.0,0.0
1722,0.8099999999999997,0.0,0.0,1.0,0.0,0.0
1723,0.8433333333333332,0.0,0.0,1.0,0.0,0.0
1724,0.8066666666666663,0.0,0.0,1.0,0.0,0.0
1725,0.7783333333333333,0.0,0.0,1.0,0.0,0.0
1726,0.7949999999999998,0.0,0.0,1.0,0.0,0.0
1727,0.7933333333333331,0.0,0.0,1.0,0.0,0.0
1728,0.79,0.0,0.0,1.0,0.0,0.0
1729,0.8249999999999994,0.0,0.0,1.0,0.0,0.0
1730,0.8266666666666665,0.0,0.0,1.0,0.0,0.0
1731,0.8383333333333332,0.0,0.0,1.0,0.0,0.0
1732,0.8216666666666665,0.0,0.0,1.0,0.0,0.0
1733,0.848333333333333,0.0,0.0,1.0,0.0,0.0
1734,0.7833333333333333,0.0,0.0,1.0,0.0,0.0
1735,0.7716666666666666,0.0,0.0,1.0,0.0,0.0
1736,0.7833333333333334,0.0,0.0,1.0,0.0,0.0
1737,0.8016666666666664,0.0,0.0,1.0,0.0,0.0
1738,0.7949999999999998,0.0,0.0,1.0,0.0,0.0
1739,0.8316666666666664,0.0,0.0,1.0,0.0,0.0
1740,0.8316666666666661,0.0,0.0,1.0,0.0,0.0
1741,0.8050000000000002,0.0,0.0,1.0,0.0,0.0
1742,0.8099999999999996,0.0,0.0,1.0,0.0,0.0
1743,0.8249999999999997,0.0,0.0,1.0,0.0,0.0
1744,0.8066666666666665,0.0,0.0,0.99,0.0,0.01
1745,0.7933333333333331,0.0,0.0,1.0,0.0,0.0
1746,0.7816666666666666,0.0,0.0,1.0,0.0,0.0
1747,0.7966666666666664,0.0,0.0,1.0,0.0,0.0
1748,0.8016666666666664,0.0,0.0,1.0,0.0,0.0
1749,0.8166666666666663,0.0,0.0,1.0,0.0,0.0
1750,0.8250000000000003,0.0,0.0,1.0,0.0,0.0
1751,0.8299999999999998,0.0,0.0,1.0,0.0,0.0
1752,0.8233333333333335,0.0,0.0,1.0,0.0,0.0
1753,0.828333333333333,0.0,0.0,1.0,0.0,0.0
1754,0.8183333333333331,0.0,0.0,1.0,0.0,0.0
1755,0.785,0.0,0.0,1.0,0.0,0.0
1756,0.7833333333333331,0.0,0.0,1.0,0.0,0.0
1757,0.785,0.0,0.0,1.0,0.0,0.0
1758,0.7949999999999997,0.0,0.0,1.0,0.0,0.0
1759,0.825,0.0,0.0,1.0,0.0,0.0
1760,0.825,0.0,0.0,1.0,0.0,0.0
1761,0.8249999999999998,0.0,0.0,1.0,0.0,0.0
1762,0.8233333333333336,0.0,0.0,1.0,0.0,0.0
1763,0.8433333333333337,0.0,0.0,1.0,0.0,0.0
1764,0.7749999999999999,0.0,0.0,1.0,0.0,0.0
1765,0.7816666666666667,0.0,0.0,1.0,0.0,0.0
1766,0.7916666666666664,0.0,0.0,1.0,0.0,0.0
1767,0.7874102072477208,0.01,0.0,0.99,0.0,0.0
1768,0.7690768739143877,0.01,0.0,0.99,0.0,0.0
1769,0.8349999999999997,0.0,0.0,1.0,0.0,0.0
1770,0.823333333333333,0.0,0.0,1.0,0.0,0.0
1771,0.8116666666666663,0.0,0.0,1.0,0.0,0.0
1772,0.8283333333333335,0.0,0.0,1.0,0.0,0.0
1773,0.8166666666666669,0.0,0.0,1.0,0.0,0.0
1774,0.8099999999999997,0.0,0.0,1.0,0.0,0.0
1775,0.7816666666666666,0.0,0.0,1.0,0.0,0.0
1776,0.7949999999999997,0.0,0.0,1.0,0.0,0.0
1777,0.7833333333333331,0.0,0.0,1.0,0.0,0.0
1778,0.8083333333333331,0.0,0.0,1.0,0.0,0.0
1779,0.815,0.0,0.0,1.0,0.0,0.0
1780,0.8266666666666664,0.0,0.0,1.0,0.0,0.0
1781,0.813333333333333,0.0,0.0,1.0,0.0,0.0
1782,0.8216666666666669,0.0,0.0,1.0,0.0,0.0
1783,0.8333333333333331,0.0,0.0,1.0,0.0,0.0
1784,0.7999999999999997,0.0,0.0,1.0,0.0,0.0
1785,0.8033333333333331,0.0,0.0,1.0,0.0,0.0
1786,0.8049999999999997,0.0,0.0,1.0,0.0,0.0
1787,0.8066666666666664,0.0,0.0,1.0,0.0,0.0
1788,0.7916666666666665,0.0,0.0,1.0,0.0,0.0
1789,0.8183333333333331,0.0,0.0,1.0,0.0,0.0
1790,0.8299999999999998,0.0,0.0,1.0,0.0,0.0
1791,0.8199999999999998,0.0,0.0,1.0,0.0,0.0
1792,0.7950000000000002,0.0,0.0,1.0,0.0,0.0
1793,0.82,0.0,0.0,1.0,0.0,0.0
1794,0.8033333333333331,0.0,0.0,1.0,0.0,0.0
1795,0.7833333333333331,0.0,0.0,1.0,0.0,0.0
1796,0.7749999999999999,0.0,0.0,1.0,0.0,0.0
1797,0.7916666666666664,0.0,0.0,1.0,0.0,0.0
1798,0.7866666666666667,0.0,0.0,1.0,0.0,0.0
1799,0.833333333333333,0.0,0.0,1.0,0.0,0.0
1800,0.838333333333333,0.0,0.0,1.0,0.0,0.0
1801,0.8216666666666669,0.0,0.0,1.0,0.0,0.0
1802,0.838333333333333,0.0,0.0,1.0,0.0,0.0
1803,0.835,0.0,0.0,1.0,0.0,0.0
1804,0.793333333333333,0.0,0.0,1.0,0.0,0.0
1805,0.7783333333333333,0.0,0.0,1.0,0.0,0.0
1806,0.7966666666666664,0.0,0.0,1.0,0.0,0.0
1807,0.7766666666666667,0.0,0.0,0.99,0.0,0.01
1808,0.7699999999999997,0.0,0.0,0.99,0.0,0.01
1809,0.8483333333333333,0.0,0.0,0.98,0.0,0.02
1810,0.8133333333333332,0.0,0.0,0.96,0.0,0.04
1811,0.843333333333333,0.0,0.0,0.94,0.0,0.06
1812,0.8116666666666668,0.0,0.0,0.94,0.0,0.06
1813,0.8133333333333335,0.0,0.0,0.97,0.0,0.03
1814,0.7933333333333334,0.0,0.0,0.97,0.0,0.03
1815,0.7949999999999998,0.0,0.0,0.98,0.0,0.02
1816,0.7733333333333333,0.0,0.0,0.98,0.0,0.02
1817,0.7983333333333333,0.0,0.0,0.97,0.0,0.03
1818,0.7899999999999997,0.0,0.0,0.96,0.0,0.04
1819,0.81,0.0,0.0,0.97,0.0,0.03
1820,0.8133333333333332,0.0,0.0,0.99,0.0,0.01
1821,0.827237105658409,0.0,0.0,0.99,0.0,0.01
1822,0.8199999999999994,0.0,0.0,1.0,0.0,0.0
1823,0.833333333333333,0.0,0.0,1.0,0.0,0.0
1824,0.7916666666666664,0.0,0.0,0.99,0.0,0.01
1825,0.7833333333333331,0.0,0.0,0.99,0.0,0.01
1826,0.7966666666666664,0.0,0.0,0.99,0.0,0.01
1827,0.8116666666666664,0.0,0.0,1.0,0.0,0.0
1828,0.778333333333333,0.0,0.0,1.0,0.0,0.0
1829,0.8416666666666665,0.0,0.0,1.0,0.0,0.0
1830,0.7866666666666664,0.0,0.0,1.0,0.0,0.0
1831,0.8150000000000002,0.0,0.0,1.0,0.0,0.0
1832,0.7981494629507453,0.0,0.0,1.0,0.0,0.0
1833,0.81,0.0,0.0,1.0,0.0,0.0
1834,0.7816666666666666,0.0,0.0,1.0,0.0,0.0
1835,0.7949999999999997,0.0,0.0,1.0,0.0,0.0
1836,0.7766666666666666,0.0,0.0,1.0,0.0,0.0
1837,0.8033333333333331,0.0,0.0,1.0,0.0,0.0
1838,0.785,0.0,0.0,1.0,0.0,0.0
1839,0.8399999999999993,0.0,0.0,1.0,0.0,0.0
1840,0.8400000000000002,0.0,0.0,1.0,0.0,0.0
1841,0.8583333333333336,0.0,0.0,0.99,0.0,0.01
1842,0.8150000000000002,0.0,0.0,0.96,0.0,0.04
1843,0.8166666666666664,0.0,0.0,0.97,0.0,0.03
1844,0.7966666666666665,0.0,0.0,0.98,0.0,0.02
1845,0.7833333333333331,0.0,0.0,0.99,0.0,0.01
1846,0.8016666666666665,0.0,0.0,0.97,0.0,0.03
1847,0.7833333333333335,0.0,0.0,0.99,0.0,0.01
1848,0.7783333333333333,0.0,0.0,0.98,0.0,0.02
1849,0.8450000000000002,0.0,0.0,1.0,0.0,0.0
1850,0.8316666666666667,0.0,0.0,1.0,0.0,0.0
1851,0.8366666666666664,0.0,0.0,1.0,0.0,0.0
1852,0.8399999999999995,0.0,0.0,0.99,0.0,0.01
1853,0.8183333333333331,0.0,0.0,0.99,0.0,0.01
1854,0.8066666666666663,0.0,0.0,0.99,0.0,0.01
1855,0.7883333333333333,0.0,0.0,0.99,0.0,0.01
1856,0.7849999999999998,0.0,0.0,1.0,0.0,0.0
1857,0.8016666666666665,0.0,0.0,1.0,0.0,0.0
1858,0.7816666666666667,0.0,0.0,1.0,0.0,0.0
1859,0.8166666666666669,0.0,0.0,1.0,0.0,0.0
1860,0.8433333333333333,0.0,0.0,1.0,0.0,0.0
1861,0.8199999999999997,0.0,0.0,1.0,0.0,0.0
1862,0.8266666666666667,0.0,0.0,1.0,0.0,0.0
1863,0.823333333333333,0.0,0.0,1.0,0.0,0.0
1864,0.7816666666666666,0.0,0.0,1.0,0.0,0.0
1865,0.765,0.0,0.0,1.0,0.0,0.0
1866,0.7933333333333333,0.0,0.0,1.0,0.0,0.0
1867,0.7866666666666664,0.0,0.0,1.0,0.0,0.0
1868,0.7816666666666666,0.0,0.0,1.0,0.0,0.0
1869,0.8349999999999999,0.0,0.0,1.0,0.0,0.0
1870,0.8449999999999999,0.0,0.0,1.0,0.0,0.0
1871,0.8316666666666666,0.0,0.0,1.0,0.0,0.0
1872,0.838333333333333,0.0,0.0,1.0,0.0,0.0
1873,0.8533333333333333,0.0,0.0,1.0,0.0,0.0
1874,0.7949999999999996,0.0,0.0,1.0,0.0,0.0
1875,0.7899999999999997,0.0,0.0,1.0,0.0,0.0
1876,0.7833333333333333,0.0,0.0,1.0,0.0,0.0
1877,0.7949999999999997,0.0,0.0,1.0,0.0,0.0
1878,0.8066666666666664,0.0,0.0,1.0,0.0,0.0
1879,0.8349999999999995,0.0,0.0,1.0,0.0,0.0
1880,0.8349999999999995,0.0,0.0,1.0,0.0,0.0
1881,0.8383333333333332,0.0,0.0,1.0,0.0,0.0
1882,0.8433333333333332,0.0,0.0,1.0,0.0,0.0
1883,0.8116666666666668,0.0,0.0,1.0,0.0,0.0
1884,0.7933333333333333,0.0,0.0,1.0,0.0,0.0
1885,0.785,0.0,0.0,1.0,0.0,0.0
1886,0.7933333333333331,0.0,0.0,1.0,0.0,0.0
1887,0.7949999999999998,0.0,0.0,1.0,0.0,0.0
1888,0.7816666666666666,0.0,0.0,1.0,0.0,0.0
1889,0.8299999999999998,0.0,0.0,1.0,0.0,0.0
1890,0.8349999999999997,0.0,0.0,1.0,0.0,0.0
1891,0.835,0.0,0.0,1.0,0.0,0.0
1892,0.8283333333333331,0.0,0.0,1.0,0.0,0.0
1893,0.8149999999999996,0.0,0.0,1.0,0.0,0.0
1894,0.795,0.0,0.0,1.0,0.0,0.0
1895,0.79,0.0,0.0,1.0,0.0,0.0
1896,0.7983333333333331,0.0,0.0,1.0,0.0,0.0
1897,0.7866666666666666,0.0,0.0,1.0,0.0,0.0
1898,0.8016666666666664,0.0,0.0,0.99,0.0,0.01
1899,0.825,0.0,0.0,1.0,0.0,0.0
1900,0.8283333333333335,0.0,0.0,1.0,0.0,0.0
1901,0.8266666666666664,0.0,0.0,1.0,0.0,0.0
1902,0.8333333333333333,0.0,0.0,1.0,0.0,0.0
1903,0.8233333333333333,0.0,0.0,1.0,0.0,0.0
1904,0.7933333333333333,0.0,0.0,1.0,0.0,0.0
1905,0.7666666666666667,0.0,0.0,1.0,0.0,0.0
1906,0.7966666666666664,0.0,0.0,1.0,0.0,0.0
1907,0.7883333333333331,0.0,0.0,1.0,0.0,0.0
1908,0.7899999999999998,0.0,0.0,1.0,0.0,0.0
1909,0.8216666666666669,0.0,0.0,1.0,0.0,0.0
1910,0.8449999999999998,0.0,0.0,1.0,0.0,0.0
1911,0.8099999999999997,0.0,0.0,1.0,0.0,0.0
1912,0.8249999999999998,0.0,0.0,1.0,0.0,0.0
1913,0.8149999999999998,0.0,0.0,1.0,0.0,0.0
1914,0.7983333333333333,0.0,0.0,1.0,0.0,0.0
1915,0.7966666666666663,0.0,0.0,1.0,0.0,0.0
1916,0.8016666666666664,0.0,0.0,1.0,0.0,0.0
1917,0.785,0.0,0.0,1.0,0.0,0.0
1918,0.7866666666666666,0.0,0.0,0.99,0.0,0.01
1919,0.8333333333333331,0.0,0.0,1.0,0.0,0.0
1920,0.8250000000000002,0.0,0.0,1.0,0.0,0.0
1921,0.8383333333333328,0.0,0.0,1.0,0.0,0.0
1922,0.8280077993940368,0.0,0.0,1.0,0.0,0.0
1923,0.8299999999999998,0.0,0.0,1.0,0.0,0.0
1924,0.8033333333333331,0.0,0.0,1.0,0.0,0.0
1925,0.785,0.0,0.0,1.0,0.0,0.0
1926,0.78,0.0,0.0,1.0,0.0,0.0
1927,0.7883333333333333,0.0,0.0,1.0,0.0,0.0
1928,0.8016666666666664,0.0,0.0,1.0,0.0,0.0
1929,0.8416666666666666,0.0,0.0,1.0,0.0,0.0
1930,0.813333333333333,0.0,0.0,1.0,0.0,0.0
1931,0.8233086384383976,0.0,0.0,0.99,0.0,0.01
1932,0.8483086384383981,0.0,0.0,0.99,0.0,0.01
1933,0.8366666666666666,0.0,0.0,1.0,0.0,0.0
1934,0.7916666666666665,0.0,0.0,1.0,0.0,0.0
1935,0.8016666666666665,0.0,0.0,1.0,0.0,0.0
1936,0.7933333333333333,0.0,0.0,1.0,0.0,0.0
1937,0.7866666666666664,0.0,0.0,1.0,0.0,0.0
1938,0.788333333333333,0.0,0.0,1.0,0.0,0.0
1939,0.8399999999999999,0.0,0.0,1.0,0.0,0.0
1940,0.8416666666666665,0.0,0.0,1.0,0.0,0.0
1941,0.8083333333333337,0.0,0.0,1.0,0.0,0.0
1942,0.8200000000000006,0.0,0.0,1.0,0.0,0.0
1943,0.8283333333333331,0.0,0.0,1.0,0.0,0.0
1944,0.8033333333333331,0.0,0.0,1.0,0.0,0.0
1945,0.8016666666666664,0.0,0.0,1.0,0.0,0.0
1946,0.8099999999999997,0.0,0.0,1.0,0.0,0.0
1947,0.7766666666666667,0.0,0.0,0.99,0.0,0.01
1948,0.7883333333333333,0.0,0.0,0.97,0.0,0.03
1949,0.8366666666666664,0.0,0.0,0.98,0.0,0.02
1950,0.8333333333333331,0.0,0.0,1.0,0.0,0.0
1951,0.8200000000000002,0.0,0.0,1.0,0.0,0.0
1952,0.8249999999999998,0.0,0.0,1.0,0.0,0.0
1953,0.8299999999999997,0.0,0.0,1.0,0.0,0.0
1954,0.7949999999999998,0.0,0.0,1.0,0.0,0.0
1955,0.7916666666666664,0.0,0.0,1.0,0.0,0.0
1956,0.7866666666666667,0.0,0.0,1.0,0.0,0.0
1957,0.7966666666666664,0.0,0.0,1.0,0.0,0.0
1958,0.7899999999999998,0.0,0.0,1.0,0.0,0.0
1959,0.8433333333333333,0.0,0.0,1.0,0.0,0.0
1960,0.8416666666666663,0.0,0.0,1.0,0.0,0.0
1961,0.8183333333333331,0.0,0.0,1.0,0.0,0.0
1962,0.8383333333333332,0.0,0.0,1.0,0.0,0.0
1963,0.82,0.0,0.0,1.0,0.0,0.0
1964,0.7849999999999998,0.0,0.0,1.0,0.0,0.0
1965,0.7666666666666667,0.0,0.0,1.0,0.0,0.0
1966,0.7933333333333331,0.0,0.0,1.0,0.0,0.0
1967,0.803333333333333,0.0,0.0,1.0,0.0,0.0
1968,0.8016666666666664,0.0,0.0,1.0,0.0,0.0
1969,0.8283333333333333,0.0,0.0,1.0,0.0,0.0
1970,0.8250000000000002,0.0,0.0,1.0,0.0,0.0
1971,0.8183333333333331,0.0,0.0,1.0,0.0,0.0
1972,0.8133333333333339,0.0,0.0,1.0,0.0,0.0
1973,0.8166666666666668,0.0,0.0,1.0,0.0,0.0
1974,0.7866666666666666,0.0,0.0,1.0,0.0,0.0
1975,0.7949999999999998,0.0,0.0,1.0,0.0,0.0
1976,0.8099999999999997,0.0,0.0,1.0,0.0,0.0
1977,0.7933333333333331,0.0,0.0,1.0,0.0,0.0
1978,0.7721556976187938,0.0,0.0,1.0,0.0,0.0
1979,0.8216666666666668,0.0,0.0,1.0,0.0,0.0
1980,0.8166666666666668,0.0,0.0,1.0,0.0,0.0
1981,0.8250000000000003,0.0,0.0,1.0,0.0,0.0
1982,0.8216666666666669,0.0,0.0,1.0,0.0,0.0
1983,0.8300000000000002,0.0,0.0,1.0,0.0,0.0
1984,0.765,0.0,0.0,1.0,0.0,0.0
1985,0.7999999999999997,0.0,0.0,0.99,0.0,0.01
1986,0.7716666666666666,0.0,0.0,1.0,0.0,0.0
1987,0.7716666666666666,0.0,0.0,1.0,0.0,0.0
1988,0.7833333333333331,0.0,0.0,1.0,0.0,0.0
1989,0.8399999999999997,0.0,0.0,1.0,0.0,0.0
1990,0.8266666666666665,0.0,0.0,1.0,0.0,0.0
1991,0.8316666666666661,0.0,0.0,1.0,0.0,0.0
1992,0.8483333333333332,0.0,0.0,1.0,0.0,0.0
1993,0.8283333333333331,0.0,0.0,1.0,0.0,0.0
1994,0.8066666666666664,0.0,0.0,1.0,0.0,0.0
1995,0.8116666666666664,0.0,0.0,1.0,0.0,0.0
1996,0.795,0.0,0.0,1.0,0.0,0.0
1997,0.7983333333333331,0.0,0.0,1.0,0.0,0.0
1998,0.7733333333333333,0.0,0.0,1.0,0.0,0.0
1999,0.8333333333333335,0.0,0.0,1.0,0.0,0.0
2000,0.8349999999999997,0.0,0.0,1.0,0.0,0.0
2001,0.8366666666666664,0.0,0.0,1.0,0.0,0.0
2002,0.8149999999999998,0.0,0.0,1.0,0.0,0.0
2003,0.8199999999999998,0.0,0.0,1.0,0.0,0.0
2004,0.785,0.0,0.0,1.0,0.0,0.0
2005,0.77,0.0,0.0,1.0,0.0,0.0
2006,0.7916666666666665,0.0,0.0,1.0,0.0,0.0
2007,0.775,0.0,0.0,1.0,0.0,0.0
2008,0.7899999999999998,0.0,0.0,1.0,0.0,0.0
2009,0.8266666666666664,0.0,0.0,1.0,0.0,0.0
2010,0.8266666666666667,0.0,0.0,1.0,0.0,0.0
2011,0.833333333333333,0.0,0.0,1.0,0.0,0.0
2012,0.8316666666666667,0.0,0.0,1.0,0.0,0.0
2013,0.8200000000000002,0.0,0.0,1.0,0.0,0.0
2014,0.7916666666666665,0.01,0.0,0.99,0.0,0.0
2015,0.7816666666666668,0.03,0.0,0.97,0.0,0.0
2016,0.7916666666666665,0.02,0.0,0.98,0.0,0.0
2017,0.7866666666666666,0.02,0.0,0.98,0.0,0.0
2018,0.8099999999999998,0.03,0.0,0.97,0.0,0.0
2019,0.8099999999999994,0.02,0.0,0.98,0.0,0.0
2020,0.8333333333333336,0.0,0.0,1.0,0.0,0.0
2021,0.8166666666666663,0.0,0.0,1.0,0.0,0.0
2022,0.8433333333333333,0.0,0.0,1.0,0.0,0.0
2023,0.8233333333333335,0.0,0.0,1.0,0.0,0.0
2024,0.7749999999999999,0.0,0.0,1.0,0.0,0.0
2025,0.7816666666666668,0.0,0.0,1.0,0.0,0.0
2026,0.793333333333333,0.0,0.0,1.0,0.0,0.0
2027,0.7799999999999998,0.0,0.0,0.99,0.0,0.01
2028,0.7883333333333333,0.0,0.0,1.0,0.0,0.0
2029,0.848333333333333,0.0,0.0,1.0,0.0,0.0
2030,0.8316666666666663,0.0,0.0,0.99,0.0,0.01
2031,0.84,0.0,0.0,0.99,0.0,0.01
2032,0.8200000000000002,0.0,0.0,1.0,0.0,0.0
2033,0.8333333333333335,0.0,0.0,1.0,0.0,0.0
2034,0.7983333333333331,0.0,0.0,1.0,0.0,0.0
2035,0.7866666666666668,0.0,0.0,1.0,0.0,0.0
2036,0.785,0.0,0.0,1.0,0.0,0.0
2037,0.7933333333333331,0.0,0.0,1.0,0.0,0.0
2038,0.7750000000000001,0.0,0.0,1.0,0.0,0.0
2039,0.8499999999999999,0.0,0.0,1.0,0.0,0.0
2040,0.818333333333333,0.0,0.0,1.0,0.0,0.0
2041,0.828333333333333,0.0,0.0,1.0,0.0,0.0
2042,0.8349999999999999,0.0,0.0,1.0,0.0,0.0
2043,0.8116666666666665,0.0,0.0,1.0,0.0,0.0
2044,0.7900000000000001,0.0,0.0,1.0,0.0,0.0
2045,0.7966666666666664,0.0,0.0,1.0,0.0,0.0
2046,0.8016666666666667,0.0,0.0,1.0,0.0,0.0
2047,0.7949999999999997,0.0,0.0,1.0,0.0,0.0
2048,0.7950000000000002,0.0,0.0,1.0,0.0,0.0
2049,0.8216666666666664,0.0,0.0,1.0,0.0,0.0
2050,0.8183333333333332,0.0,0.0,1.0,0.0,0.0
2051,0.8349999999999999,0.0,0.0,1.0,0.0,0.0
2052,0.843333333333333,0.0,0.0,1.0,0.0,0.0
2053,0.8316666666666664,0.0,0.0,1.0,0.0,0.0
2054,0.7866666666666666,0.0,0.0,1.0,0.0,0.0
2055,0.7766666666666666,0.0,0.0,1.0,0.0,0.0
2056,0.8083333333333331,0.0,0.0,1.0,0.0,0.0
2057,0.7966666666666665,0.0,0.0,1.0,0.0,0.0
2058,0.7916666666666664,0.0,0.0,1.0,0.0,0.0
2059,0.8333333333333331,0.0,0.0,1.0,0.0,0.0
2060,0.8333333333333328,0.0,0.0,1.0,0.0,0.0
2061,0.8316666666666663,0.0,0.0,1.0,0.0,0.0
2062,0.8316666666666663,0.0,0.0,1.0,0.0,0.0
2063,0.8299999999999997,0.0,0.0,1.0,0.0,0.0
2064,0.8049999999999997,0.0,0.0,1.0,0.0,0.0
2065,0.7716666666666666,0.0,0.0,1.0,0.0,0.0
2066,0.7933333333333331,0.0,0.0,1.0,0.0,0.0
2067,0.7883333333333331,0.0,0.0,1.0,0.0,0.0
2068,0.7933333333333333,0.0,0.0,1.0,0.0,0.0
2069,0.8366666666666661,0.0,0.0,1.0,0.0,0.0
2070,0.8166666666666669,0.0,0.0,1.0,0.0,0.0
2071,0.8100000000000002,0.0,0.0,1.0,0.0,0.0
2072,0.823333333333333,0.0,0.0,1.0,0.0,0.0
2073,0.8333333333333328,0.0,0.0,1.0,0.0,0.0
2074,0.7849999999999998,0.0,0.0,1.0,0.0,0.0
2075,0.8016666666666664,0.0,0.0,1.0,0.0,0.0
2076,0.7899999999999998,0.0,0.0,1.0,0.0,0.0
2077,0.7716666666666664,0.0,0.0,1.0,0.0,0.0
2078,0.7733333333333334,0.0,0.0,1.0,0.0,0.0
2079,0.815,0.0,0.0,1.0,0.0,0.0
2080,0.8233333333333331,0.0,0.0,1.0,0.0,0.0
2081,0.8433333333333333,0.0,0.0,1.0,0.0,0.0
2082,0.8549999999999999,0.0,0.0,1.0,0.0,0.0
2083,0.8283333333333328,0.0,0.0,1.0,0.0,0.0
2084,0.795,0.0,0.0,1.0,0.0,0.0
2085,0.7949999999999998,0.0,0.0,1.0,0.0,0.0
2086,0.79,0.0,0.0,0.99,0.0,0.01
2087,0.7749999999999997,0.0,0.0,0.99,0.0,0.01
2088,0.8016666666666665,0.0,0.0,0.98,0.0,0.02
2089,0.8266666666666665,0.0,0.0,0.99,0.0,0.01
2090,0.8149999999999998,0.0,0.0,0.98,0.0,0.02
2091,0.8250000000000002,0.0,0.0,0.97,0.0,0.03
2092,0.8349999999999999,0.0,0.0,0.99,0.0,0.01
2093,0.8166666666666664,0.0,0.0,1.0,0.0,0.0
2094,0.7550000000000003,0.0,0.0,1.0,0.0,0.0
2095,0.7733333333333333,0.0,0.0,1.0,0.0,0.0
2096,0.76,0.0,0.0,1.0,0.0,0.0
2097,0.7816666666666667,0.0,0.0,1.0,0.0,0.0
2098,0.7849999999999998,0.0,0.0,1.0,0.0,0.0
2099,0.8299999999999998,0.0,0.0,1.0,0.0,0.0
2100,0.8283333333333333,0.0,0.0,1.0,0.0,0.0
2101,0.8233333333333333,0.0,0.0,1.0,0.0,0.0
2102,0.825,0.0,0.0,1.0,0.0,0.0
2103,0.83533617339854,0.0,0.0,1.0,0.0,0.0
2104,0.765,0.0,0.0,1.0,0.0,0.0
2105,0.79,0.0,0.0,1.0,0.0,0.0
2106,0.7899999999999997,0.0,0.0,1.0,0.0,0.0
2107,0.765,0.0,0.0,1.0,0.0,0.0
2108,0.7883333333333333,0.0,0.0,1.0,0.0,0.0
2109,0.8233333333333335,0.0,0.0,1.0,0.0,0.0
2110,0.8266666666666665,0.0,0.0,1.0,0.0,0.0
2111,0.8433333333333336,0.0,0.0,1.0,0.0,0.0
2112,0.828333333333333,0.0,0.0,1.0,0.0,0.0
2113,0.8016666666666667,0.0,0.0,1.0,0.0,0.0
2114,0.8049999999999997,0.0,0.0,1.0,0.0,0.0
2115,0.8033333333333331,0.0,0.0,1.0,0.0,0.0
2116,0.7966666666666665,0.0,0.0,1.0,0.0,0.0
2117,0.7933333333333336,0.0,0.0,1.0,0.0,0.0
2118,0.8099999999999997,0.0,0.0,1.0,0.0,0.0
2119,0.8349999999999999,0.0,0.0,1.0,0.0,0.0
2120,0.8216666666666668,0.0,0.0,1.0,0.0,0.0
2121,0.8299999999999998,0.0,0.0,1.0,0.0,0.0
2122,0.8233333333333335,0.0,0.0,1.0,0.0,0.0
2123,0.818333333333333,0.0,0.0,1.0,0.0,0.0
2124,0.7733333333333331,0.0,0.0,1.0,0.0,0.0
2125,0.7933333333333331,0.0,0.0,1.0,0.0,0.0
2126,0.7833333333333334,0.0,0.0,1.0,0.0,0.0
2127,0.7816666666666667,0.0,0.0,1.0,0.0,0.0
2128,0.7949999999999997,0.0,0.0,1.0,0.0,0.0
2129,0.8533333333333333,0.0,0.0,1.0,0.0,0.0
2130,0.8433333333333336,0.0,0.0,1.0,0.0,0.0
2131,0.8216666666666661,0.0,0.0,1.0,0.0,0.0
2132,0.8249999999999997,0.0,0.0,1.0,0.0,0.0
2133,0.8299999999999998,0.0,0.0,1.0,0.0,0.0
2134,0.7699999999999999,0.0,0.0,1.0,0.0,0.0
2135,0.7919423835515687,0.0,0.0,0.99,0.0,0.01
2136,0.783333333333333,0.0,0.0,1.0,0.0,0.0
2137,0.7916666666666667,0.0,0.0,1.0,0.0,0.0
2138,0.7999999999999997,0.0,0.0,1.0,0.0,0.0
2139,0.8300000000000002,0.0,0.0,1.0,0.0,0.0
2140,0.838333333333333,0.0,0.0,1.0,0.0,0.0
2141,0.8333333333333333,0.01,0.0,0.99,0.0,0.0
2142,0.8250000000000003,0.03,0.0,0.97,0.0,0.0
2143,0.8166666666666671,0.01,0.0,0.99,0.0,0.0
2144,0.7949999999999998,0.01,0.0,0.99,0.0,0.0
2145,0.8083333333333332,0.03,0.0,0.97,0.0,0.0
2146,0.7971460970503484,0.06,0.0,0.94,0.0,0.0
2147,0.8149999999999998,0.07,0.0,0.93,0.0,0.0
2148,0.8166666666666664,0.1,0.0,0.9,0.0,0.0
2149,0.8233333333333335,0.09,0.0,0.91,0.0,0.0
2150,0.8249999999999998,0.06,0.0,0.94,0.0,0.0
2151,0.8233333333333335,0.1,0.0,0.9,0.0,0.0
2152,0.8200000000000003,0.17,0.0,0.83,0.0,0.0
2153,0.8366666666666666,0.1,0.0,0.9,0.0,0.0
2154,0.8199999999999997,0.1,0.0,0.9,0.0,0.0
2155,0.8116666666666663,0.15,0.0,0.85,0.0,0.0
2156,0.8366666666666664,0.14,0.0,0.86,0.0,0.0
2157,0.8299999999999997,0.17,0.0,0.83,0.0,0.0
2158,0.8416666666666665,0.26,0.0,0.74,0.0,0.0
2159,0.8000000000000002,0.25,0.0,0.75,0.0,0.0
2160,0.8016666666666664,0.29,0.0,0.71,0.0,0.0
2161,0.8183333333333332,0.26,0.0,0.74,0.0,0.0
2162,0.8050000000000002,0.26,0.0,0.73,0.01,0.0
2163,0.7999999999999997,0.24,0.0,0.76,0.0,0.0
2164,0.8316666666666664,0.22,0.0,0.78,0.0,0.0
2165,0.8183333333333335,0.2,0.0,0.8,0.0,0.0
2166,0.8449999999999999,0.27,0.0,0.73,0.0,0.0
2167,0.8649999999999998,0.41,0.0,0.59,0.0,0.0
2168,0.8750000000000001,0.41,0.0,0.59,0.0,0.0
2169,0.7833333333333334,0.45,0.0,0.55,0.0,0.0
2170,0.7999999999999998,0.41,0.0,0.59,0.0,0.0
2171,0.8049999999999998,0.4,0.0,0.6,0.0,0.0
2172,0.8199999999999996,0.38,0.0,0.62,0.0,0.0
2173,0.8033333333333336,0.29,0.0,0.71,0.0,0.0
2174,0.8533333333333332,0.24,0.0,0.76,0.0,0.0
2175,0.858333333333333,0.33,0.0,0.67,0.0,0.0
2176,0.8733333333333332,0.38,0.0,0.62,0.0,0.0
2177,0.8666666666666665,0.41,0.0,0.59,0.0,0.0
2178,0.8866666666666664,0.48,0.0,0.52,0.0,0.0
2179,0.7850000000000003,0.47,0.0,0.53,0.0,0.0
2180,0.7950000000000003,0.43,0.0,0.57,0.0,0.0
2181,0.8216666666666668,0.46,0.0,0.54,0.0,0.0
2182,0.801666666666667,0.5,0.0,0.5,0.0,0.0
2183,0.7999999999999998,0.53,0.0,0.47,0.0,0.0
2184,0.9216666666666663,0.6,0.0,0.4,0.0,0.0
2185,0.923333333333333,0.65,0.0,0.35,0.0,0.0
2186,0.953333333333333,0.75,0.0,0.25,0.0,0.0
2187,0.9449999999999998,0.75,0.0,0.25,0.0,0.0
2188,0.9666666666666663,0.82,0.0,0.18,0.0,0.0
2189,0.7849999999999998,0.81,0.0,0.19,0.0,0.0
2190,0.7949999999999998,0.83,0.0,0.17,0.0,0.0
2191,0.786666666666667,0.81,0.0,0.19,0.0,0.0
2192,0.7899999999999998,0.73,0.0,0.27,0.0,0.0
2193,0.7983333333333335,0.74,0.0,0.26,0.0,0.0
2194,0.9316666666666664,0.67,0.0,0.33,0.0,0.0
2195,0.9366666666666664,0.71,0.0,0.29,0.0,0.0
2196,0.9566666666666663,0.75,0.0,0.24,0.01,0.0
2197,0.9433333333333332,0.76,0.0,0.23,0.01,0.0
2198,0.9533333333333331,0.77,0.0,0.22,0.01,0.0
2199,0.7749999999999999,0.79,0.0,0.19,0.02,0.0
2200,0.7916666666666664,0.8,0.0,0.17,0.03,0.0
2201,0.7866666666666666,0.72,0.0,0.24,0.04,0.0
2202,0.7949999999999998,0.77,0.0,0.18,0.05,0.0
2203,0.7816666666666663,0.75,0.0,0.22,0.03,0.0
2204,0.9633333333333332,0.74,0.0,0.22,0.04,0.0
2205,0.9716666666666662,0.84,0.0,0.15,0.01,0.0
2206,0.9983333333333334,0.98,0.0,0.01,0.01,0.0
2207,0.9966666666666666,0.97,0.0,0.02,0.01,0.0
2208,1.0,0.99,0.0,0.0,0.01,0.0
2209,0.7700000000000001,1.0,0.0,0.0,0.0,0.0
2210,0.7650000000000002,1.0,0.0,0.0,0.0,0.0
2211,0.7500000000000003,1.0,0.0,0.0,0.0,0.0
2212,0.7666666666666666,1.0,0.0,0.0,0.0,0.0
2213,0.7766666666666664,1.0,0.0,0.0,0.0,0.0
2214,1.0,1.0,0.0,0.0,0.0,0.0
2215,1.0,1.0,0.0,0.0,0.0,0.0
2216,0.9983333333333334,1.0,0.0,0.0,0.0,0.0
2217,1.0,1.0,0.0,0.0,0.0,0.0
2218,0.9983333333333333,1.0,0.0,0.0,0.0,0.0
2219,0.768333333333333,1.0,0.0,0.0,0.0,0.0
2220,0.7816061817701506,0.99,0.0,0.0,0.01,0.0
2221,0.7666666666666666,1.0,0.0,0.0,0.0,0.0
2222,0.7633333333333333,1.0,0.0,0.0,0.0,0.0
2223,0.758333333333333,1.0,0.0,0.0,0.0,0.0
2224,0.9983333333333333,1.0,0.0,0.0,0.0,0.0
2225,1.0,1.0,0.0,0.0,0.0,0.0
2226,1.0,1.0,0.0,0.0,0.0,0.0
2227,1.0,1.0,0.0,0.0,0.0,0.0
2228,1.0,1.0,0.0,0.0,0.0,0.0
2229,0.7833333333333337,1.0,0.0,0.0,0.0,0.0
2230,0.7616666666666668,1.0,0.0,0.0,0.0,0.0
2231,0.7849999999999997,1.0,0.0,0.0,0.0,0.0
2232,0.7649999999999997,1.0,0.0,0.0,0.0,0.0
2233,0.7683333333333339,1.0,0.0,0.0,0.0,0.0
2234,0.9983333333333334,1.0,0.0,0.0,0.0,0.0
2235,1.0,0.99,0.0,0.0,0.01,0.0
2236,1.0,0.99,0.0,0.0,0.01,0.0
2237,1.0,0.99,0.0,0.0,0.01,0.0
2238,1.0,0.99,0.0,0.0,0.01,0.0
2239,0.7633333333333333,1.0,0.0,0.0,0.0,0.0
2240,0.7766666666666668,1.0,0.0,0.0,0.0,0.0
2241,0.7933333333333331,1.0,0.0,0.0,0.0,0.0
2242,0.7483333333333334,1.0,0.0,0.0,0.0,0.0
2243,0.7649999999999997,1.0,0.0,0.0,0.0,0.0
2244,1.0,1.0,0.0,0.0,0.0,0.0
2245,1.0,1.0,0.0,0.0,0.0,0.0
2246,1.0,1.0,0.0,0.0,0.0,0.0
2247,1.0,1.0,0.0,0.0,0.0,0.0
2248,1.0,1.0,0.0,0.0,0.0,0.0
2249,0.7766666666666663,1.0,0.0,0.0,0.0,0.0
2250,0.785,1.0,0.0,0.0,0.0,0.0
2251,0.7683333333333334,1.0,0.0,0.0,0.0,0.0
2252,0.7666666666666668,1.0,0.0,0.0,0.0,0.0
2253,0.7583333333333329,1.0,0.0,0.0,0.0,0.0
2254,1.0,1.0,0.0,0.0,0.0,0.0
2255,1.0,1.0,0.0,0.0,0.0,0.0
2256,1.0,1.0,0.0,0.0,0.0,0.0
2257,0.9983333333333334,1.0,0.0,0.0,0.0,0.0
2258,1.0,1.0,0.0,0.0,0.0,0.0
2259,0.7800000000000002,1.0,0.0,0.0,0.0,0.0
2260,0.7616666666666668,1.0,0.0,0.0,0.0,0.0
2261,0.7633333333333338,1.0,0.0,0.0,0.0,0.0
2262,0.7550000000000001,1.0,0.0,0.0,0.0,0.0
2263,0.7783333333333334,1.0,0.0,0.0,0.0,0.0
2264,1.0,1.0,0.0,0.0,0.0,0.0
2265,1.0,1.0,0.0,0.0,0.0,0.0
2266,1.0,1.0,0.0,0.0,0.0,0.0
2267,1.0,1.0,0.0,0.0,0.0,0.0
2268,1.0,1.0,0.0,0.0,0.0,0.0
2269,0.7699999999999999,0.99,0.0,0.0,0.01,0.0
2270,0.7666666666666668,0.98,0.0,0.0,0.02,0.0
2271,0.7683333333333335,1.0,0.0,0.0,0.0,0.0
2272,0.7866666666666664,0.99,0.0,0.01,0.0,0.0
2273,0.7716666666666666,0.97,0.0,0.02,0.01,0.0
2274,0.9983333333333334,1.0,0.0,0.0,0.0,0.0
2275,0.9983333333333333,1.0,0.0,0.0,0.0,0.0
2276,1.0,1.0,0.0,0.0,0.0,0.0
2277,1.0,1.0,0.0,0.0,0.0,0.0
2278,1.0,1.0,0.0,0.0,0.0,0.0
2279,0.761666666666667,1.0,0.0,0.0,0.0,0.0
2280,0.7700000000000001,1.0,0.0,0.0,0.0,0.0
2281,0.7516666666666663,1.0,0.0,0.0,0.0,0.0
2282,0.76,1.0,0.0,0.0,0.0,0.0
2283,0.7616666666666664,1.0,0.0,0.0,0.0,0.0
2284,1.0,1.0,0.0,0.0,0.0,0.0
2285,1.0,1.0,0.0,0.0,0.0,0.0
2286,1.0,1.0,0.0,0.0,0.0,0.0
2287,0.9966666666666667,1.0,0.0,0.0,0.0,0.0
2288,1.0,1.0,0.0,0.0,0.0,0.0
2289,0.7750000000000001,1.0,0.0,0.0,0.0,0.0
2290,0.7716666666666667,1.0,0.0,0.0,0.0,0.0
2291,0.7666666666666663,1.0,0.0,0.0,0.0,0.0
2292,0.7716666666666672,1.0,0.0,0.0,0.0,0.0
2293,0.781666666666667,1.0,0.0,0.0,0.0,0.0
2294,0.995,1.0,0.0,0.0,0.0,0.0
2295,1.0,1.0,0.0,0.0,0.0,0.0
2296,1.0,1.0,0.0,0.0,0.0,0.0
2297,1.0,1.0,0.0,0.0,0.0,0.0
2298,1.0,1.0,0.0,0.0,0.0,0.0
2299,0.7649999999999999,1.0,0.0,0.0,0.0,0.0
2300,0.7649999999999999,1.0,0.0,0.0,0.0,0.0
2301,0.7466666666666663,1.0,0.0,0.0,0.0,0.0
2302,0.7816666666666667,1.0,0.0,0.0,0.0,0.0
2303,0.7699999999999999,1.0,0.0,0.0,0.0,0.0
2304,1.0,1.0,0.0,0.0,0.0,0.0
2305,1.0,1.0,0.0,0.0,0.0,0.0
2306,0.9983333333333334,1.0,0.0,0.0,0.0,0.0
2307,1.0,1.0,0.0,0.0,0.0,0.0
2308,1.0,1.0,0.0,0.0,0.0,0.0
2309,0.7816666666666667,1.0,0.0,0.0,0.0,0.0
2310,0.788333333333333,1.0,0.0,0.0,0.0,0.0
2311,0.7666666666666667,1.0,0.0,0.0,0.0,0.0
2312,0.7700000000000001,1.0,0.0,0.0,0.0,0.0
2313,0.776666666666667,1.0,0.0,0.0,0.0,0.0
2314,1.0,1.0,0.0,0.0,0.0,0.0
2315,0.995,1.0,0.0,0.0,0.0,0.0
2316,0.9983333333333333,1.0,0.0,0.0,0.0,0.0
2317,1.0,1.0,0.0,0.0,0.0,0.0
2318,0.9973136252099397,0.99,0.0,0.01,0.0,0.0
2319,0.7766666666666663,1.0,0.0,0.0,0.0,0.0
2320,0.7833333333333335,1.0,0.0,0.0,0.0,0.0
2321,0.7716666666666662,1.0,0.0,0.0,0.0,0.0
2322,0.781666666666667,1.0,0.0,0.0,0.0,0.0
2323,0.7683333333333334,1.0,0.0,0.0,0.0,0.0
2324,1.0,1.0,0.0,0.0,0.0,0.0
2325,1.0,1.0,0.0,0.0,0.0,0.0
2326,1.0,1.0,0.0,0.0,0.0,0.0
2327,1.0,1.0,0.0,0.0,0.0,0.0
2328,0.9966666666666667,1.0,0.0,0.0,0.0,0.0
2329,0.7683333333333333,1.0,0.0,0.0,0.0,0.0
2330,0.7599999999999997,1.0,0.0,0.0,0.0,0.0
2331,0.7650000000000005,1.0,0.0,0.0,0.0,0.0
2332,0.7616666666666666,1.0,0.0,0.0,0.0,0.0
2333,0.7733333333333334,0.99,0.0,0.0,0.01,0.0
2334,1.0,0.99,0.0,0.0,0.01,0.0
2335,1.0,0.98,0.0,0.0,0.02,0.0
2336,1.0,1.0,0.0,0.0,0.0,0.0
2337,1.0,1.0,0.0,0.0,0.0,0.0
2338,1.0,1.0,0.0,0.0,0.0,0.0
2339,0.755,1.0,0.0,0.0,0.0,0.0
2340,0.795,1.0,0.0,0.0,0.0,0.0
2341,0.768139161710047,0.99,0.0,0.01,0.0,0.0
2342,0.7464724950433802,0.99,0.0,0.01,0.0,0.0
2343,0.7914724950433802,0.99,0.0,0.01,0.0,0.0
2344,0.995,0.99,0.0,0.01,0.0,0.0
2345,1.0,1.0,0.0,0.0,0.0,0.0
2346,1.0,1.0,0.0,0.0,0.0,0.0
2347,0.9983333333333333,1.0,0.0,0.0,0.0,0.0
2348,1.0,1.0,0.0,0.0,0.0,0.0
2349,0.7566666666666663,0.99,0.0,0.0,0.01,0.0
2350,0.7883333333333331,1.0,0.0,0.0,0.0,0.0
2351,0.7750000000000002,1.0,0.0,0.0,0.0,0.0
2352,0.7833333333333333,1.0,0.0,0.0,0.0,0.0
2353,0.7716666666666666,1.0,0.0,0.0,0.0,0.0
2354,1.0,1.0,0.0,0.0,0.0,0.0
2355,0.9983333333333333,1.0,0.0,0.0,0.0,0.0
2356,1.0,1.0,0.0,0.0,0.0,0.0
2357,1.0,1.0,0.0,0.0,0.0,0.0
2358,1.0,1.0,0.0,0.0,0.0,0.0
2359,0.7949999999999998,1.0,0.0,0.0,0.0,0.0
2360,0.7733333333333335,1.0,0.0,0.0,0.0,0.0
2361,0.7716666666666664,1.0,0.0,0.0,0.0,0.0
2362,0.785,1.0,0.0,0.0,0.0,0.0
2363,0.7800000000000007,1.0,0.0,0.0,0.0,0.0
2364,1.0,1.0,0.0,0.0,0.0,0.0
2365,1.0,0.99,0.0,0.0,0.01,0.0
2366,1.0,1.0,0.0,0.0,0.0,0.0
2367,1.0,1.0,0.0,0.0,0.0,0.0
2368,1.0,1.0,0.0,0.0,0.0,0.0
2369,0.7666666666666664,1.0,0.0,0.0,0.0,0.0
2370,0.7766666666666667,1.0,0.0,0.0,0.0,0.0
2371,0.7866666666666667,1.0,0.0,0.0,0.0,0.0
2372,0.7816666666666664,1.0,0.0,0.0,0.0,0.0
2373,0.7950000000000002,1.0,0.0,0.0,0.0,0.0
2374,1.0,1.0,0.0,0.0,0.0,0.0
2375,1.0,1.0,0.0,0.0,0.0,0.0
2376,1.0,1.0,0.0,0.0,0.0,0.0
2377,0.9983333333333334,1.0,0.0,0.0,0.0,0.0
2378,1.0,1.0,0.0,0.0,0.0,0.0
2379,0.7649999999999997,1.0,0.0,0.0,0.0,0.0
2380,0.7649999999999997,1.0,0.0,0.0,0.0,0.0
2381,0.7766666666666668,1.0,0.0,0.0,0.0,0.0
2382,0.776666666666666,1.0,0.0,0.0,0.0,0.0
2383,0.7649999999999999,1.0,0.0,0.0,0.0,0.0
2384,1.0,1.0,0.0,0.0,0.0,0.0
2385,1.0,1.0,0.0,0.0,0.0,0.0
2386,1.0,1.0,0.0,0.0,0.0,0.0
2387,0.9972448904111897,0.99,0.0,0.01,0.0,0.0
2388,0.9972448904111897,0.99,0.0,0.01,0.0,0.0
2389,0.7816666666666663,1.0,0.0,0.0,0.0,0.0
2390,0.7883333333333333,1.0,0.0,0.0,0.0,0.0
2391,0.758333333333333,1.0,0.0,0.0,0.0,0.0
2392,0.7683333333333331,1.0,0.0,0.0,0.0,0.0
2393,0.7666666666666664,1.0,0.0,0.0,0.0,0.0
2394,1.0,1.0,0.0,0.0,0.0,0.0
2395,1.0,1.0,0.0,0.0,0.0,0.0
2396,1.0,1.0,0.0,0.0,0.0,0.0
2397,1.0,1.0,0.0,0.0,0.0,0.0
2398,1.0,1.0,0.0,0.0,0.0,0.0
2399,0.7716666666666667,1.0,0.0,0.0,0.0,0.0
2400,0.7883333333333333,1.0,0.0,0.0,0.0,0.0
2401,0.7933333333333336,1.0,0.0,0.0,0.0,0.0
2402,0.7466666666666667,1.0,0.0,0.0,0.0,0.0
2403,0.7649999999999999,0.99,0.0,0.0,0.01,0.0
2404,1.0,1.0,0.0,0.0,0.0,0.0
2405,1.0,1.0,0.0,0.0,0.0,0.0
2406,1.0,1.0,0.0,0.0,0.0,0.0
2407,1.0,1.0,0.0,0.0,0.0,0.0
2408,1.0,1.0,0.0,0.0,0.0,0.0
2409,0.7866666666666667,1.0,0.0,0.0,0.0,0.0
2410,0.7733333333333339,1.0,0.0,0.0,0.0,0.0
2411,0.7783333333333335,1.0,0.0,0.0,0.0,0.0
2412,0.7850000000000001,1.0,0.0,0.0,0.0,0.0
2413,0.7800000000000002,1.0,0.0,0.0,0.0,0.0
2414,0.995,1.0,0.0,0.0,0.0,0.0
2415,1.0,1.0,0.0,0.0,0.0,0.0
2416,0.9866666666666667,0.99,0.0,0.01,0.0,0.0
2417,0.9933333333333333,1.0,0.0,0.0,0.0,0.0
2418,1.0,1.0,0.0,0.0,0.0,0.0
2419,0.7650000000000002,0.99,0.0,0.01,0.0,0.0
2420,0.7633333333333334,1.0,0.0,0.0,0.0,0.0
2421,0.7883333333333334,1.0,0.0,0.0,0.0,0.0
2422,0.7716666666666667,1.0,0.0,0.0,0.0,0.0
2423,0.7599999999999999,1.0,0.0,0.0,0.0,0.0
2424,1.0,1.0,0.0,0.0,0.0,0.0
2425,1.0,1.0,0.0,0.0,0.0,0.0
2426,1.0,1.0,0.0,0.0,0.0,0.0
2427,0.995,0.99,0.0,0.01,0.0,0.0
2428,0.9983333333333333,1.0,0.0,0.0,0.0,0.0
2429,0.7733333333333333,1.0,0.0,0.0,0.0,0.0
2430,0.7616666666666667,1.0,0.0,0.0,0.0,0.0
2431,0.7749999999999995,1.0,0.0,0.0,0.0,0.0
2432,0.7733333333333338,1.0,0.0,0.0,0.0,0.0
2433,0.76,1.0,0.0,0.0,0.0,0.0
2434,1.0,1.0,0.0,0.0,0.0,0.0
2435,1.0,1.0,0.0,0.0,0.0,0.0
2436,1.0,1.0,0.0,0.0,0.0,0.0
2437,1.0,1.0,0.0,0.0,0.0,0.0
2438,1.0,1.0,0.0,0.0,0.0,0.0
2439,0.755,1.0,0.0,0.0,0.0,0.0
2440,0.7716666666666666,1.0,0.0,0.0,0.0,0.0
2441,0.7766666666666663,1.0,0.0,0.0,0.0,0.0
2442,0.7683333333333335,1.0,0.0,0.0,0.0,0.0
2443,0.7599999999999999,1.0,0.0,0.0,0.0,0.0
2444,1.0,1.0,0.0,0.0,0.0,0.0
2445,1.0,1.0,0.0,0.0,0.0,0.0
2446,1.0,1.0,0.0,0.0,0.0,0.0
2447,1.0,1.0,0.0,0.0,0.0,0.0
2448,1.0,1.0,0.0,0.0,0.0,0.0
2449,0.7533333333333332,1.0,0.0,0.0,0.0,0.0
2450,0.7683333333333333,1.0,0.0,0.0,0.0,0.0
2451,0.755,1.0,0.0,0.0,0.0,0.0
2452,0.7833333333333333,1.0,0.0,0.0,0.0,0.0
2453,0.7733333333333334,1.0,0.0,0.0,0.0,0.0
2454,1.0,1.0,0.0,0.0,0.0,0.0
2455,1.0,1.0,0.0,0.0,0.0,0.0
2456,1.0,1.0,0.0,0.0,0.0,0.0
2457,0.9983333333333334,1.0,0.0,0.0,0.0,0.0
2458,1.0,1.0,0.0,0.0,0.0,0.0
2459,0.8016666666666665,1.0,0.0,0.0,0.0,0.0
2460,0.7666666666666667,1.0,0.0,0.0,0.0,0.0
2461,0.7650000000000001,1.0,0.0,0.0,0.0,0.0
2462,0.7650000000000001,1.0,0.0,0.0,0.0,0.0
2463,0.776666666666667,1.0,0.0,0.0,0.0,0.0
2464,1.0,1.0,0.0,0.0,0.0,0.0
2465,0.9983333333333333,1.0,0.0,0.0,0.0,0.0
2466,1.0,1.0,0.0,0.0,0.0,0.0
2467,1.0,1.0,0.0,0.0,0.0,0.0
2468,0.9983333333333333,1.0,0.0,0.0,0.0,0.0
2469,0.7566666666666668,1.0,0.0,0.0,0.0,0.0
2470,0.7633333333333333,1.0,0.0,0.0,0.0,0.0
2471,0.7800000000000001,1.0,0.0,0.0,0.0,0.0
2472,0.7733333333333335,1.0,0.0,0.0,0.0,0.0
2473,0.7800000000000001,1.0,0.0,0.0,0.0,0.0
2474,1.0,1.0,0.0,0.0,0.0,0.0
2475,1.0,1.0,0.0,0.0,0.0,0.0
2476,1.0,1.0,0.0,0.0,0.0,0.0
2477,1.0,1.0,0.0,0.0,0.0,0.0
2478,1.0,1.0,0.0,0.0,0.0,0.0
2479,0.7683333333333334,1.0,0.0,0.0,0.0,0.0
2480,0.7733333333333333,1.0,0.0,0.0,0.0,0.0
2481,0.7949999999999996,1.0,0.0,0.0,0.0,0.0
2482,0.7750000000000001,1.0,0.0,0.0,0.0,0.0
2483,0.77,1.0,0.0,0.0,0.0,0.0
2484,1.0,1.0,0.0,0.0,0.0,0.0
2485,0.9983333333333334,1.0,0.0,0.0,0.0,0.0
2486,0.9933333333333333,1.0,0.0,0.0,0.0,0.0
2487,0.9833333333333334,1.0,0.0,0.0,0.0,0.0
2488,1.0,1.0,0.0,0.0,0.0,0.0
2489,0.7899999999999998,1.0,0.0,0.0,0.0,0.0
2490,0.8066666666666664,1.0,0.0,0.0,0.0,0.0
2491,0.8266666666666667,1.0,0.0,0.0,0.0,0.0
2492,0.8266666666666667,1.0,0.0,0.0,0.0,0.0
2493,0.8266666666666673,0.99,0.0,0.0,0.01,0.0
2494,0.975,1.0,0.0,0.0,0.0,0.0
2495,0.9683333333333333,1.0,0.0,0.0,0.0,0.0
2496,0.9933333333333333,1.0,0.0,0.0,0.0,0.0
2497,0.9783333333333334,1.0,0.0,0.0,0.0,0.0
2498,0.965,1.0,0.0,0.0,0.0,0.0
2499,0.7883333333333336,1.0,0.0,0.0,0.0,0.0
2500,0.8066666666666669,1.0,0.0,0.0,0.0,0.0
2501,0.8133333333333332,1.0,0.0,0.0,0.0,0.0
2502,0.8349999999999997,1.0,0.0,0.0,0.0,0.0
2503,0.8216666666666665,1.0,0.0,0.0,0.0,0.0
2504,0.965,1.0,0.0,0.0,0.0,0.0
2505,0.9816666666666666,1.0,0.0,0.0,0.0,0.0
2506,0.985,1.0,0.0,0.0,0.0,0.0
2507,0.9666666666666666,1.0,0.0,0.0,0.0,0.0
2508,0.9583333333333333,1.0,0.0,0.0,0.0,0.0
2509,0.8249999999999998,1.0,0.0,0.0,0.0,0.0
2510,0.8383333333333337,1.0,0.0,0.0,0.0,0.0
2511,0.8549999999999998,1.0,0.0,0.0,0.0,0.0
2512,0.8866666666666667,1.0,0.0,0.0,0.0,0.0
2513,0.8783333333333332,0.99,0.0,0.0,0.01,0.0
2514,0.9066666666666666,1.0,0.0,0.0,0.0,0.0
2515,0.9350000000000002,1.0,0.0,0.0,0.0,0.0
2516,0.9433333333333331,0.99,0.0,0.0,0.01,0.0
2517,0.9583333333333331,0.99,0.0,0.0,0.01,0.0
2518,0.9583333333333335,0.99,0.0,0.0,0.01,0.0
2519,0.8083333333333329,0.98,0.0,0.0,0.02,0.0
2520,0.8216666666666668,0.98,0.0,0.0,0.02,0.0
2521,0.8383333333333336,0.99,0.0,0.0,0.01,0.0
2522,0.8149999999999997,1.0,0.0,0.0,0.0,0.0
2523,0.8466666666666667,1.0,0.0,0.0,0.0,0.0
2524,0.9383333333333332,0.99,0.0,0.0,0.01,0.0
2525,0.9483333333333335,1.0,0.0,0.0,0.0,0.0
2526,0.91,1.0,0.0,0.0,0.0,0.0
2527,0.9366666666666665,1.0,0.0,0.0,0.0,0.0
2528,0.9716666666666666,1.0,0.0,0.0,0.0,0.0
2529,0.8316666666666669,1.0,0.0,0.0,0.0,0.0
2530,0.86,1.0,0.0,0.0,0.0,0.0
2531,0.8766666666666665,1.0,0.0,0.0,0.0,0.0
2532,0.8733333333333332,1.0,0.0,0.0,0.0,0.0
2533,0.9000000000000001,1.0,0.0,0.0,0.0,0.0
2534,0.9299999999999998,1.0,0.0,0.0,0.0,0.0
2535,0.9033333333333333,1.0,0.0,0.0,0.0,0.0
2536,0.93,1.0,0.0,0.0,0.0,0.0
2537,0.925,1.0,0.0,0.0,0.0,0.0
2538,0.9666666666666667,1.0,0.0,0.0,0.0,0.0
2539,0.8433333333333334,1.0,0.0,0.0,0.0,0.0
2540,0.8500000000000001,1.0,0.0,0.0,0.0,0.0
2541,0.8849999999999997,1.0,0.0,0.0,0.0,0.0
2542,0.8933333333333333,1.0,0.0,0.0,0.0,0.0
2543,0.9049999999999998,1.0,0.0,0.0,0.0,0.0
2544,0.9133333333333334,1.0,0.0,0.0,0.0,0.0
2545,0.9033333333333333,1.0,0.0,0.0,0.0,0.0
2546,0.9016666666666667,1.0,0.0,0.0,0.0,0.0
2547,0.925,1.0,0.0,0.0,0.0,0.0
2548,0.8783333333333333,1.0,0.0,0.0,0.0,0.0
2549,0.8883333333333332,1.0,0.0,0.0,0.0,0.0
2550,0.9066666666666664,1.0,0.0,0.0,0.0,0.0
2551,0.9133333333333333,1.0,0.0,0.0,0.0,0.0
2552,0.9283333333333329,1.0,0.0,0.0,0.0,0.0
2553,0.9550000000000002,1.0,0.0,0.0,0.0,0.0
2554,0.8683333333333334,1.0,0.0,0.0,0.0,0.0
2555,0.92,1.0,0.0,0.0,0.0,0.0
2556,0.9283333333333335,1.0,0.0,0.0,0.0,0.0
2557,0.8783333333333333,1.0,0.0,0.0,0.0,0.0
2558,0.9159453587421719,0.99,0.0,0.01,0.0,0.0
2559,0.935,1.0,0.0,0.0,0.0,0.0
2560,0.9449999999999998,0.99,0.0,0.01,0.0,0.0
2561,0.9583333333333331,0.98,0.0,0.02,0.0,0.0
2562,0.9633333333333332,0.99,0.0,0.01,0.0,0.0
2563,0.9666666666666665,1.0,0.0,0.0,0.0,0.0
2564,0.8533333333333333,1.0,0.0,0.0,0.0,0.0
2565,0.9183333333333334,0.99,0.0,0.0,0.01,0.0
2566,0.855,1.0,0.0,0.0,0.0,0.0
2567,0.89,1.0,0.0,0.0,0.0,0.0
2568,0.8949999999999999,1.0,0.0,0.0,0.0,0.0
2569,0.9716666666666667,1.0,0.0,0.0,0.0,0.0
2570,0.9733333333333334,1.0,0.0,0.0,0.0,0.0
2571,0.9799999999999999,1.0,0.0,0.0,0.0,0.0
2572,0.9733333333333333,1.0,0.0,0.0,0.0,0.0
2573,0.9933333333333333,0.99,0.0,0.01,0.0,0.0
2574,0.8499999999999998,0.99,0.0,0.01,0.0,0.0
2575,0.8983333333333331,0.99,0.0,0.01,0.0,0.0
2576,0.885,0.99,0.0,0.01,0.0,0.0
2577,0.8583333333333333,0.98,0.0,0.02,0.0,0.0
2578,0.8683333333333333,0.96,0.0,0.04,0.0,0.0
2579,0.9866666666666668,0.99,0.0,0.01,0.0,0.0
2580,0.9766666666666667,0.99,0.0,0.01,0.0,0.0
2581,0.9816666666666666,0.98,0.0,0.02,0.0,0.0
2582,0.9783333333333333,0.99,0.0,0.01,0.0,0.0
2583,0.9783333333333332,0.97,0.0,0.02,0.01,0.0
2584,0.8316666666666669,0.97,0.0,0.03,0.0,0.0
2585,0.8566666666666665,0.98,0.0,0.01,0.01,0.0
2586,0.9116666666666664,0.99,0.0,0.0,0.01,0.0
2587,0.8950000000000002,0.99,0.0,0.0,0.01,0.0
2588,0.885,1.0,0.0,0.0,0.0,0.0
2589,0.9983333333333334,1.0,0.0,0.0,0.0,0.0
2590,0.9933333333333332,1.0,0.0,0.0,0.0,0.0
2591,0.995,1.0,0.0,0.0,0.0,0.0
2592,0.9883333333333332,1.0,0.0,0.0,0.0,0.0
2593,0.9983333333333333,1.0,0.0,0.0,0.0,0.0
2594,0.8983333333333333,1.0,0.0,0.0,0.0,0.0
2595,0.8966666666666666,1.0,0.0,0.0,0.0,0.0
2596,0.8749999999999999,1.0,0.0,0.0,0.0,0.0
2597,0.8733333333333334,1.0,0.0,0.0,0.0,0.0
2598,0.8716666666666666,1.0,0.0,0.0,0.0,0.0
2599,0.9933333333333333,1.0,0.0,0.0,0.0,0.0
2600,0.995,1.0,0.0,0.0,0.0,0.0
2601,0.9933333333333333,1.0,0.0,0.0,0.0,0.0
2602,0.9900000000000001,1.0,0.0,0.0,0.0,0.0
2603,0.9933333333333333,1.0,0.0,0.0,0.0,0.0
2604,0.9266666666666665,1.0,0.0,0.0,0.0,0.0
2605,0.8716666666666666,1.0,0.0,0.0,0.0,0.0
2606,0.8433333333333333,1.0,0.0,0.0,0.0,0.0
2607,0.9116666666666667,1.0,0.0,0.0,0.0,0.0
2608,0.8799999999999999,1.0,0.0,0.0,0.0,0.0
2609,0.9916666666666666,1.0,0.0,0.0,0.0,0.0
2610,1.0,1.0,0.0,0.0,0.0,0.0
2611,0.9916666666666667,1.0,0.0,0.0,0.0,0.0
2612,0.9883333333333332,1.0,0.0,0.0,0.0,0.0
2613,0.9966666666666667,1.0,0.0,0.0,0.0,0.0
2614,0.8833333333333333,0.99,0.0,0.0,0.01,0.0
2615,0.8816666666666664,0.99,0.0,0.0,0.01,0.0
2616,0.8783333333333333,1.0,0.0,0.0,0.0,0.0
2617,0.8883333333333333,1.0,0.0,0.0,0.0,0.0
2618,0.8616666666666667,1.0,0.0,0.0,0.0,0.0
2619,0.9966666666666666,1.0,0.0,0.0,0.0,0.0
2620,0.9916666666666666,1.0,0.0,0.0,0.0,0.0
2621,0.9966666666666667,1.0,0.0,0.0,0.0,0.0
2622,0.99,1.0,0.0,0.0,0.0,0.0
2623,0.9933333333333333,1.0,0.0,0.0,0.0,0.0
2624,0.8733333333333332,1.0,0.0,0.0,0.0,0.0
2625,0.8733333333333333,1.0,0.0,0.0,0.0,0.0
2626,0.9033333333333333,1.0,0.0,0.0,0.0,0.0
2627,0.8716666666666667,1.0,0.0,0.0,0.0,0.0
2628,0.8716666666666667,1.0,0.0,0.0,0.0,0.0
2629,0.9916666666666666,1.0,0.0,0.0,0.0,0.0
2630,0.9966666666666666,1.0,0.0,0.0,0.0,0.0
2631,0.995,1.0,0.0,0.0,0.0,0.0
2632,0.9983333333333333,1.0,0.0,0.0,0.0,0.0
2633,0.9949999999999999,1.0,0.0,0.0,0.0,0.0
2634,0.8749999999999999,1.0,0.0,0.0,0.0,0.0
2635,0.8516666666666666,1.0,0.0,0.0,0.0,0.0
2636,0.84,1.0,0.0,0.0,0.0,0.0
2637,0.8833333333333333,1.0,0.0,0.0,0.0,0.0
2638,0.8533333333333333,0.99,0.0,0.01,0.0,0.0
2639,0.99,1.0,0.0,0.0,0.0,0.0
2640,0.9933333333333333,1.0,0.0,0.0,0.0,0.0
2641,0.9933333333333334,1.0,0.0,0.0,0.0,0.0
2642,0.99,1.0,0.0,0.0,0.0,0.0
2643,0.9916666666666666,1.0,0.0,0.0,0.0,0.0
2644,0.875,1.0,0.0,0.0,0.0,0.0
2645,0.8566666666666667,1.0,0.0,0.0,0.0,0.0
2646,0.84,1.0,0.0,0.0,0.0,0.0
2647,0.8883333333333332,1.0,0.0,0.0,0.0,0.0
2648,0.8916666666666667,1.0,0.0,0.0,0.0,0.0
2649,0.995,1.0,0.0,0.0,0.0,0.0
2650,0.995,1.0,0.0,0.0,0.0,0.0
2651,0.9966666666666666,1.0,0.0,0.0,0.0,0.0
2652,0.995,1.0,0.0,0.0,0.0,0.0
2653,0.9916666666666666,1.0,0.0,0.0,0.0,0.0
2654,0.9083333333333333,1.0,0.0,0.0,0.0,0.0
2655,0.915,1.0,0.0,0.0,0.0,0.0
2656,0.8916666666666666,1.0,0.0,0.0,0.0,0.0
2657,0.8683333333333333,1.0,0.0,0.0,0.0,0.0
2658,0.8916666666666666,1.0,0.0,0.0,0.0,0.0
2659,0.9916666666666666,1.0,0.0,0.0,0.0,0.0
2660,0.9899999999999999,1.0,0.0,0.0,0.0,0.0
2661,0.9916666666666667,1.0,0.0,0.0,0.0,0.0
2662,0.9949999999999999,1.0,0.0,0.0,0.0,0.0
2663,0.99,1.0,0.0,0.0,0.0,0.0
2664,0.8766666666666667,0.99,0.0,0.01,0.0,0.0
2665,0.8466666666666666,1.0,0.0,0.0,0.0,0.0
2666,0.8716666666666666,1.0,0.0,0.0,0.0,0.0
2667,0.8766666666666666,0.99,0.0,0.01,0.0,0.0
2668,0.8416666666666666,0.97,0.0,0.03,0.0,0.0
2669,0.9933333333333333,0.96,0.0,0.03,0.01,0.0
2670,0.9949999999999999,0.96,0.0,0.04,0.0,0.0
2671,0.9916666666666667,0.98,0.0,0.02,0.0,0.0
2672,0.9966666666666667,1.0,0.0,0.0,0.0,0.0
2673,0.99,1.0,0.0,0.0,0.0,0.0
2674,0.8866666666666666,0.99,0.0,0.01,0.0,0.0
2675,0.8583333333333333,0.99,0.0,0.01,0.0,0.0
2676,0.8833333333333333,0.99,0.0,0.01,0.0,0.0
2677,0.8916666666666667,0.99,0.0,0.01,0.0,0.0
2678,0.8516666666666669,1.0,0.0,0.0,0.0,0.0
2679,0.9900000000000001,1.0,0.0,0.0,0.0,0.0
2680,0.9966666666666667,1.0,0.0,0.0,0.0,0.0
2681,0.995,1.0,0.0,0.0,0.0,0.0
2682,0.9966666666666666,1.0,0.0,0.0,0.0,0.0
2683,0.995,1.0,0.0,0.0,0.0,0.0
2684,0.8599999999999999,1.0,0.0,0.0,0.0,0.0
2685,0.8883333333333332,1.0,0.0,0.0,0.0,0.0
2686,0.8849999999999999,1.0,0.0,0.0,0.0,0.0
2687,0.865,1.0,0.0,0.0,0.0,0.0
2688,0.8633333333333333,1.0,0.0,0.0,0.0,0.0
2689,0.995,1.0,0.0,0.0,0.0,0.0
2690,0.9899999999999999,1.0,0.0,0.0,0.0,0.0
2691,0.9933333333333333,1.0,0.0,0.0,0.0,0.0
2692,0.9949999999999999,1.0,0.0,0.0,0.0,0.0
2693,0.9883333333333333,1.0,0.0,0.0,0.0,0.0
2694,0.8566666666666666,1.0,0.0,0.0,0.0,0.0
2695,0.8616666666666667,0.99,0.0,0.01,0.0,0.0
2696,0.8766666666666667,1.0,0.0,0.0,0.0,0.0
2697,0.8833333333333333,1.0,0.0,0.0,0.0,0.0
2698,0.89,1.0,0.0,0.0,0.0,0.0
2699,0.9966666666666666,1.0,0.0,0.0,0.0,0.0
2700,0.9933333333333332,1.0,0.0,0.0,0.0,0.0
2701,0.9916666666666667,1.0,0.0,0.0,0.0,0.0
2702,0.9966666666666666,1.0,0.0,0.0,0.0,0.0
2703,0.9933333333333333,1.0,0.0,0.0,0.0,0.0
2704,0.8649999999999999,1.0,0.0,0.0,0.0,0.0
2705,0.8666666666666668,1.0,0.0,0.0,0.0,0.0
2706,0.8316666666666667,0.99,0.0,0.01,0.0,0.0
2707,0.8366666666666666,0.99,0.0,0.01,0.0,0.0
2708,0.8416666666666666,0.96,0.0,0.03,0.01,0.0
2709,0.9966666666666667,0.98,0.0,0.02,0.0,0.0
2710,0.9933333333333333,0.99,0.0,0.01,0.0,0.0
2711,0.9899999999999999,1.0,0.0,0.0,0.0,0.0
2712,0.9883333333333333,1.0,0.0,0.0,0.0,0.0
2713,0.9983333333333334,1.0,0.0,0.0,0.0,0.0
2714,0.8366666666666667,1.0,0.0,0.0,0.0,0.0
2715,0.8433333333333333,1.0,0.0,0.0,0.0,0.0
2716,0.8716666666666666,1.0,0.0,0.0,0.0,0.0
2717,0.9,1.0,0.0,0.0,0.0,0.0
2718,0.8683333333333334,1.0,0.0,0.0,0.0,0.0
2719,0.9933333333333333,1.0,0.0,0.0,0.0,0.0
2720,0.9916666666666667,1.0,0.0,0.0,0.0,0.0
2721,0.9933333333333333,0.99,0.0,0.0,0.01,0.0
2722,0.9933333333333333,0.99,0.0,0.0,0.01,0.0
2723,0.9916666666666666,0.99,0.0,0.01,0.0,0.0
2724,0.8883333333333333,0.99,0.0,0.01,0.0,0.0
2725,0.845,1.0,0.0,0.0,0.0,0.0
2726,0.8533333333333333,1.0,0.0,0.0,0.0,0.0
2727,0.8383333333333334,1.0,0.0,0.0,0.0,0.0
2728,0.8816666666666664,0.99,0.0,0.01,0.0,0.0
2729,0.9933333333333333,1.0,0.0,0.0,0.0,0.0
2730,0.9916666666666666,1.0,0.0,0.0,0.0,0.0
2731,0.9933333333333332,1.0,0.0,0.0,0.0,0.0
2732,0.9983333333333333,1.0,0.0,0.0,0.0,0.0
2733,0.9933333333333334,1.0,0.0,0.0,0.0,0.0
2734,0.8933333333333331,1.0,0.0,0.0,0.0,0.0
2735,0.8733333333333333,1.0,0.0,0.0,0.0,0.0
2736,0.8983333333333333,1.0,0.0,0.0,0.0,0.0
2737,0.89,1.0,0.0,0.0,0.0,0.0
2738,0.8516666666666666,1.0,0.0,0.0,0.0,0.0
2739,0.995,1.0,0.0,0.0,0.0,0.0
2740,0.9933333333333334,1.0,0.0,0.0,0.0,0.0
2741,0.9949999999999999,1.0,0.0,0.0,0.0,0.0
2742,0.9933333333333333,1.0,0.0,0.0,0.0,0.0
2743,0.9966666666666666,1.0,0.0,0.0,0.0,0.0
2744,0.8716666666666667,1.0,0.0,0.0,0.0,0.0
2745,0.8916666666666666,1.0,0.0,0.0,0.0,0.0
2746,0.9066666666666666,1.0,0.0,0.0,0.0,0.0
2747,0.8733333333333332,1.0,0.0,0.0,0.0,0.0
2748,0.8716666666666667,1.0,0.0,0.0,0.0,0.0
2749,0.9983333333333333,1.0,0.0,0.0,0.0,0.0
2750,0.9883333333333333,1.0,0.0,0.0,0.0,0.0
2751,0.99,1.0,0.0,0.0,0.0,0.0
2752,0.9883333333333333,1.0,0.0,0.0,0.0,0.0
2753,0.9916666666666666,1.0,0.0,0.0,0.0,0.0
2754,0.8633333333333333,1.0,0.0,0.0,0.0,0.0
2755,0.8349999999999999,1.0,0.0,0.0,0.0,0.0
2756,0.8833333333333334,1.0,0.0,0.0,0.0,0.0
2757,0.8950000000000001,1.0,0.0,0.0,0.0,0.0
2758,0.8516666666666667,1.0,0.0,0.0,0.0,0.0
2759,0.9983333333333334,1.0,0.0,0.0,0.0,0.0
2760,0.9833333333333333,1.0,0.0,0.0,0.0,0.0
2761,0.9933333333333334,1.0,0.0,0.0,0.0,0.0
2762,0.9966666666666666,1.0,0.0,0.0,0.0,0.0
2763,0.9933333333333333,0.99,0.0,0.0,0.01,0.0
2764,0.8849999999999999,0.98,0.0,0.0,0.02,0.0
2765,0.9016666666666666,0.99,0.0,0.0,0.01,0.0
2766,0.9083333333333333,1.0,0.0,0.0,0.0,0.0
2767,0.8433333333333334,1.0,0.0,0.0,0.0,0.0
2768,0.8399999999999997,1.0,0.0,0.0,0.0,0.0
2769,0.995,1.0,0.0,0.0,0.0,0.0
2770,0.9933333333333333,1.0,0.0,0.0,0.0,0.0
2771,0.9933333333333333,1.0,0.0,0.0,0.0,0.0
2772,0.995,0.99,0.0,0.01,0.0,0.0
2773,1.0,0.99,0.0,0.01,0.0,0.0
2774,0.84,0.99,0.0,0.01,0.0,0.0
2775,0.8733333333333334,1.0,0.0,0.0,0.0,0.0
2776,0.8683333333333333,1.0,0.0,0.0,0.0,0.0
2777,0.8333333333333331,1.0,0.0,0.0,0.0,0.0
2778,0.8500000000000001,1.0,0.0,0.0,0.0,0.0
2779,0.9933333333333334,1.0,0.0,0.0,0.0,0.0
2780,0.9933333333333333,1.0,0.0,0.0,0.0,0.0
2781,0.9966666666666667,1.0,0.0,0.0,0.0,0.0
2782,0.9933333333333334,1.0,0.0,0.0,0.0,0.0
2783,0.99,1.0,0.0,0.0,0.0,0.0
2784,0.8349999999999999,1.0,0.0,0.0,0.0,0.0
2785,0.8683333333333333,1.0,0.0,0.0,0.0,0.0
2786,0.9150000000000001,1.0,0.0,0.0,0.0,0.0
2787,0.8883333333333334,1.0,0.0,0.0,0.0,0.0
2788,0.8883333333333333,1.0,0.0,0.0,0.0,0.0
2789,0.9916666666666667,1.0,0.0,0.0,0.0,0.0
2790,0.9949999999999999,1.0,0.0,0.0,0.0,0.0
2791,0.9883333333333333,1.0,0.0,0.0,0.0,0.0
2792,0.9883333333333333,1.0,0.0,0.0,0.0,0.0
2793,0.9900000000000001,1.0,0.0,0.0,0.0,0.0
2794,0.8916666666666667,1.0,0.0,0.0,0.0,0.0
2795,0.8699999999999997,1.0,0.0,0.0,0.0,0.0
2796,0.835,1.0,0.0,0.0,0.0,0.0
2797,0.8816666666666664,1.0,0.0,0.0,0.0,0.0
2798,0.8899999999999999,1.0,0.0,0.0,0.0,0.0
2799,0.9933333333333334,1.0,0.0,0.0,0.0,0.0
2800,0.9983333333333334,1.0,0.0,0.0,0.0,0.0
2801,0.9916666666666666,1.0,0.0,0.0,0.0,0.0
2802,0.995,1.0,0.0,0.0,0.0,0.0
2803,0.9916666666666666,1.0,0.0,0.0,0.0,0.0
2804,0.888333333333333,1.0,0.0,0.0,0.0,0.0
2805,0.875,1.0,0.0,0.0,0.0,0.0
2806,0.8633333333333334,1.0,0.0,0.0,0.0,0.0
2807,0.8533333333333333,1.0,0.0,0.0,0.0,0.0
2808,0.8883333333333332,1.0,0.0,0.0,0.0,0.0
2809,0.9916666666666666,1.0,0.0,0.0,0.0,0.0
2810,0.9916666666666667,1.0,0.0,0.0,0.0,0.0
2811,0.995,1.0,0.0,0.0,0.0,0.0
2812,0.9966666666666667,1.0,0.0,0.0,0.0,0.0
2813,0.9916666666666666,1.0,0.0,0.0,0.0,0.0
2814,0.8799999999999999,1.0,0.0,0.0,0.0,0.0
2815,0.8966666666666666,1.0,0.0,0.0,0.0,0.0
2816,0.8816666666666666,1.0,0.0,0.0,0.0,0.0
2817,0.8333333333333333,0.99,0.0,0.01,0.0,0.0
2818,0.8683333333333333,1.0,0.0,0.0,0.0,0.0
2819,0.9883333333333332,1.0,0.0,0.0,0.0,0.0
2820,0.9933333333333333,1.0,0.0,0.0,0.0,0.0
2821,0.9949999999999999,1.0,0.0,0.0,0.0,0.0
2822,0.9916666666666665,1.0,0.0,0.0,0.0,0.0
2823,0.9983333333333333,1.0,0.0,0.0,0.0,0.0
2824,0.875,0.99,0.0,0.0,0.01,0.0
2825,0.865,1.0,0.0,0.0,0.0,0.0
2826,0.885,1.0,0.0,0.0,0.0,0.0
2827,0.8483333333333332,1.0,0.0,0.0,0.0,0.0
2828,0.8899999999999999,1.0,0.0,0.0,0.0,0.0
2829,0.9966666666666666,1.0,0.0,0.0,0.0,0.0
2830,0.99,1.0,0.0,0.0,0.0,0.0
2831,0.9933333333333334,1.0,0.0,0.0,0.0,0.0
2832,0.99,1.0,0.0,0.0,0.0,0.0
2833,0.9883333333333332,1.0,0.0,0.0,0.0,0.0
2834,0.8833333333333332,1.0,0.0,0.0,0.0,0.0
2835,0.88,0.99,0.0,0.01,0.0,0.0
2836,0.878333333333333,1.0,0.0,0.0,0.0,0.0
2837,0.8633333333333333,1.0,0.0,0.0,0.0,0.0
2838,0.8833333333333333,1.0,0.0,0.0,0.0,0.0
2839,0.9966666666666667,1.0,0.0,0.0,0.0,0.0
2840,0.995,1.0,0.0,0.0,0.0,0.0
2841,0.995,1.0,0.0,0.0,0.0,0.0
2842,0.9866666666666666,1.0,0.0,0.0,0.0,0.0
2843,0.995,1.0,0.0,0.0,0.0,0.0
2844,0.895,1.0,0.0,0.0,0.0,0.0
2845,0.8783333333333333,1.0,0.0,0.0,0.0,0.0
2846,0.8916666666666666,1.0,0.0,0.0,0.0,0.0
2847,0.8833333333333333,1.0,0.0,0.0,0.0,0.0
2848,0.8983333333333331,1.0,0.0,0.0,0.0,0.0
2849,0.9933333333333333,1.0,0.0,0.0,0.0,0.0
2850,0.995,0.99,0.0,0.01,0.0,0.0
2851,0.995,0.99,0.0,0.01,0.0,0.0
2852,0.9916666666666667,0.98,0.0,0.02,0.0,0.0
2853,0.9933333333333334,0.97,0.0,0.03,0.0,0.0
2854,0.8649999999999999,0.96,0.0,0.04,0.0,0.0
2855,0.8916666666666666,0.99,0.0,0.01,0.0,0.0
2856,0.8516666666666665,1.0,0.0,0.0,0.0,0.0
2857,0.8783333333333333,1.0,0.0,0.0,0.0,0.0
2858,0.8416666666666667,1.0,0.0,0.0,0.0,0.0
2859,0.9933333333333333,1.0,0.0,0.0,0.0,0.0
2860,0.9966666666666667,1.0,0.0,0.0,0.0,0.0
2861,0.9966666666666666,1.0,0.0,0.0,0.0,0.0
2862,0.9983333333333333,1.0,0.0,0.0,0.0,0.0
2863,0.995,1.0,0.0,0.0,0.0,0.0
2864,0.8933333333333333,1.0,0.0,0.0,0.0,0.0
2865,0.8483333333333334,1.0,0.0,0.0,0.0,0.0
2866,0.8766666666666667,1.0,0.0,0.0,0.0,0.0
2867,0.8633333333333333,1.0,0.0,0.0,0.0,0.0
2868,0.905,1.0,0.0,0.0,0.0,0.0
2869,0.995,1.0,0.0,0.0,0.0,0.0
2870,0.995,1.0,0.0,0.0,0.0,0.0
2871,0.9899999999999999,1.0,0.0,0.0,0.0,0.0
2872,0.9966666666666667,1.0,0.0,0.0,0.0,0.0
2873,0.9966666666666667,1.0,0.0,0.0,0.0,0.0
2874,0.9016666666666666,1.0,0.0,0.0,0.0,0.0
2875,0.8333333333333333,1.0,0.0,0.0,0.0,0.0
2876,0.8949999999999999,1.0,0.0,0.0,0.0,0.0
2877,0.88,1.0,0.0,0.0,0.0,0.0
2878,0.9049999999999998,1.0,0.0,0.0,0.0,0.0
2879,0.9966666666666666,1.0,0.0,0.0,0.0,0.0
2880,0.9899999999999999,0.99,0.0,0.01,0.0,0.0
2881,0.9966666666666666,1.0,0.0,0.0,0.0,0.0
2882,0.99,1.0,0.0,0.0,0.0,0.0
2883,0.9933333333333333,1.0,0.0,0.0,0.0,0.0
2884,0.88,1.0,0.0,0.0,0.0,0.0
2885,0.8849999999999999,1.0,0.0,0.0,0.0,0.0
2886,0.8733333333333334,1.0,0.0,0.0,0.0,0.0
2887,0.8716666666666666,1.0,0.0,0.0,0.0,0.0
2888,0.865,1.0,0.0,0.0,0.0,0.0
2889,0.9866666666666666,1.0,0.0,0.0,0.0,0.0
2890,0.995,1.0,0.0,0.0,0.0,0.0
2891,0.995,1.0,0.0,0.0,0.0,0.0
2892,0.995,1.0,0.0,0.0,0.0,0.0
2893,0.9883333333333334,1.0,0.0,0.0,0.0,0.0
2894,0.8716666666666666,1.0,0.0,0.0,0.0,0.0
2895,0.88,1.0,0.0,0.0,0.0,0.0
2896,0.9233333333333335,1.0,0.0,0.0,0.0,0.0
2897,0.8683333333333333,1.0,0.0,0.0,0.0,0.0
2898,0.8866666666666666,1.0,0.0,0.0,0.0,0.0
2899,0.995,1.0,0.0,0.0,0.0,0.0
2900,0.9916666666666667,1.0,0.0,0.0,0.0,0.0
2901,0.9966666666666667,1.0,0.0,0.0,0.0,0.0
2902,0.9916666666666666,1.0,0.0,0.0,0.0,0.0
2903,0.9933333333333333,1.0,0.0,0.0,0.0,0.0
2904,0.825,1.0,0.0,0.0,0.0,0.0
2905,0.865,1.0,0.0,0.0,0.0,0.0
2906,0.8416666666666667,1.0,0.0,0.0,0.0,0.0
2907,0.8716666666666666,1.0,0.0,0.0,0.0,0.0
2908,0.8816666666666666,1.0,0.0,0.0,0.0,0.0
2909,0.9966666666666667,1.0,0.0,0.0,0.0,0.0
2910,0.9866666666666666,1.0,0.0,0.0,0.0,0.0
2911,0.99,1.0,0.0,0.0,0.0,0.0
2912,0.995,1.0,0.0,0.0,0.0,0.0
2913,0.9933333333333332,1.0,0.0,0.0,0.0,0.0
2914,0.8799999999999997,1.0,0.0,0.0,0.0,0.0
2915,0.8983333333333331,1.0,0.0,0.0,0.0,0.0
2916,0.8616666666666666,1.0,0.0,0.0,0.0,0.0
2917,0.9016666666666667,1.0,0.0,0.0,0.0,0.0
2918,0.9033333333333333,1.0,0.0,0.0,0.0,0.0
2919,0.9916666666666667,1.0,0.0,0.0,0.0,0.0
2920,0.9899999999999999,1.0,0.0,0.0,0.0,0.0
2921,0.9916666666666665,1.0,0.0,0.0,0.0,0.0
2922,0.9949999999999999,1.0,0.0,0.0,0.0,0.0
2923,0.9916666666666666,1.0,0.0,0.0,0.0,0.0
2924,0.8366666666666664,1.0,0.0,0.0,0.0,0.0
2925,0.9016666666666666,1.0,0.0,0.0,0.0,0.0
2926,0.8483333333333334,1.0,0.0,0.0,0.0,0.0
2927,0.9116666666666666,1.0,0.0,0.0,0.0,0.0
2928,0.86,1.0,0.0,0.0,0.0,0.0
2929,0.9933333333333333,1.0,0.0,0.0,0.0,0.0
2930,0.9949999999999999,1.0,0.0,0.0,0.0,0.0
2931,0.9899999999999999,1.0,0.0,0.0,0.0,0.0
2932,0.9850000000000001,0.99,0.0,0.01,0.0,0.0
2933,0.9966666666666667,0.98,0.0,0.02,0.0,0.0
2934,0.8616666666666666,0.95,0.0,0.05,0.0,0.0
2935,0.875,0.99,0.0,0.01,0.0,0.0
2936,0.8633333333333332,0.98,0.0,0.02,0.0,0.0
2937,0.8999999999999999,0.97,0.0,0.03,0.0,0.0
2938,0.8349999999999999,0.97,0.0,0.03,0.0,0.0
2939,0.995,0.99,0.0,0.01,0.0,0.0
2940,0.9933333333333332,0.99,0.0,0.01,0.0,0.0
2941,0.9933333333333333,1.0,0.0,0.0,0.0,0.0
2942,0.9933333333333333,1.0,0.0,0.0,0.0,0.0
2943,0.9899999999999999,1.0,0.0,0.0,0.0,0.0
2944,0.9016666666666664,1.0,0.0,0.0,0.0,0.0
2945,0.855,1.0,0.0,0.0,0.0,0.0
2946,0.8749999999999999,1.0,0.0,0.0,0.0,0.0
2947,0.8466666666666665,1.0,0.0,0.0,0.0,0.0
2948,0.8466666666666666,1.0,0.0,0.0,0.0,0.0
2949,0.9966666666666666,1.0,0.0,0.0,0.0,0.0
2950,0.9949999999999999,1.0,0.0,0.0,0.0,0.0
2951,0.9866666666666667,1.0,0.0,0.0,0.0,0.0
2952,0.9933333333333333,1.0,0.0,0.0,0.0,0.0
2953,0.9899999999999999,1.0,0.0,0.0,0.0,0.0
2954,0.8216666666666665,1.0,0.0,0.0,0.0,0.0
2955,0.8816666666666668,1.0,0.0,0.0,0.0,0.0
2956,0.8233333333333333,1.0,0.0,0.0,0.0,0.0
2957,0.8299999999999998,1.0,0.0,0.0,0.0,0.0
2958,0.885,1.0,0.0,0.0,0.0,0.0
2959,0.9983333333333333,1.0,0.0,0.0,0.0,0.0
2960,0.9949999999999999,1.0,0.0,0.0,0.0,0.0
2961,0.9916666666666667,0.99,0.0,0.0,0.01,0.0
2962,0.9866666666666665,0.99,0.0,0.0,0.01,0.0
2963,0.9966666666666666,1.0,0.0,0.0,0.0,0.0
2964,0.8766666666666666,1.0,0.0,0.0,0.0,0.0
2965,0.9083333333333333,1.0,0.0,0.0,0.0,0.0
2966,0.8916666666666667,1.0,0.0,0.0,0.0,0.0
2967,0.8566666666666666,0.99,0.0,0.0,0.01,0.0
2968,0.8916666666666667,0.98,0.0,0.0,0.02,0.0
2969,0.9833333333333332,0.98,0.0,0.0,0.02,0.0
2970,0.9833333333333333,0.97,0.0,0.0,0.03,0.0
2971,0.9883333333333333,0.98,0.0,0.0,0.02,0.0
2972,0.995,1.0,0.0,0.0,0.0,0.0
2973,0.9933333333333333,1.0,0.0,0.0,0.0,0.0
2974,0.8949999999999999,1.0,0.0,0.0,0.0,0.0
2975,0.8516666666666665,1.0,0.0,0.0,0.0,0.0
2976,0.84,1.0,0.0,0.0,0.0,0.0
2977,0.8666666666666666,1.0,0.0,0.0,0.0,0.0
2978,0.9016666666666667,1.0,0.0,0.0,0.0,0.0
2979,0.9883333333333333,1.0,0.0,0.0,0.0,0.0
2980,0.9983333333333333,1.0,0.0,0.0,0.0,0.0
2981,0.9966666666666666,1.0,0.0,0.0,0.0,0.0
2982,0.99,1.0,0.0,0.0,0.0,0.0
2983,0.9916666666666666,1.0,0.0,0.0,0.0,0.0
2984,0.8699999999999999,1.0,0.0,0.0,0.0,0.0
2985,0.8583333333333333,1.0,0.0,0.0,0.0,0.0
2986,0.8833333333333333,1.0,0.0,0.0,0.0,0.0
2987,0.875,1.0,0.0,0.0,0.0,0.0
2988,0.8916666666666666,1.0,0.0,0.0,0.0,0.0
2989,0.9899999999999999,1.0,0.0,0.0,0.0,0.0
2990,0.9899999999999999,1.0,0.0,0.0,0.0,0.0
2991,0.9966666666666667,1.0,0.0,0.0,0.0,0.0
2992,0.99,1.0,0.0,0.0,0.0,0.0
2993,0.9933333333333333,0.99,0.0,0.01,0.0,0.0
2994,0.8100000000000002,0.99,0.0,0.01,0.0,0.0
2995,0.8699999999999999,1.0,0.0,0.0,0.0,0.0
2996,0.8516666666666665,1.0,0.0,0.0,0.0,0.0
2997,0.8050000000000002,1.0,0.0,0.0,0.0,0.0
2998,0.8499035578541012,0.99,0.0,0.01,0.0,0.0
2999,0.9933333333333332,1.0,0.0,0.0,0.0,0.0
3000,0.9866666666666667,1.0,0.0,0.0,0.0,0.0
3001,0.9933333333333333,1.0,0.0,0.0,0.0,0.0
3002,0.9916666666666667,1.0,0.0,0.0,0.0,0.0
3003,0.9916666666666667,1.0,0.0,0.0,0.0,0.0
3004,0.8333333333333331,1.0,0.0,0.0,0.0,0.0
3005,0.7966666666666665,1.0,0.0,0.0,0.0,0.0
3006,0.8666666666666666,1.0,0.0,0.0,0.0,0.0
3007,0.8466666666666666,1.0,0.0,0.0,0.0,0.0
3008,0.8383333333333333,1.0,0.0,0.0,0.0,0.0
3009,0.9933333333333333,1.0,0.0,0.0,0.0,0.0
3010,0.9916666666666667,1.0,0.0,0.0,0.0,0.0
3011,0.9949999999999999,1.0,0.0,0.0,0.0,0.0
3012,0.9883333333333334,1.0,0.0,0.0,0.0,0.0
3013,0.9916666666666667,1.0,0.0,0.0,0.0,0.0
3014,0.89,1.0,0.0,0.0,0.0,0.0
3015,0.843333333333333,1.0,0.0,0.0,0.0,0.0
3016,0.8516666666666665,1.0,0.0,0.0,0.0,0.0
3017,0.8783333333333334,1.0,0.0,0.0,0.0,0.0
3018,0.8666666666666666,1.0,0.0,0.0,0.0,0.0
3019,0.995,1.0,0.0,0.0,0.0,0.0
3020,0.9866666666666666,1.0,0.0,0.0,0.0,0.0
3021,0.99,0.99,0.0,0.0,0.01,0.0
3022,0.9933333333333332,1.0,0.0,0.0,0.0,0.0
3023,0.995,1.0,0.0,0.0,0.0,0.0
3024,0.8433333333333333,1.0,0.0,0.0,0.0,0.0
3025,0.8716666666666668,1.0,0.0,0.0,0.0,0.0
3026,0.85,1.0,0.0,0.0,0.0,0.0
3027,0.8883333333333333,1.0,0.0,0.0,0.0,0.0
3028,0.8749999999999997,1.0,0.0,0.0,0.0,0.0
3029,0.995,1.0,0.0,0.0,0.0,0.0
3030,0.9933333333333333,1.0,0.0,0.0,0.0,0.0
3031,0.9966666666666667,1.0,0.0,0.0,0.0,0.0
3032,0.9916666666666667,1.0,0.0,0.0,0.0,0.0
3033,0.9900000000000001,1.0,0.0,0.0,0.0,0.0
3034,0.8733333333333332,1.0,0.0,0.0,0.0,0.0
3035,0.835,1.0,0.0,0.0,0.0,0.0
3036,0.8783333333333334,1.0,0.0,0.0,0.0,0.0
3037,0.8783333333333332,1.0,0.0,0.0,0.0,0.0
3038,0.8666666666666666,1.0,0.0,0.0,0.0,0.0
3039,0.99,1.0,0.0,0.0,0.0,0.0
3040,0.995,1.0,0.0,0.0,0.0,0.0
3041,0.9933333333333333,1.0,0.0,0.0,0.0,0.0
3042,0.9916666666666666,1.0,0.0,0.0,0.0,0.0
3043,0.9983333333333333,1.0,0.0,0.0,0.0,0.0
3044,0.8749999999999999,1.0,0.0,0.0,0.0,0.0
3045,0.8899999999999997,1.0,0.0,0.0,0.0,0.0
3046,0.8783333333333334,1.0,0.0,0.0,0.0,0.0
3047,0.8723712609078649,0.99,0.0,0.01,0.0,0.0
3048,0.8699999999999999,1.0,0.0,0.0,0.0,0.0
3049,0.99,1.0,0.0,0.0,0.0,0.0
3050,0.9949999999999999,1.0,0.0,0.0,0.0,0.0
3051,0.995,1.0,0.0,0.0,0.0,0.0
3052,0.9899999999999998,1.0,0.0,0.0,0.0,0.0
3053,0.99,1.0,0.0,0.0,0.0,0.0
3054,0.8416666666666666,1.0,0.0,0.0,0.0,0.0
3055,0.8500000000000001,1.0,0.0,0.0,0.0,0.0
3056,0.8583333333333333,1.0,0.0,0.0,0.0,0.0
3057,0.89,1.0,0.0,0.0,0.0,0.0
3058,0.8633333333333332,1.0,0.0,0.0,0.0,0.0
3059,0.99,1.0,0.0,0.0,0.0,0.0
3060,0.9933333333333333,1.0,0.0,0.0,0.0,0.0
3061,0.9933333333333332,0.99,0.0,0.01,0.0,0.0
3062,0.9949999999999999,0.99,0.0,0.01,0.0,0.0
3063,0.9966666666666667,1.0,0.0,0.0,0.0,0.0
3064,0.8783333333333332,1.0,0.0,0.0,0.0,0.0
3065,0.94,1.0,0.0,0.0,0.0,0.0
3066,0.905,1.0,0.0,0.0,0.0,0.0
3067,0.845,1.0,0.0,0.0,0.0,0.0
3068,0.8649999999999998,1.0,0.0,0.0,0.0,0.0
3069,0.9833333333333333,1.0,0.0,0.0,0.0,0.0
3070,0.995,1.0,0.0,0.0,0.0,0.0
3071,0.9933333333333334,1.0,0.0,0.0,0.0,0.0
3072,0.9916666666666666,1.0,0.0,0.0,0.0,0.0
3073,0.9966666666666667,1.0,0.0,0.0,0.0,0.0
3074,0.8983333333333334,1.0,0.0,0.0,0.0,0.0
3075,0.8616666666666666,1.0,0.0,0.0,0.0,0.0
3076,0.8433333333333334,1.0,0.0,0.0,0.0,0.0
3077,0.8533333333333332,1.0,0.0,0.0,0.0,0.0
3078,0.8966666666666664,0.99,0.0,0.01,0.0,0.0
3079,0.9916666666666666,0.99,0.0,0.01,0.0,0.0
3080,0.9916666666666666,1.0,0.0,0.0,0.0,0.0
3081,0.9933333333333332,1.0,0.0,0.0,0.0,0.0
3082,0.9899999999999999,1.0,0.0,0.0,0.0,0.0
3083,0.99,1.0,0.0,0.0,0.0,0.0
3084,0.865,1.0,0.0,0.0,0.0,0.0
3085,0.8050000000000002,1.0,0.0,0.0,0.0,0.0
3086,0.88,1.0,0.0,0.0,0.0,0.0
3087,0.8666666666666666,1.0,0.0,0.0,0.0,0.0
3088,0.9000000000000001,1.0,0.0,0.0,0.0,0.0
3089,0.995,1.0,0.0,0.0,0.0,0.0
3090,0.9916666666666666,1.0,0.0,0.0,0.0,0.0
3091,0.9966666666666667,1.0,0.0,0.0,0.0,0.0
3092,0.9916666666666667,1.0,0.0,0.0,0.0,0.0
3093,0.995,1.0,0.0,0.0,0.0,0.0
3094,0.8866666666666667,1.0,0.0,0.0,0.0,0.0
3095,0.8850000000000001,1.0,0.0,0.0,0.0,0.0
3096,0.9316666666666668,1.0,0.0,0.0,0.0,0.0
3097,0.9300000000000002,1.0,0.0,0.0,0.0,0.0
3098,0.8883333333333333,1.0,0.0,0.0,0.0,0.0
3099,0.995,1.0,0.0,0.0,0.0,0.0
3100,0.9933333333333333,1.0,0.0,0.0,0.0,0.0
3101,0.9933333333333333,1.0,0.0,0.0,0.0,0.0
3102,0.9949999999999999,1.0,0.0,0.0,0.0,0.0
3103,0.995,1.0,0.0,0.0,0.0,0.0
3104,0.8100000000000002,1.0,0.0,0.0,0.0,0.0
3105,0.8883333333333334,1.0,0.0,0.0,0.0,0.0
3106,0.888333333333333,1.0,0.0,0.0,0.0,0.0
3107,0.8683333333333333,1.0,0.0,0.0,0.0,0.0
3108,0.855,1.0,0.0,0.0,0.0,0.0
3109,0.9933333333333332,1.0,0.0,0.0,0.0,0.0
3110,0.9966666666666667,1.0,0.0,0.0,0.0,0.0
3111,0.9966666666666666,1.0,0.0,0.0,0.0,0.0
3112,0.9933333333333333,1.0,0.0,0.0,0.0,0.0
3113,0.995,1.0,0.0,0.0,0.0,0.0
3114,0.8483333333333333,1.0,0.0,0.0,0.0,0.0
3115,0.8516666666666667,1.0,0.0,0.0,0.0,0.0
3116,0.9,1.0,0.0,0.0,0.0,0.0
3117,0.8766666666666666,1.0,0.0,0.0,0.0,0.0
3118,0.8666666666666667,1.0,0.0,0.0,0.0,0.0
3119,0.995,1.0,0.0,0.0,0.0,0.0
3120,0.9916666666666666,1.0,0.0,0.0,0.0,0.0
3121,0.9966666666666667,1.0,0.0,0.0,0.0,0.0
3122,0.9916666666666665,1.0,0.0,0.0,0.0,0.0
3123,0.99,1.0,0.0,0.0,0.0,0.0
3124,0.7800000000000001,1.0,0.0,0.0,0.0,0.0
3125,0.8750000000000001,1.0,0.0,0.0,0.0,0.0
3126,0.8966666666666666,0.99,0.0,0.0,0.01,0.0
3127,0.8716666666666667,0.99,0.0,0.0,0.01,0.0
3128,0.8716666666666667,0.98,0.0,0.0,0.02,0.0
3129,0.9816666666666667,0.98,0.0,0.0,0.02,0.0
3130,0.9816666666666667,0.97,0.0,0.0,0.03,0.0
3131,0.9866666666666667,0.98,0.0,0.0,0.02,0.0
3132,0.9933333333333333,1.0,0.0,0.0,0.0,0.0
3133,0.9983333333333334,0.99,0.0,0.01,0.0,0.0
3134,0.8633333333333332,0.98,0.0,0.02,0.0,0.0
3135,0.8833333333333333,0.98,0.0,0.01,0.01,0.0
3136,0.8749999999999999,0.99,0.0,0.01,0.0,0.0
3137,0.835,0.99,0.0,0.01,0.0,0.0
3138,0.8816666666666667,0.99,0.0,0.01,0.0,0.0
3139,0.9899999999999999,0.99,0.0,0.01,0.0,0.0
3140,0.995,1.0,0.0,0.0,0.0,0.0
3141,0.9966666666666667,1.0,0.0,0.0,0.0,0.0
3142,0.9933333333333333,1.0,0.0,0.0,0.0,0.0
3143,0.9966666666666666,1.0,0.0,0.0,0.0,0.0
3144,0.8683333333333332,1.0,0.0,0.0,0.0,0.0
3145,0.8583333333333333,0.99,0.0,0.0,0.01,0.0
3146,0.8916666666666666,1.0,0.0,0.0,0.0,0.0
3147,0.845,1.0,0.0,0.0,0.0,0.0
3148,0.8700000000000001,1.0,0.0,0.0,0.0,0.0
3149,0.9933333333333333,1.0,0.0,0.0,0.0,0.0
3150,0.9899999999999999,1.0,0.0,0.0,0.0,0.0
3151,0.9983333333333334,1.0,0.0,0.0,0.0,0.0
3152,0.9916666666666666,1.0,0.0,0.0,0.0,0.0
3153,0.9966666666666666,1.0,0.0,0.0,0.0,0.0
3154,0.9149999999999998,1.0,0.0,0.0,0.0,0.0
3155,0.8416666666666665,1.0,0.0,0.0,0.0,0.0
3156,0.9099999999999998,1.0,0.0,0.0,0.0,0.0
3157,0.8866666666666667,0.99,0.0,0.0,0.01,0.0
3158,0.9133333333333334,0.95,0.0,0.0,0.05,0.0
3159,0.9733333333333334,0.92,0.0,0.0,0.08,0.0
3160,0.9833333333333333,0.95,0.0,0.0,0.05,0.0
3161,0.9750000000000001,0.95,0.0,0.0,0.05,0.0
3162,0.9883333333333333,0.96,0.0,0.0,0.04,0.0
3163,0.9899999999999999,0.98,0.0,0.0,0.02,0.0
3164,0.8599999999999999,0.99,0.0,0.0,0.01,0.0
3165,0.8650000000000001,1.0,0.0,0.0,0.0,0.0
3166,0.8500000000000003,1.0,0.0,0.0,0.0,0.0
3167,0.9016666666666664,1.0,0.0,0.0,0.0,0.0
3168,0.8449999999999999,1.0,0.0,0.0,0.0,0.0
3169,0.9949999999999999,1.0,0.0,0.0,0.0,0.0
3170,0.9983333333333333,1.0,0.0,0.0,0.0,0.0
3171,0.9966666666666666,1.0,0.0,0.0,0.0,0.0
3172,0.9966666666666667,1.0,0.0,0.0,0.0,0.0
3173,0.995,1.0,0.0,0.0,0.0,0.0
3174,0.8983333333333333,1.0,0.0,0.0,0.0,0.0
3175,0.875,1.0,0.0,0.0,0.0,0.0
3176,0.8866666666666666,1.0,0.0,0.0,0.0,0.0
3177,0.8716666666666667,1.0,0.0,0.0,0.0,0.0
3178,0.8316666666666664,1.0,0.0,0.0,0.0,0.0
3179,0.995,1.0,0.0,0.0,0.0,0.0
3180,0.9916666666666667,1.0,0.0,0.0,0.0,0.0
3181,0.9866666666666665,0.99,0.0,0.0,0.01,0.0
3182,0.9899999999999999,0.99,0.0,0.0,0.01,0.0
3183,0.9916666666666667,0.99,0.0,0.0,0.01,0.0
3184,0.8516666666666665,1.0,0.0,0.0,0.0,0.0
3185,0.8766666666666666,1.0,0.0,0.0,0.0,0.0
3186,0.8333333333333333,1.0,0.0,0.0,0.0,0.0
3187,0.8616666666666667,1.0,0.0,0.0,0.0,0.0
3188,0.8716666666666666,1.0,0.0,0.0,0.0,0.0
3189,0.9933333333333333,1.0,0.0,0.0,0.0,0.0
3190,0.995,1.0,0.0,0.0,0.0,0.0
3191,0.988333333333333,1.0,0.0,0.0,0.0,0.0
3192,0.9949999999999999,1.0,0.0,0.0,0.0,0.0
3193,0.9916666666666666,0.99,0.0,0.0,0.01,0.0
3194,0.82,0.99,0.0,0.0,0.01,0.0
3195,0.875,0.98,0.0,0.0,0.02,0.0
3196,0.8783333333333333,0.98,0.0,0.0,0.02,0.0
3197,0.8166666666666664,0.98,0.0,0.01,0.01,0.0
3198,0.84,0.98,0.0,0.01,0.01,0.0
3199,0.9983333333333334,1.0,0.0,0.0,0.0,0.0
3200,0.9966666666666667,1.0,0.0,0.0,0.0,0.0
3201,0.9933333333333333,1.0,0.0,0.0,0.0,0.0
3202,0.9933333333333332,1.0,0.0,0.0,0.0,0.0
3203,0.9966666666666667,1.0,0.0,0.0,0.0,0.0
3204,0.8699999999999999,1.0,0.0,0.0,0.0,0.0
3205,0.8716666666666667,1.0,0.0,0.0,0.0,0.0
3206,0.8249999999999998,1.0,0.0,0.0,0.0,0.0
3207,0.8483333333333334,1.0,0.0,0.0,0.0,0.0
3208,0.8583333333333333,1.0,0.0,0.0,0.0,0.0
3209,0.99,1.0,0.0,0.0,0.0,0.0
3210,0.9966666666666666,1.0,0.0,0.0,0.0,0.0
3211,0.9916666666666666,1.0,0.0,0.0,0.0,0.0
3212,0.9949999999999999,1.0,0.0,0.0,0.0,0.0
3213,0.995,1.0,0.0,0.0,0.0,0.0
3214,0.9116666666666666,1.0,0.0,0.0,0.0,0.0
3215,0.8783333333333333,1.0,0.0,0.0,0.0,0.0
3216,0.8816666666666666,1.0,0.0,0.0,0.0,0.0
3217,0.8483333333333333,1.0,0.0,0.0,0.0,0.0
3218,0.8833333333333333,1.0,0.0,0.0,0.0,0.0
3219,0.9949999999999999,1.0,0.0,0.0,0.0,0.0
3220,0.9933333333333332,1.0,0.0,0.0,0.0,0.0
3221,0.995,1.0,0.0,0.0,0.0,0.0
3222,0.9933333333333333,1.0,0.0,0.0,0.0,0.0
3223,0.995,1.0,0.0,0.0,0.0,0.0
3224,0.8916666666666664,1.0,0.0,0.0,0.0,0.0
3225,0.8199999999999998,1.0,0.0,0.0,0.0,0.0
3226,0.8616666666666666,1.0,0.0,0.0,0.0,0.0
3227,0.885,1.0,0.0,0.0,0.0,0.0
3228,0.8699999999999999,1.0,0.0,0.0,0.0,0.0
3229,0.9916666666666666,1.0,0.0,0.0,0.0,0.0
3230,0.9933333333333333,1.0,0.0,0.0,0.0,0.0
3231,0.9899999999999999,1.0,0.0,0.0,0.0,0.0
3232,0.9916666666666666,1.0,0.0,0.0,0.0,0.0
3233,0.9949999999999999,0.99,0.0,0.0,0.01,0.0
3234,0.845,1.0,0.0,0.0,0.0,0.0
3235,0.8799999999999999,1.0,0.0,0.0,0.0,0.0
3236,0.8283333333333331,0.99,0.0,0.01,0.0,0.0
3237,0.8766666666666667,1.0,0.0,0.0,0.0,0.0
3238,0.8616666666666666,1.0,0.0,0.0,0.0,0.0
3239,0.9949999999999999,1.0,0.0,0.0,0.0,0.0
3240,0.9916666666666666,1.0,0.0,0.0,0.0,0.0
3241,0.9933333333333332,1.0,0.0,0.0,0.0,0.0
3242,0.995,1.0,0.0,0.0,0.0,0.0
3243,0.9866666666666667,1.0,0.0,0.0,0.0,0.0
3244,0.8483333333333334,0.99,0.0,0.01,0.0,0.0
3245,0.8733333333333332,1.0,0.0,0.0,0.0,0.0
3246,0.88,1.0,0.0,0.0,0.0,0.0
3247,0.8733333333333332,1.0,0.0,0.0,0.0,0.0
3248,0.9083333333333334,1.0,0.0,0.0,0.0,0.0
3249,0.9983333333333333,1.0,0.0,0.0,0.0,0.0
3250,0.995,1.0,0.0,0.0,0.0,0.0
3251,0.9933333333333333,1.0,0.0,0.0,0.0,0.0
3252,0.99,1.0,0.0,0.0,0.0,0.0
3253,0.9933333333333332,0.99,0.0,0.01,0.0,0.0
3254,0.895,1.0,0.0,0.0,0.0,0.0
3255,0.8399999999999997,1.0,0.0,0.0,0.0,0.0
3256,0.8433333333333333,1.0,0.0,0.0,0.0,0.0
3257,0.895,1.0,0.0,0.0,0.0,0.0
3258,0.8899999999999999,1.0,0.0,0.0,0.0,0.0
3259,0.9933333333333333,1.0,0.0,0.0,0.0,0.0
3260,0.9933333333333333,0.99,0.0,0.0,0.01,0.0
3261,0.9899999999999998,0.97,0.0,0.0,0.03,0.0
3262,0.9866666666666668,0.99,0.0,0.0,0.01,0.0
3263,0.99,0.99,0.0,0.0,0.01,0.0
3264,0.8733333333333333,0.98,0.0,0.0,0.02,0.0
3265,0.8999999999999999,0.94,0.0,0.0,0.06,0.0
3266,0.8816666666666664,0.95,0.0,0.0,0.05,0.0
3267,0.8816666666666664,0.94,0.0,0.0,0.06,0.0
3268,0.8683333333333333,0.91,0.0,0.0,0.09,0.0
3269,0.9633333333333334,0.83,0.0,0.0,0.17,0.0
3270,0.9683333333333333,0.83,0.0,0.0,0.17,0.0
3271,0.9766666666666667,0.91,0.0,0.0,0.09,0.0
3272,0.9766666666666666,0.92,0.0,0.0,0.08,0.0
3273,0.9733333333333333,0.9,0.0,0.0,0.1,0.0
3274,0.9016666666666667,0.9,0.0,0.0,0.1,0.0
3275,0.8966666666666667,0.85,0.0,0.0,0.15,0.0
3276,0.8833333333333333,0.94,0.0,0.0,0.06,0.0
3277,0.8383333333333333,0.96,0.0,0.0,0.04,0.0
3278,0.8350000000000003,0.95,0.0,0.0,0.05,0.0
3279,0.9849999999999999,0.94,0.0,0.0,0.06,0.0
3280,0.9883333333333332,0.97,0.0,0.0,0.03,0.0
3281,0.9949999999999999,0.98,0.0,0.0,0.02,0.0
3282,0.9916666666666666,0.98,0.0,0.0,0.02,0.0
3283,0.9866666666666666,0.97,0.0,0.0,0.03,0.0
3284,0.9049999999999998,0.99,0.0,0.0,0.01,0.0
3285,0.8883333333333333,0.98,0.0,0.0,0.02,0.0
3286,0.923333333333333,0.96,0.0,0.0,0.04,0.0
3287,0.8783333333333333,0.99,0.0,0.0,0.01,0.0
3288,0.8583333333333332,0.98,0.0,0.0,0.02,0.0
3289,0.99,0.97,0.0,0.0,0.03,0.0
3290,0.9966666666666666,0.99,0.0,0.0,0.01,0.0
3291,0.9916666666666666,0.99,0.0,0.0,0.01,0.0
3292,0.9916666666666666,0.99,0.0,0.0,0.01,0.0
3293,0.9983333333333334,1.0,0.0,0.0,0.0,0.0
3294,0.8566666666666666,1.0,0.0,0.0,0.0,0.0
3295,0.8699999999999999,1.0,0.0,0.0,0.0,0.0
3296,0.8266666666666665,0.99,0.0,0.01,0.0,0.0
3297,0.8666666666666667,1.0,0.0,0.0,0.0,0.0
3298,0.88,1.0,0.0,0.0,0.0,0.0
3299,0.9899999999999999,1.0,0.0,0.0,0.0,0.0
3300,0.9949999999999999,1.0,0.0,0.0,0.0,0.0
3301,0.99,1.0,0.0,0.0,0.0,0.0
3302,0.9933333333333332,1.0,0.0,0.0,0.0,0.0
3303,0.9927207740292521,0.99,0.0,0.01,0.0,0.0
3304,0.8649999999999999,1.0,0.0,0.0,0.0,0.0
3305,0.8833333333333332,1.0,0.0,0.0,0.0,0.0
3306,0.8749999999999999,1.0,0.0,0.0,0.0,0.0
3307,0.845,1.0,0.0,0.0,0.0,0.0
3308,0.8583333333333333,1.0,0.0,0.0,0.0,0.0
3309,0.9949999999999999,1.0,0.0,0.0,0.0,0.0
3310,0.9933333333333333,1.0,0.0,0.0,0.0,0.0
3311,0.9983333333333334,1.0,0.0,0.0,0.0,0.0
3312,0.9885314297973302,0.99,0.0,0.01,0.0,0.0
3313,0.9916666666666666,1.0,0.0,0.0,0.0,0.0
3314,0.8266666666666665,1.0,0.0,0.0,0.0,0.0
3315,0.8366666666666666,0.99,0.0,0.01,0.0,0.0
3316,0.885,1.0,0.0,0.0,0.0,0.0
3317,0.8783333333333332,1.0,0.0,0.0,0.0,0.0
3318,0.8816666666666666,1.0,0.0,0.0,0.0,0.0
3319,0.9916666666666665,1.0,0.0,0.0,0.0,0.0
3320,0.9916666666666666,1.0,0.0,0.0,0.0,0.0
3321,0.9933333333333333,0.99,0.0,0.01,0.0,0.0
3322,0.99,0.99,0.0,0.01,0.0,0.0
3323,0.9883333333333333,0.98,0.0,0.02,0.0,0.0
3324,0.8866666666666666,0.97,0.0,0.03,0.0,0.0
3325,0.8466666666666667,0.98,0.0,0.02,0.0,0.0
3326,0.8549999999999999,0.98,0.0,0.02,0.0,0.0
3327,0.8710527708870194,0.99,0.0,0.01,0.0,0.0
3328,0.8616872954528112,0.97,0.0,0.03,0.0,0.0
3329,0.9966666666666667,0.98,0.0,0.02,0.0,0.0
3330,0.9933333333333333,0.97,0.0,0.03,0.0,0.0
3331,0.9866666666666666,0.98,0.0,0.02,0.0,0.0
3332,1.0,0.98,0.0,0.02,0.0,0.0
3333,0.9949999999999999,0.99,0.0,0.01,0.0,0.0
3334,0.8933333333333333,1.0,0.0,0.0,0.0,0.0
3335,0.9016666666666667,1.0,0.0,0.0,0.0,0.0
3336,0.8916666666666667,1.0,0.0,0.0,0.0,0.0
3337,0.8883333333333333,1.0,0.0,0.0,0.0,0.0
3338,0.885,1.0,0.0,0.0,0.0,0.0
3339,0.9933333333333334,1.0,0.0,0.0,0.0,0.0
3340,0.995,1.0,0.0,0.0,0.0,0.0
3341,0.9916666666666667,1.0,0.0,0.0,0.0,0.0
3342,0.9933333333333333,0.99,0.0,0.0,0.01,0.0
3343,0.9950000000000001,0.99,0.0,0.0,0.01,0.0
3344,0.885,1.0,0.0,0.0,0.0,0.0
3345,0.8266666666666667,0.99,0.0,0.01,0.0,0.0
3346,0.8483333333333334,0.99,0.0,0.01,0.0,0.0
3347,0.84,0.99,0.0,0.01,0.0,0.0
3348,0.8300000000000002,1.0,0.0,0.0,0.0,0.0
3349,0.9916666666666666,1.0,0.0,0.0,0.0,0.0
3350,0.9883333333333333,1.0,0.0,0.0,0.0,0.0
3351,0.99,1.0,0.0,0.0,0.0,0.0
3352,0.9916666666666666,1.0,0.0,0.0,0.0,0.0
3353,0.9966666666666667,1.0,0.0,0.0,0.0,0.0
3354,0.8850000000000001,0.99,0.0,0.01,0.0,0.0
3355,0.8833333333333334,1.0,0.0,0.0,0.0,0.0
3356,0.8749999999999999,1.0,0.0,0.0,0.0,0.0
3357,0.86,1.0,0.0,0.0,0.0,0.0
3358,0.835,1.0,0.0,0.0,0.0,0.0
3359,0.9916666666666667,0.99,0.0,0.0,0.01,0.0
3360,0.9883333333333334,0.98,0.0,0.0,0.02,0.0
3361,0.9949999999999999,1.0,0.0,0.0,0.0,0.0
3362,0.9933333333333333,1.0,0.0,0.0,0.0,0.0
3363,0.9933333333333332,1.0,0.0,0.0,0.0,0.0
3364,0.875,1.0,0.0,0.0,0.0,0.0
3365,0.8366666666666667,1.0,0.0,0.0,0.0,0.0
3366,0.8849999999999999,1.0,0.0,0.0,0.0,0.0
3367,0.8933333333333333,1.0,0.0,0.0,0.0,0.0
3368,0.8616666666666665,1.0,0.0,0.0,0.0,0.0
3369,0.9933333333333333,1.0,0.0,0.0,0.0,0.0
3370,0.9900000000000001,1.0,0.0,0.0,0.0,0.0
3371,0.9933333333333333,1.0,0.0,0.0,0.0,0.0
3372,0.9916666666666666,1.0,0.0,0.0,0.0,0.0
3373,0.9883333333333334,1.0,0.0,0.0,0.0,0.0
3374,0.8516666666666667,1.0,0.0,0.0,0.0,0.0
3375,0.85,1.0,0.0,0.0,0.0,0.0
3376,0.8916666666666664,1.0,0.0,0.0,0.0,0.0
3377,0.88,1.0,0.0,0.0,0.0,0.0
3378,0.8433333333333332,1.0,0.0,0.0,0.0,0.0
3379,0.9933333333333332,1.0,0.0,0.0,0.0,0.0
3380,0.9916666666666668,1.0,0.0,0.0,0.0,0.0
3381,0.9916666666666667,1.0,0.0,0.0,0.0,0.0
3382,0.9933333333333334,1.0,0.0,0.0,0.0,0.0
3383,0.995,1.0,0.0,0.0,0.0,0.0
3384,0.8783333333333332,1.0,0.0,0.0,0.0,0.0
3385,0.885,1.0,0.0,0.0,0.0,0.0
3386,0.8933333333333334,1.0,0.0,0.0,0.0,0.0
3387,0.8766666666666666,1.0,0.0,0.0,0.0,0.0
3388,0.8433333333333332,1.0,0.0,0.0,0.0,0.0
3389,0.9966666666666666,1.0,0.0,0.0,0.0,0.0
3390,0.9966666666666666,1.0,0.0,0.0,0.0,0.0
3391,0.99,1.0,0.0,0.0,0.0,0.0
3392,0.99,1.0,0.0,0.0,0.0,0.0
3393,0.9966666666666666,1.0,0.0,0.0,0.0,0.0
3394,0.8483333333333333,1.0,0.0,0.0,0.0,0.0
3395,0.8316666666666666,1.0,0.0,0.0,0.0,0.0
3396,0.9033333333333334,1.0,0.0,0.0,0.0,0.0
3397,0.8766191658460784,0.99,0.0,0.01,0.0,0.0
3398,0.8566666666666667,1.0,0.0,0.0,0.0,0.0
3399,0.9866666666666666,1.0,0.0,0.0,0.0,0.0
3400,0.9866666666666667,1.0,0.0,0.0,0.0,0.0
3401,0.9916666666666667,1.0,0.0,0.0,0.0,0.0
3402,0.9966666666666666,1.0,0.0,0.0,0.0,0.0
3403,0.9949999999999999,1.0,0.0,0.0,0.0,0.0
3404,0.8466666666666666,1.0,0.0,0.0,0.0,0.0
3405,0.8533333333333332,0.99,0.0,0.0,0.01,0.0
3406,0.8533333333333333,0.99,0.0,0.0,0.01,0.0
3407,0.8516666666666666,1.0,0.0,0.0,0.0,0.0
3408,0.8583333333333333,1.0,0.0,0.0,0.0,0.0
3409,0.9899999999999999,0.99,0.0,0.01,0.0,0.0
3410,0.9983333333333333,0.99,0.0,0.01,0.0,0.0
3411,0.9966666666666666,0.96,0.0,0.04,0.0,0.0
3412,0.9866666666666667,0.96,0.0,0.04,0.0,0.0
3413,0.9933333333333333,0.97,0.0,0.03,0.0,0.0
3414,0.9033333333333334,0.96,0.0,0.04,0.0,0.0
3415,0.855,0.98,0.0,0.02,0.0,0.0
3416,0.8499999999999999,1.0,0.0,0.0,0.0,0.0
3417,0.8799999999999999,1.0,0.0,0.0,0.0,0.0
3418,0.885,1.0,0.0,0.0,0.0,0.0
3419,0.9949999999999999,1.0,0.0,0.0,0.0,0.0
3420,0.9866666666666667,0.99,0.0,0.0,0.01,0.0
3421,0.9866666666666666,1.0,0.0,0.0,0.0,0.0
3422,0.995,1.0,0.0,0.0,0.0,0.0
3423,0.99,1.0,0.0,0.0,0.0,0.0
3424,0.9016666666666664,1.0,0.0,0.0,0.0,0.0
3425,0.8950000000000001,1.0,0.0,0.0,0.0,0.0
3426,0.8816666666666666,1.0,0.0,0.0,0.0,0.0
3427,0.8866666666666668,1.0,0.0,0.0,0.0,0.0
3428,0.8716666666666667,1.0,0.0,0.0,0.0,0.0
3429,0.9966666666666666,0.99,0.0,0.01,0.0,0.0
3430,0.9983333333333334,0.99,0.0,0.01,0.0,0.0
3431,0.9883333333333333,1.0,0.0,0.0,0.0,0.0
3432,0.9916666666666666,1.0,0.0,0.0,0.0,0.0
3433,0.9949999999999999,1.0,0.0,0.0,0.0,0.0
3434,0.855,1.0,0.0,0.0,0.0,0.0
3435,0.845,1.0,0.0,0.0,0.0,0.0
3436,0.8466666666666666,0.99,0.0,0.01,0.0,0.0
3437,0.8499999999999998,0.98,0.0,0.01,0.01,0.0
3438,0.8266666666666667,0.99,0.0,0.0,0.01,0.0
3439,0.9883333333333334,0.98,0.0,0.01,0.01,0.0
3440,0.9983333333333334,0.99,0.0,0.01,0.0,0.0
3441,0.9933333333333334,1.0,0.0,0.0,0.0,0.0
3442,0.9966666666666667,1.0,0.0,0.0,0.0,0.0
3443,0.995,1.0,0.0,0.0,0.0,0.0
3444,0.8416666666666666,1.0,0.0,0.0,0.0,0.0
3445,0.8399999999999999,0.99,0.0,0.01,0.0,0.0
3446,0.9083333333333333,0.99,0.0,0.01,0.0,0.0
3447,0.8549999999999999,0.98,0.0,0.02,0.0,0.0
3448,0.8899999999999999,0.97,0.0,0.03,0.0,0.0
3449,0.9949999999999999,0.99,0.0,0.01,0.0,0.0
3450,0.9933333333333333,0.99,0.0,0.01,0.0,0.0
3451,0.9949999999999999,0.99,0.0,0.01,0.0,0.0
3452,1.0,1.0,0.0,0.0,0.0,0.0
3453,0.9983333333333333,1.0,0.0,0.0,0.0,0.0
3454,0.905,1.0,0.0,0.0,0.0,0.0
3455,0.8366666666666667,1.0,0.0,0.0,0.0,0.0
3456,0.8833333333333333,1.0,0.0,0.0,0.0,0.0
3457,0.9133333333333331,1.0,0.0,0.0,0.0,0.0
3458,0.8949999999999999,1.0,0.0,0.0,0.0,0.0
3459,0.9933333333333334,1.0,0.0,0.0,0.0,0.0
3460,0.9966666666666666,1.0,0.0,0.0,0.0,0.0
3461,0.9966666666666667,1.0,0.0,0.0,0.0,0.0
3462,0.9966666666666667,1.0,0.0,0.0,0.0,0.0
3463,0.9883333333333333,1.0,0.0,0.0,0.0,0.0
3464,0.875,1.0,0.0,0.0,0.0,0.0
3465,0.92,1.0,0.0,0.0,0.0,0.0
3466,0.8666666666666666,1.0,0.0,0.0,0.0,0.0
3467,0.8416666666666667,1.0,0.0,0.0,0.0,0.0
3468,0.8583333333333332,0.99,0.0,0.01,0.0,0.0
3469,0.9983333333333334,0.98,0.0,0.02,0.0,0.0
3470,0.9899999999999999,0.99,0.0,0.01,0.0,0.0
3471,0.9916666666666667,0.99,0.0,0.0,0.01,0.0
3472,0.995,1.0,0.0,0.0,0.0,0.0
3473,0.9866666666666665,1.0,0.0,0.0,0.0,0.0
3474,0.865,1.0,0.0,0.0,0.0,0.0
3475,0.8866666666666666,1.0,0.0,0.0,0.0,0.0
3476,0.8816666666666667,0.99,0.0,0.0,0.01,0.0
3477,0.8433333333333332,0.98,0.0,0.0,0.02,0.0
3478,0.875,0.97,0.0,0.0,0.03,0.0
3479,0.9866666666666666,0.96,0.0,0.0,0.04,0.0
3480,0.9883333333333333,0.94,0.0,0.0,0.06,0.0
3481,0.985,0.95,0.0,0.0,0.05,0.0
3482,0.9816666666666665,0.92,0.0,0.0,0.08,0.0
3483,0.9833333333333333,0.94,0.0,0.0,0.06,0.0
3484,0.8516666666666667,0.96,0.0,0.0,0.04,0.0
3485,0.8749999999999999,0.96,0.0,0.0,0.04,0.0
3486,0.9083333333333333,0.95,0.0,0.0,0.05,0.0
3487,0.875,0.95,0.0,0.0,0.05,0.0
3488,0.8683333333333334,0.94,0.0,0.01,0.05,0.0
3489,0.9766666666666666,0.91,0.0,0.02,0.07,0.0
3490,0.9766666666666666,0.88,0.0,0.01,0.11,0.0
3491,0.9866666666666666,0.93,0.0,0.0,0.07,0.0
3492,0.9866666666666666,0.94,0.0,0.0,0.06,0.0
3493,0.9854053521569267,0.95,0.0,0.0,0.05,0.0
3494,0.8949999999999999,0.97,0.0,0.0,0.03,0.0
3495,0.8699999999999997,0.96,0.0,0.0,0.04,0.0
3496,0.8983333333333331,0.97,0.0,0.0,0.03,0.0
3497,0.8966666666666664,0.98,0.0,0.0,0.02,0.0
3498,0.8783333333333334,1.0,0.0,0.0,0.0,0.0
3499,0.995,1.0,0.0,0.0,0.0,0.0
3500,0.9933333333333333,1.0,0.0,0.0,0.0,0.0
3501,0.9966666666666667,1.0,0.0,0.0,0.0,0.0
3502,0.9966666666666667,1.0,0.0,0.0,0.0,0.0
3503,0.9899999999999999,1.0,0.0,0.0,0.0,0.0
3504,0.8116666666666665,1.0,0.0,0.0,0.0,0.0
3505,0.8966666666666666,1.0,0.0,0.0,0.0,0.0
3506,0.875,1.0,0.0,0.0,0.0,0.0
3507,0.9049999999999998,1.0,0.0,0.0,0.0,0.0
3508,0.9133333333333333,1.0,0.0,0.0,0.0,0.0
3509,0.9883333333333333,1.0,0.0,0.0,0.0,0.0
3510,0.9883333333333333,0.99,0.0,0.01,0.0,0.0
3511,0.9790066529604815,0.97,0.0,0.03,0.0,0.0
3512,0.9916666666666667,1.0,0.0,0.0,0.0,0.0
3513,0.9933333333333333,1.0,0.0,0.0,0.0,0.0
3514,0.8699999999999999,1.0,0.0,0.0,0.0,0.0
3515,0.8316666666666666,1.0,0.0,0.0,0.0,0.0
3516,0.8916666666666667,1.0,0.0,0.0,0.0,0.0
3517,0.8533333333333333,1.0,0.0,0.0,0.0,0.0
3518,0.8483333333333334,1.0,0.0,0.0,0.0,0.0
3519,0.9883333333333333,0.99,0.0,0.0,0.01,0.0
3520,0.9966666666666666,0.99,0.0,0.0,0.01,0.0
3521,0.9816666666666667,0.97,0.0,0.0,0.03,0.0
3522,0.995,0.99,0.0,0.0,0.01,0.0
3523,0.9916666666666665,0.99,0.0,0.0,0.01,0.0
3524,0.9016666666666667,0.99,0.0,0.0,0.01,0.0
3525,0.8600000000000001,1.0,0.0,0.0,0.0,0.0
3526,0.8833333333333333,1.0,0.0,0.0,0.0,0.0
3527,0.9,1.0,0.0,0.0,0.0,0.0
3528,0.8833333333333333,1.0,0.0,0.0,0.0,0.0
3529,0.9916666666666666,1.0,0.0,0.0,0.0,0.0
3530,0.9883333333333333,0.99,0.0,0.0,0.01,0.0
3531,0.99,0.99,0.0,0.0,0.01,0.0
3532,0.9966666666666667,1.0,0.0,0.0,0.0,0.0
3533,0.9883333333333333,1.0,0.0,0.0,0.0,0.0
3534,0.8783333333333333,0.99,0.0,0.01,0.0,0.0
3535,0.8250000000000002,0.98,0.0,0.02,0.0,0.0
3536,0.8983333333333334,0.98,0.0,0.02,0.0,0.0
3537,0.8816666666666666,1.0,0.0,0.0,0.0,0.0
3538,0.8916666666666666,1.0,0.0,0.0,0.0,0.0
3539,0.9983333333333333,1.0,0.0,0.0,0.0,0.0
3540,0.9966666666666666,1.0,0.0,0.0,0.0,0.0
3541,0.995,1.0,0.0,0.0,0.0,0.0
3542,0.995,1.0,0.0,0.0,0.0,0.0
3543,0.9916666666666666,1.0,0.0,0.0,0.0,0.0
3544,0.8716666666666668,1.0,0.0,0.0,0.0,0.0
3545,0.8633333333333332,1.0,0.0,0.0,0.0,0.0
3546,0.8799999999999999,1.0,0.0,0.0,0.0,0.0
3547,0.8683333333333333,1.0,0.0,0.0,0.0,0.0
3548,0.8816666666666664,1.0,0.0,0.0,0.0,0.0
3549,0.9966666666666667,1.0,0.0,0.0,0.0,0.0
3550,0.9916666666666666,1.0,0.0,0.0,0.0,0.0
3551,0.995,1.0,0.0,0.0,0.0,0.0
3552,0.9966666666666666,1.0,0.0,0.0,0.0,0.0
3553,0.995,1.0,0.0,0.0,0.0,0.0
3554,0.8816666666666666,1.0,0.0,0.0,0.0,0.0
3555,0.8800000000000001,1.0,0.0,0.0,0.0,0.0
3556,0.9149999999999998,1.0,0.0,0.0,0.0,0.0
3557,0.895,1.0,0.0,0.0,0.0,0.0
3558,0.875,1.0,0.0,0.0,0.0,0.0
3559,0.9966666666666666,1.0,0.0,0.0,0.0,0.0
3560,0.9916666666666666,1.0,0.0,0.0,0.0,0.0
3561,0.9983333333333334,1.0,0.0,0.0,0.0,0.0
3562,0.9983333333333334,1.0,0.0,0.0,0.0,0.0
3563,1.0,1.0,0.0,0.0,0.0,0.0
3564,0.8483333333333333,1.0,0.0,0.0,0.0,0.0
3565,0.9033333333333333,1.0,0.0,0.0,0.0,0.0
3566,0.8466666666666667,1.0,0.0,0.0,0.0,0.0
3567,0.8683333333333332,1.0,0.0,0.0,0.0,0.0
3568,0.8293056646821078,0.99,0.0,0.01,0.0,0.0
3569,0.9916666666666667,0.98,0.0,0.02,0.0,0.0
3570,0.995,0.98,0.0,0.02,0.0,0.0
3571,0.99,0.99,0.0,0.01,0.0,0.0
3572,0.99,1.0,0.0,0.0,0.0,0.0
3573,0.9966666666666667,1.0,0.0,0.0,0.0,0.0
3574,0.8683333333333334,1.0,0.0,0.0,0.0,0.0
3575,0.9116666666666667,1.0,0.0,0.0,0.0,0.0
3576,0.9,1.0,0.0,0.0,0.0,0.0
3577,0.8666666666666667,1.0,0.0,0.0,0.0,0.0
3578,0.8816666666666666,1.0,0.0,0.0,0.0,0.0
3579,0.9883333333333333,1.0,0.0,0.0,0.0,0.0
3580,0.9916666666666667,1.0,0.0,0.0,0.0,0.0
3581,0.995,1.0,0.0,0.0,0.0,0.0
3582,0.9883333333333333,1.0,0.0,0.0,0.0,0.0
3583,0.9916666666666666,1.0,0.0,0.0,0.0,0.0
3584,0.855,1.0,0.0,0.0,0.0,0.0
3585,0.9299999999999998,1.0,0.0,0.0,0.0,0.0
3586,0.8633333333333333,1.0,0.0,0.0,0.0,0.0
3587,0.8700000000000001,1.0,0.0,0.0,0.0,0.0
3588,0.8749999999999999,1.0,0.0,0.0,0.0,0.0
3589,0.995,0.99,0.0,0.01,0.0,0.0
3590,0.9883333333333334,0.98,0.0,0.02,0.0,0.0
3591,0.9866666666666667,0.98,0.0,0.02,0.0,0.0
3592,0.9916666666666665,1.0,0.0,0.0,0.0,0.0
3593,0.9983333333333334,1.0,0.0,0.0,0.0,0.0
3594,0.885,1.0,0.0,0.0,0.0,0.0
3595,0.8666666666666666,1.0,0.0,0.0,0.0,0.0
3596,0.8566666666666666,0.99,0.0,0.0,0.01,0.0
3597,0.8699999999999999,0.99,0.0,0.0,0.01,0.0
3598,0.9,0.99,0.0,0.0,0.01,0.0
3599,0.9883333333333333,0.98,0.0,0.0,0.02,0.0
3600,0.985,0.99,0.0,0.0,0.01,0.0
3601,0.9866666666666667,0.99,0.0,0.0,0.01,0.0
3602,0.995,1.0,0.0,0.0,0.0,0.0
3603,0.9966666666666666,1.0,0.0,0.0,0.0,0.0
3604,0.8933333333333333,1.0,0.0,0.0,0.0,0.0
3605,0.8849999999999999,1.0,0.0,0.0,0.0,0.0
3606,0.8716666666666666,1.0,0.0,0.0,0.0,0.0
3607,0.8866666666666666,1.0,0.0,0.0,0.0,0.0
3608,0.855,1.0,0.0,0.0,0.0,0.0
3609,0.9933333333333333,1.0,0.0,0.0,0.0,0.0
3610,0.9916666666666667,1.0,0.0,0.0,0.0,0.0
3611,0.99,1.0,0.0,0.0,0.0,0.0
3612,0.9933333333333333,1.0,0.0,0.0,0.0,0.0
3613,0.9933333333333334,1.0,0.0,0.0,0.0,0.0
3614,0.8866666666666666,1.0,0.0,0.0,0.0,0.0
3615,0.8499999999999999,1.0,0.0,0.0,0.0,0.0
3616,0.8866666666666667,1.0,0.0,0.0,0.0,0.0
3617,0.875,1.0,0.0,0.0,0.0,0.0
3618,0.9016666666666666,0.98,0.0,0.01,0.01,0.0
3619,0.9816666666666666,1.0,0.0,0.0,0.0,0.0
3620,0.995,1.0,0.0,0.0,0.0,0.0
3621,0.9916666666666665,1.0,0.0,0.0,0.0,0.0
3622,0.9983333333333333,1.0,0.0,0.0,0.0,0.0
3623,0.9933333333333333,1.0,0.0,0.0,0.0,0.0
3624,0.8900000000000001,1.0,0.0,0.0,0.0,0.0
3625,0.8766666666666666,1.0,0.0,0.0,0.0,0.0
3626,0.8716666666666667,1.0,0.0,0.0,0.0,0.0
3627,0.83,1.0,0.0,0.0,0.0,0.0
3628,0.8283333333333333,1.0,0.0,0.0,0.0,0.0
3629,0.9933333333333333,1.0,0.0,0.0,0.0,0.0
3630,0.9966666666666667,1.0,0.0,0.0,0.0,0.0
3631,0.9916666666666666,1.0,0.0,0.0,0.0,0.0
3632,0.9966666666666666,1.0,0.0,0.0,0.0,0.0
3633,0.995,1.0,0.0,0.0,0.0,0.0
3634,0.8383333333333333,1.0,0.0,0.0,0.0,0.0
3635,0.8616666666666667,1.0,0.0,0.0,0.0,0.0
3636,0.8933333333333333,1.0,0.0,0.0,0.0,0.0
3637,0.9066666666666666,1.0,0.0,0.0,0.0,0.0
3638,0.8583333333333333,1.0,0.0,0.0,0.0,0.0
3639,0.9933333333333333,1.0,0.0,0.0,0.0,0.0
3640,0.9916666666666666,1.0,0.0,0.0,0.0,0.0
3641,0.9966666666666666,1.0,0.0,0.0,0.0,0.0
3642,0.9983333333333334,1.0,0.0,0.0,0.0,0.0
3643,0.9899999999999998,1.0,0.0,0.0,0.0,0.0
3644,0.9150000000000001,1.0,0.0,0.0,0.0,0.0
3645,0.845,1.0,0.0,0.0,0.0,0.0
3646,0.8566666666666669,1.0,0.0,0.0,0.0,0.0
3647,0.8833333333333334,0.99,0.0,0.0,0.01,0.0
3648,0.8833333333333333,1.0,0.0,0.0,0.0,0.0
3649,0.9983333333333334,1.0,0.0,0.0,0.0,0.0
3650,0.9899999999999999,1.0,0.0,0.0,0.0,0.0
3651,0.99,1.0,0.0,0.0,0.0,0.0
3652,0.9899999999999999,1.0,0.0,0.0,0.0,0.0
3653,0.9916666666666667,1.0,0.0,0.0,0.0,0.0
3654,0.8533333333333334,1.0,0.0,0.0,0.0,0.0
3655,0.88,1.0,0.0,0.0,0.0,0.0
3656,0.835,1.0,0.0,0.0,0.0,0.0
3657,0.9016666666666664,1.0,0.0,0.0,0.0,0.0
3658,0.8766666666666667,1.0,0.0,0.0,0.0,0.0
3659,0.9916666666666667,1.0,0.0,0.0,0.0,0.0
3660,0.9933333333333333,1.0,0.0,0.0,0.0,0.0
3661,0.9916666666666666,1.0,0.0,0.0,0.0,0.0
3662,0.9899999999999999,1.0,0.0,0.0,0.0,0.0
3663,0.9933333333333334,1.0,0.0,0.0,0.0,0.0
3664,0.8416666666666665,1.0,0.0,0.0,0.0,0.0
3665,0.9266666666666665,1.0,0.0,0.0,0.0,0.0
3666,0.95,1.0,0.0,0.0,0.0,0.0
3667,0.8683333333333333,1.0,0.0,0.0,0.0,0.0
3668,0.9116666666666667,1.0,0.0,0.0,0.0,0.0
3669,0.9883333333333332,1.0,0.0,0.0,0.0,0.0
3670,0.9933333333333334,1.0,0.0,0.0,0.0,0.0
3671,0.995,1.0,0.0,0.0,0.0,0.0
3672,1.0,1.0,0.0,0.0,0.0,0.0
3673,0.9916666666666667,1.0,0.0,0.0,0.0,0.0
3674,0.8566666666666666,1.0,0.0,0.0,0.0,0.0
3675,0.8866666666666666,1.0,0.0,0.0,0.0,0.0
3676,0.8016666666666667,1.0,0.0,0.0,0.0,0.0
3677,0.8749999999999997,1.0,0.0,0.0,0.0,0.0
3678,0.8733333333333334,1.0,0.0,0.0,0.0,0.0
3679,0.9933333333333333,1.0,0.0,0.0,0.0,0.0
3680,0.9933333333333333,1.0,0.0,0.0,0.0,0.0
3681,0.9899999999999999,0.99,0.0,0.01,0.0,0.0
3682,0.9930853215333785,0.99,0.0,0.01,0.0,0.0
3683,0.9916666666666667,0.99,0.0,0.01,0.0,0.0
3684,0.8383333333333333,0.99,0.0,0.01,0.0,0.0
3685,0.8466666666666666,1.0,0.0,0.0,0.0,0.0
3686,0.8683333333333332,0.99,0.0,0.0,0.01,0.0
3687,0.8533333333333332,0.99,0.0,0.0,0.01,0.0
3688,0.8516666666666666,1.0,0.0,0.0,0.0,0.0
3689,0.9949999999999999,1.0,0.0,0.0,0.0,0.0
3690,0.9983333333333334,1.0,0.0,0.0,0.0,0.0
3691,0.9933333333333333,1.0,0.0,0.0,0.0,0.0
3692,0.9883333333333332,1.0,0.0,0.0,0.0,0.0
3693,0.9916666666666666,1.0,0.0,0.0,0.0,0.0
3694,0.8366666666666667,1.0,0.0,0.0,0.0,0.0
3695,0.88,1.0,0.0,0.0,0.0,0.0
3696,0.8699999999999997,1.0,0.0,0.0,0.0,0.0
3697,0.8933333333333331,1.0,0.0,0.0,0.0,0.0
3698,0.9266666666666665,1.0,0.0,0.0,0.0,0.0
3699,0.9866666666666666,1.0,0.0,0.0,0.0,0.0
3700,0.9966666666666667,1.0,0.0,0.0,0.0,0.0
3701,0.995,1.0,0.0,0.0,0.0,0.0
3702,0.99,1.0,0.0,0.0,0.0,0.0
3703,0.99,1.0,0.0,0.0,0.0,0.0
3704,0.8483333333333333,1.0,0.0,0.0,0.0,0.0
3705,0.8633333333333333,1.0,0.0,0.0,0.0,0.0
3706,0.8850000000000001,1.0,0.0,0.0,0.0,0.0
3707,0.8766666666666667,1.0,0.0,0.0,0.0,0.0
3708,0.8883333333333334,1.0,0.0,0.0,0.0,0.0
3709,0.9966666666666666,1.0,0.0,0.0,0.0,0.0
3710,0.9933333333333333,1.0,0.0,0.0,0.0,0.0
3711,0.9949999999999999,1.0,0.0,0.0,0.0,0.0
3712,0.995,1.0,0.0,0.0,0.0,0.0
3713,0.9916666666666668,1.0,0.0,0.0,0.0,0.0
3714,0.8683333333333334,1.0,0.0,0.0,0.0,0.0
3715,0.84,1.0,0.0,0.0,0.0,0.0
3716,0.8456359665854426,1.0,0.0,0.0,0.0,0.0
3717,0.8983333333333333,1.0,0.0,0.0,0.0,0.0
3718,0.8466666666666665,0.99,0.0,0.01,0.0,0.0
3719,0.995,1.0,0.0,0.0,0.0,0.0
3720,0.995,1.0,0.0,0.0,0.0,0.0
3721,0.9899999999999999,1.0,0.0,0.0,0.0,0.0
3722,0.995,1.0,0.0,0.0,0.0,0.0
3723,0.9933333333333334,1.0,0.0,0.0,0.0,0.0
3724,0.9066666666666666,1.0,0.0,0.0,0.0,0.0
3725,0.8633333333333332,1.0,0.0,0.0,0.0,0.0
3726,0.8683333333333332,1.0,0.0,0.0,0.0,0.0
3727,0.8783333333333333,1.0,0.0,0.0,0.0,0.0
3728,0.9083333333333334,1.0,0.0,0.0,0.0,0.0
3729,0.9966666666666666,1.0,0.0,0.0,0.0,0.0
3730,0.9966666666666667,1.0,0.0,0.0,0.0,0.0
3731,0.9966666666666667,0.99,0.0,0.01,0.0,0.0
3732,0.9916666666666666,0.98,0.0,0.01,0.01,0.0
3733,0.9966666666666667,0.97,0.0,0.03,0.0,0.0
3734,0.8483333333333333,0.96,0.0,0.04,0.0,0.0
3735,0.7999999999999998,1.0,0.0,0.0,0.0,0.0
3736,0.8916666666666666,1.0,0.0,0.0,0.0,0.0
3737,0.8833333333333333,1.0,0.0,0.0,0.0,0.0
3738,0.8866666666666667,1.0,0.0,0.0,0.0,0.0
3739,0.9916666666666666,1.0,0.0,0.0,0.0,0.0
3740,0.9966666666666667,1.0,0.0,0.0,0.0,0.0
3741,0.9899999999999999,1.0,0.0,0.0,0.0,0.0
3742,0.9933333333333332,1.0,0.0,0.0,0.0,0.0
3743,0.9916666666666666,1.0,0.0,0.0,0.0,0.0
3744,0.8533333333333333,1.0,0.0,0.0,0.0,0.0
3745,0.8583333333333333,1.0,0.0,0.0,0.0,0.0
3746,0.925,1.0,0.0,0.0,0.0,0.0
3747,0.8649999999999999,1.0,0.0,0.0,0.0,0.0
3748,0.8733333333333334,1.0,0.0,0.0,0.0,0.0
3749,0.9916666666666666,1.0,0.0,0.0,0.0,0.0
3750,0.9849999999999999,1.0,0.0,0.0,0.0,0.0
3751,0.9916666666666666,0.99,0.0,0.01,0.0,0.0
3752,0.9899999999999999,0.98,0.0,0.02,0.0,0.0
3753,0.9883333333333332,0.99,0.0,0.01,0.0,0.0
3754,0.9066666666666667,0.96,0.0,0.04,0.0,0.0
3755,0.8733333333333333,0.98,0.0,0.02,0.0,0.0
3756,0.865,0.97,0.0,0.03,0.0,0.0
3757,0.8349999999999999,0.97,0.0,0.03,0.0,0.0
3758,0.8783333333333333,0.94,0.0,0.06,0.0,0.0
3759,0.9933333333333333,0.91,0.0,0.09,0.0,0.0
3760,0.9933333333333333,0.96,0.0,0.04,0.0,0.0
3761,0.9966666666666667,0.97,0.0,0.03,0.0,0.0
3762,0.9933333333333333,0.98,0.0,0.02,0.0,0.0
3763,0.9933333333333332,0.98,0.0,0.02,0.0,0.0
3764,0.8433333333333333,0.98,0.0,0.02,0.0,0.0
3765,0.8683333333333334,0.99,0.0,0.01,0.0,0.0
3766,0.855,0.99,0.0,0.01,0.0,0.0
3767,0.858333333333333,0.99,0.0,0.01,0.0,0.0
3768,0.8933333333333334,0.99,0.0,0.01,0.0,0.0
3769,0.9949999999999999,1.0,0.0,0.0,0.0,0.0
3770,0.9899999999999999,1.0,0.0,0.0,0.0,0.0
3771,0.9883333333333334,1.0,0.0,0.0,0.0,0.0
3772,0.9933333333333333,1.0,0.0,0.0,0.0,0.0
3773,0.9899999999999999,1.0,0.0,0.0,0.0,0.0
3774,0.8616666666666667,1.0,0.0,0.0,0.0,0.0
3775,0.855,1.0,0.0,0.0,0.0,0.0
3776,0.8966666666666667,1.0,0.0,0.0,0.0,0.0
3777,0.9016666666666666,1.0,0.0,0.0,0.0,0.0
3778,0.8766666666666666,1.0,0.0,0.0,0.0,0.0
3779,0.995,1.0,0.0,0.0,0.0,0.0
3780,0.9916666666666666,1.0,0.0,0.0,0.0,0.0
3781,0.9916666666666666,1.0,0.0,0.0,0.0,0.0
3782,0.9916666666666666,1.0,0.0,0.0,0.0,0.0
3783,0.9983333333333334,1.0,0.0,0.0,0.0,0.0
3784,0.85,1.0,0.0,0.0,0.0,0.0
3785,0.8966666666666666,1.0,0.0,0.0,0.0,0.0
3786,0.845,0.99,0.0,0.01,0.0,0.0
3787,0.8850000000000001,1.0,0.0,0.0,0.0,0.0
3788,0.8816666666666667,1.0,0.0,0.0,0.0,0.0
3789,0.9883333333333333,1.0,0.0,0.0,0.0,0.0
3790,0.9833333333333333,1.0,0.0,0.0,0.0,0.0
3791,0.9933333333333333,1.0,0.0,0.0,0.0,0.0
3792,0.9949999999999999,1.0,0.0,0.0,0.0,0.0
3793,0.9949999999999999,1.0,0.0,0.0,0.0,0.0
3794,0.89,1.0,0.0,0.0,0.0,0.0
3795,0.8916666666666666,1.0,0.0,0.0,0.0,0.0
3796,0.9,1.0,0.0,0.0,0.0,0.0
3797,0.8883333333333333,1.0,0.0,0.0,0.0,0.0
3798,0.8533333333333333,1.0,0.0,0.0,0.0,0.0
3799,0.9916666666666667,1.0,0.0,0.0,0.0,0.0
3800,0.9899999999999999,1.0,0.0,0.0,0.0,0.0
3801,0.9866666666666666,1.0,0.0,0.0,0.0,0.0
3802,0.9933333333333333,0.99,0.0,0.01,0.0,0.0
3803,1.0,1.0,0.0,0.0,0.0,0.0
3804,0.8916666666666668,1.0,0.0,0.0,0.0,0.0
3805,0.8749999999999999,1.0,0.0,0.0,0.0,0.0
3806,0.8699999999999999,1.0,0.0,0.0,0.0,0.0
3807,0.8633333333333333,1.0,0.0,0.0,0.0,0.0
3808,0.8416666666666667,1.0,0.0,0.0,0.0,0.0
3809,0.9866666666666665,1.0,0.0,0.0,0.0,0.0
3810,0.9933333333333333,1.0,0.0,0.0,0.0,0.0
3811,0.9966666666666667,1.0,0.0,0.0,0.0,0.0
3812,0.9866666666666665,1.0,0.0,0.0,0.0,0.0
3813,0.9866666666666666,1.0,0.0,0.0,0.0,0.0
3814,0.8633333333333332,1.0,0.0,0.0,0.0,0.0
3815,0.8850500505980939,0.99,0.0,0.01,0.0,0.0
3816,0.8733333333333335,1.0,0.0,0.0,0.0,0.0
3817,0.8783333333333332,1.0,0.0,0.0,0.0,0.0
3818,0.8766666666666666,1.0,0.0,0.0,0.0,0.0
3819,0.9916666666666667,1.0,0.0,0.0,0.0,0.0
3820,0.9916666666666666,1.0,0.0,0.0,0.0,0.0
3821,0.9916666666666666,1.0,0.0,0.0,0.0,0.0
3822,0.9983333333333334,1.0,0.0,0.0,0.0,0.0
3823,0.9966666666666666,1.0,0.0,0.0,0.0,0.0
3824,0.9083333333333333,1.0,0.0,0.0,0.0,0.0
3825,0.85,0.99,0.0,0.0,0.01,0.0
3826,0.8533333333333333,0.99,0.0,0.0,0.01,0.0
3827,0.8866666666666667,1.0,0.0,0.0,0.0,0.0
3828,0.8666666666666666,1.0,0.0,0.0,0.0,0.0
3829,0.9983333333333333,1.0,0.0,0.0,0.0,0.0
3830,0.9966666666666667,1.0,0.0,0.0,0.0,0.0
3831,0.9966666666666666,1.0,0.0,0.0,0.0,0.0
3832,0.995,1.0,0.0,0.0,0.0,0.0
3833,0.9899999999999999,1.0,0.0,0.0,0.0,0.0
3834,0.8949999999999997,0.99,0.0,0.0,0.01,0.0
3835,0.8583333333333333,1.0,0.0,0.0,0.0,0.0
3836,0.8583333333333333,1.0,0.0,0.0,0.0,0.0
3837,0.8183333333333331,1.0,0.0,0.0,0.0,0.0
3838,0.8566666666666667,1.0,0.0,0.0,0.0,0.0
3839,0.9949999999999999,1.0,0.0,0.0,0.0,0.0
3840,0.9933333333333333,1.0,0.0,0.0,0.0,0.0
3841,0.995,1.0,0.0,0.0,0.0,0.0
3842,0.9933333333333332,1.0,0.0,0.0,0.0,0.0
3843,0.9916666666666666,1.0,0.0,0.0,0.0,0.0
3844,0.9183333333333331,1.0,0.0,0.0,0.0,0.0
3845,0.8583333333333332,1.0,0.0,0.0,0.0,0.0
3846,0.8749999999999999,1.0,0.0,0.0,0.0,0.0
3847,0.8799999999999999,1.0,0.0,0.0,0.0,0.0
3848,0.8816666666666667,1.0,0.0,0.0,0.0,0.0
3849,0.9983333333333333,1.0,0.0,0.0,0.0,0.0
3850,0.9966666666666667,1.0,0.0,0.0,0.0,0.0
3851,0.9933333333333333,1.0,0.0,0.0,0.0,0.0
3852,0.995,1.0,0.0,0.0,0.0,0.0
3853,0.9933333333333334,1.0,0.0,0.0,0.0,0.0
3854,0.8649999999999999,1.0,0.0,0.0,0.0,0.0
3855,0.8783333333333333,1.0,0.0,0.0,0.0,0.0
3856,0.8816666666666666,1.0,0.0,0.0,0.0,0.0
3857,0.8899999999999999,0.99,0.0,0.01,0.0,0.0
3858,0.8933333333333334,1.0,0.0,0.0,0.0,0.0
3859,0.99,1.0,0.0,0.0,0.0,0.0
3860,0.99,1.0,0.0,0.0,0.0,0.0
3861,0.9949999999999999,1.0,0.0,0.0,0.0,0.0
3862,0.9966666666666667,1.0,0.0,0.0,0.0,0.0
3863,0.9933333333333333,1.0,0.0,0.0,0.0,0.0
3864,0.9149999999999998,1.0,0.0,0.0,0.0,0.0
3865,0.8633333333333333,1.0,0.0,0.0,0.0,0.0
3866,0.8849999999999999,1.0,0.0,0.0,0.0,0.0
3867,0.8733333333333333,1.0,0.0,0.0,0.0,0.0
3868,0.9033333333333333,1.0,0.0,0.0,0.0,0.0
3869,0.9933333333333333,1.0,0.0,0.0,0.0,0.0
3870,0.9966666666666667,1.0,0.0,0.0,0.0,0.0
3871,0.9916666666666666,1.0,0.0,0.0,0.0,0.0
3872,0.9849999999999999,1.0,0.0,0.0,0.0,0.0
3873,0.9966666666666667,1.0,0.0,0.0,0.0,0.0
3874,0.8933333333333333,1.0,0.0,0.0,0.0,0.0
3875,0.8533333333333332,1.0,0.0,0.0,0.0,0.0
3876,0.8866666666666666,1.0,0.0,0.0,0.0,0.0
3877,0.8883333333333332,1.0,0.0,0.0,0.0,0.0
3878,0.8750000000000001,1.0,0.0,0.0,0.0,0.0
3879,1.0,1.0,0.0,0.0,0.0,0.0
3880,0.9933333333333332,1.0,0.0,0.0,0.0,0.0
3881,0.9883333333333332,1.0,0.0,0.0,0.0,0.0
3882,0.995,1.0,0.0,0.0,0.0,0.0
3883,0.9878766613960558,0.99,0.0,0.0,0.01,0.0
3884,0.8633333333333333,0.98,0.0,0.0,0.02,0.0
3885,0.8716666666666667,0.99,0.0,0.0,0.01,0.0
3886,0.9249999999999998,0.95,0.0,0.0,0.05,0.0
3887,0.8733333333333334,0.95,0.0,0.0,0.05,0.0
3888,0.9066666666666666,0.96,0.0,0.0,0.04,0.0
3889,0.9733333333333333,0.9,0.0,0.0,0.1,0.0
3890,0.9716666666666665,0.9,0.0,0.0,0.1,0.0
3891,0.9600000000000003,0.88,0.0,0.0,0.12,0.0
3892,0.9699999999999999,0.88,0.0,0.0,0.12,0.0
3893,0.9566666666666666,0.89,0.0,0.0,0.11,0.0
3894,0.895,0.94,0.0,0.0,0.06,0.0
3895,0.87,0.89,0.0,0.0,0.11,0.0
3896,0.8899999999999999,0.88,0.0,0.0,0.12,0.0
3897,0.8916666666666666,0.87,0.0,0.0,0.13,0.0
3898,0.855,0.83,0.0,0.0,0.17,0.0
3899,0.9449999999999997,0.8,0.0,0.0,0.2,0.0
3900,0.9683333333333333,0.86,0.0,0.0,0.14,0.0
3901,0.9616666666666667,0.83,0.0,0.0,0.17,0.0
3902,0.9766666666666665,0.92,0.0,0.0,0.08,0.0
3903,0.9816666666666667,0.95,0.0,0.0,0.05,0.0
3904,0.8633333333333333,0.96,0.0,0.0,0.04,0.0
3905,0.905,0.97,0.0,0.0,0.03,0.0
3906,0.8766666666666667,1.0,0.0,0.0,0.0,0.0
3907,0.8516666666666667,1.0,0.0,0.0,0.0,0.0
3908,0.87,1.0,0.0,0.0,0.0,0.0
3909,0.995,1.0,0.0,0.0,0.0,0.0
3910,0.9966666666666666,1.0,0.0,0.0,0.0,0.0
3911,0.9966666666666667,1.0,0.0,0.0,0.0,0.0
3912,0.9933333333333332,1.0,0.0,0.0,0.0,0.0
3913,0.9949999999999999,1.0,0.0,0.0,0.0,0.0
3914,0.8699999999999999,1.0,0.0,0.0,0.0,0.0
3915,0.8883333333333333,1.0,0.0,0.0,0.0,0.0
3916,0.8933333333333333,1.0,0.0,0.0,0.0,0.0
3917,0.8799999999999997,1.0,0.0,0.0,0.0,0.0
3918,0.9033333333333333,1.0,0.0,0.0,0.0,0.0
3919,0.9916666666666666,1.0,0.0,0.0,0.0,0.0
3920,0.9966666666666667,1.0,0.0,0.0,0.0,0.0
3921,0.9933333333333334,1.0,0.0,0.0,0.0,0.0
3922,0.995,1.0,0.0,0.0,0.0,0.0
3923,0.995,1.0,0.0,0.0,0.0,0.0
3924,0.845,1.0,0.0,0.0,0.0,0.0
3925,0.8583333333333332,0.99,0.0,0.0,0.01,0.0
3926,0.8933333333333333,1.0,0.0,0.0,0.0,0.0
3927,0.9249999999999998,1.0,0.0,0.0,0.0,0.0
3928,0.8683333333333333,1.0,0.0,0.0,0.0,0.0
3929,0.9933333333333333,0.99,0.0,0.01,0.0,0.0
3930,0.9949999999999999,0.99,0.0,0.01,0.0,0.0
3931,0.9933333333333333,0.97,0.0,0.03,0.0,0.0
3932,0.9966666666666667,1.0,0.0,0.0,0.0,0.0
3933,0.9949999999999999,1.0,0.0,0.0,0.0,0.0
3934,0.8916666666666667,1.0,0.0,0.0,0.0,0.0
3935,0.8566666666666667,1.0,0.0,0.0,0.0,0.0
3936,0.8749999999999999,1.0,0.0,0.0,0.0,0.0
3937,0.8833333333333333,1.0,0.0,0.0,0.0,0.0
3938,0.8666666666666666,1.0,0.0,0.0,0.0,0.0
3939,0.9916666666666666,1.0,0.0,0.0,0.0,0.0
3940,0.9966666666666667,1.0,0.0,0.0,0.0,0.0
3941,0.9933333333333333,1.0,0.0,0.0,0.0,0.0
3942,0.9933333333333333,1.0,0.0,0.0,0.0,0.0
3943,1.0,1.0,0.0,0.0,0.0,0.0
3944,0.8700000000000001,1.0,0.0,0.0,0.0,0.0
3945,0.8883333333333333,1.0,0.0,0.0,0.0,0.0
3946,0.9049999999999998,1.0,0.0,0.0,0.0,0.0
3947,0.8883333333333334,1.0,0.0,0.0,0.0,0.0
3948,0.9033333333333333,1.0,0.0,0.0,0.0,0.0
3949,0.9900000000000001,0.99,0.0,0.01,0.0,0.0
3950,0.9933333333333332,0.99,0.0,0.01,0.0,0.0
3951,0.995,0.99,0.0,0.01,0.0,0.0
3952,0.9899999999999998,0.98,0.0,0.02,0.0,0.0
3953,0.9933333333333334,1.0,0.0,0.0,0.0,0.0
3954,0.8999999999999999,1.0,0.0,0.0,0.0,0.0
3955,0.8833333333333333,0.99,0.0,0.0,0.01,0.0
3956,0.8716666666666666,1.0,0.0,0.0,0.0,0.0
3957,0.855,1.0,0.0,0.0,0.0,0.0
3958,0.8816666666666667,1.0,0.0,0.0,0.0,0.0
3959,0.9916666666666667,1.0,0.0,0.0,0.0,0.0
3960,0.9933333333333333,1.0,0.0,0.0,0.0,0.0
3961,0.9916666666666666,1.0,0.0,0.0,0.0,0.0
3962,0.9883333333333333,1.0,0.0,0.0,0.0,0.0
3963,0.9949999999999999,1.0,0.0,0.0,0.0,0.0
3964,0.8800000000000001,1.0,0.0,0.0,0.0,0.0
3965,0.865,1.0,0.0,0.0,0.0,0.0
3966,0.8983333333333333,1.0,0.0,0.0,0.0,0.0
3967,0.87,1.0,0.0,0.0,0.0,0.0
3968,0.8799999999999999,1.0,0.0,0.0,0.0,0.0
3969,0.9966666666666666,1.0,0.0,0.0,0.0,0.0
3970,0.9983333333333334,1.0,0.0,0.0,0.0,0.0
3971,0.995,1.0,0.0,0.0,0.0,0.0
3972,0.995,1.0,0.0,0.0,0.0,0.0
3973,0.9966666666666666,1.0,0.0,0.0,0.0,0.0
3974,0.8783333333333334,1.0,0.0,0.0,0.0,0.0
3975,0.8883333333333333,1.0,0.0,0.0,0.0,0.0
3976,0.8666666666666666,1.0,0.0,0.0,0.0,0.0
3977,0.8610641747071361,0.99,0.0,0.01,0.0,0.0
3978,0.896064174707136,0.99,0.0,0.01,0.0,0.0
3979,0.9899999999999999,0.98,0.0,0.02,0.0,0.0
3980,0.99,0.96,0.0,0.03,0.01,0.0
3981,0.9933333333333334,0.94,0.0,0.05,0.01,0.0
3982,0.9866666666666667,0.98,0.0,0.0,0.02,0.0
3983,0.9933333333333333,1.0,0.0,0.0,0.0,0.0
3984,0.8716666666666667,1.0,0.0,0.0,0.0,0.0
3985,0.8866666666666667,1.0,0.0,0.0,0.0,0.0
3986,0.8266666666666664,1.0,0.0,0.0,0.0,0.0
3987,0.8483333333333334,1.0,0.0,0.0,0.0,0.0
3988,0.8850000000000001,1.0,0.0,0.0,0.0,0.0
3989,0.9916666666666667,1.0,0.0,0.0,0.0,0.0
3990,0.995,1.0,0.0,0.0,0.0,0.0
3991,0.9933333333333332,1.0,0.0,0.0,0.0,0.0
3992,0.9883333333333332,1.0,0.0,0.0,0.0,0.0
3993,0.9916666666666667,1.0,0.0,0.0,0.0,0.0
3994,0.8733333333333333,1.0,0.0,0.0,0.0,0.0
3995,0.8683333333333333,0.99,0.0,0.0,0.01,0.0
3996,0.9183333333333334,0.96,0.0,0.0,0.04,0.0
3997,0.885,0.97,0.0,0.0,0.03,0.0
3998,0.905,0.95,0.0,0.0,0.05,0.0
3999,0.9649999999999999,0.93,0.0,0.0,0.07,0.0
4000,0.9833333333333333,0.95,0.0,0.0,0.05,0.0
4001,0.974391682679267,0.97,0.0,0.0,0.03,0.0
4002,0.9793916826792674,0.97,0.0,0.0,0.03,0.0
4003,0.9934985290522189,0.99,0.0,0.0,0.01,0.0
4004,0.8449999999999999,1.0,0.0,0.0,0.0,0.0
4005,0.8766666666666667,1.0,0.0,0.0,0.0,0.0
4006,0.8200000000000002,1.0,0.0,0.0,0.0,0.0
4007,0.8316666666666667,1.0,0.0,0.0,0.0,0.0
4008,0.8983333333333333,1.0,0.0,0.0,0.0,0.0
4009,0.995,1.0,0.0,0.0,0.0,0.0
4010,0.99,1.0,0.0,0.0,0.0,0.0
4011,0.9983333333333333,1.0,0.0,0.0,0.0,0.0
4012,0.99,1.0,0.0,0.0,0.0,0.0
4013,0.9883333333333333,1.0,0.0,0.0,0.0,0.0
4014,0.8466666666666666,1.0,0.0,0.0,0.0,0.0
4015,0.9066666666666667,1.0,0.0,0.0,0.0,0.0
4016,0.8333333333333333,1.0,0.0,0.0,0.0,0.0
4017,0.8899999999999997,1.0,0.0,0.0,0.0,0.0
4018,0.8766666666666667,1.0,0.0,0.0,0.0,0.0
4019,0.9933333333333333,1.0,0.0,0.0,0.0,0.0
4020,0.9966666666666666,1.0,0.0,0.0,0.0,0.0
4021,0.9983333333333333,1.0,0.0,0.0,0.0,0.0
4022,0.9933333333333333,1.0,0.0,0.0,0.0,0.0
4023,0.9933333333333334,1.0,0.0,0.0,0.0,0.0
4024,0.8899999999999999,1.0,0.0,0.0,0.0,0.0
4025,0.855,1.0,0.0,0.0,0.0,0.0
4026,0.855,1.0,0.0,0.0,0.0,0.0
4027,0.8966666666666664,1.0,0.0,0.0,0.0,0.0
4028,0.8799999999999999,1.0,0.0,0.0,0.0,0.0
4029,0.9933333333333333,1.0,0.0,0.0,0.0,0.0
4030,0.9933333333333333,1.0,0.0,0.0,0.0,0.0
4031,0.9916666666666667,0.99,0.0,0.01,0.0,0.0
4032,0.9983333333333333,0.99,0.0,0.01,0.0,0.0
4033,0.9883333333333333,1.0,0.0,0.0,0.0,0.0
4034,0.815,1.0,0.0,0.0,0.0,0.0
4035,0.8599999999999999,1.0,0.0,0.0,0.0,0.0
4036,0.8333333333333333,1.0,0.0,0.0,0.0,0.0
4037,0.9016666666666666,1.0,0.0,0.0,0.0,0.0
4038,0.8816666666666667,1.0,0.0,0.0,0.0,0.0
4039,0.9966666666666667,1.0,0.0,0.0,0.0,0.0
4040,0.9933333333333333,1.0,0.0,0.0,0.0,0.0
4041,0.9933333333333332,1.0,0.0,0.0,0.0,0.0
4042,0.9949999999999999,1.0,0.0,0.0,0.0,0.0
4043,0.995,1.0,0.0,0.0,0.0,0.0
4044,0.855,1.0,0.0,0.0,0.0,0.0
4045,0.8966666666666666,1.0,0.0,0.0,0.0,0.0
4046,0.8655653008200656,0.99,0.0,0.01,0.0,0.0
4047,0.8455653008200658,0.98,0.0,0.02,0.0,0.0
4048,0.8466666666666666,0.99,0.0,0.01,0.0,0.0
4049,0.9966666666666667,0.98,0.0,0.02,0.0,0.0
4050,0.9949999999999999,0.95,0.0,0.05,0.0,0.0
4051,0.9916666666666666,0.94,0.0,0.06,0.0,0.0
4052,0.9949999999999999,0.87,0.0,0.13,0.0,0.0
4053,0.9966666666666666,0.88,0.0,0.12,0.0,0.0
4054,0.855,0.86,0.0,0.14,0.0,0.0
4055,0.8599999999999999,0.9,0.0,0.1,0.0,0.0
4056,0.9099999999999998,0.91,0.0,0.09,0.0,0.0
4057,0.9116666666666667,0.92,0.0,0.08,0.0,0.0
4058,0.9033333333333333,0.96,0.0,0.04,0.0,0.0
4059,0.9966666666666667,0.95,0.0,0.05,0.0,0.0
4060,0.995,0.94,0.0,0.06,0.0,0.0
4061,0.9799999999999998,0.92,0.0,0.08,0.0,0.0
4062,0.9933333333333332,0.92,0.0,0.08,0.0,0.0
4063,0.995,0.89,0.0,0.11,0.0,0.0
4064,0.8499999999999999,0.86,0.0,0.14,0.0,0.0
4065,0.883333333333333,0.81,0.0,0.19,0.0,0.0
4066,0.8683333333333332,0.77,0.0,0.23,0.0,0.0
4067,0.9033333333333333,0.81,0.0,0.19,0.0,0.0
4068,0.86,0.88,0.0,0.12,0.0,0.0
4069,0.9916666666666666,0.86,0.0,0.14,0.0,0.0
4070,0.9833333333333333,0.81,0.0,0.19,0.0,0.0
4071,0.9833333333333333,0.82,0.0,0.18,0.0,0.0
4072,0.9733333333333333,0.79,0.0,0.21,0.0,0.0
4073,0.9816666666666666,0.76,0.0,0.24,0.0,0.0
4074,0.9066666666666664,0.73,0.0,0.27,0.0,0.0
4075,0.878333333333333,0.72,0.0,0.28,0.0,0.0
4076,0.8616666666666666,0.73,0.0,0.27,0.0,0.0
4077,0.8866666666666663,0.76,0.0,0.24,0.0,0.0
4078,0.8966666666666666,0.77,0.0,0.23,0.0,0.0
4079,0.9816666666666667,0.75,0.0,0.25,0.0,0.0
4080,0.98,0.7,0.0,0.3,0.0,0.0
4081,0.9849999999999999,0.73,0.0,0.27,0.0,0.0
4082,0.9816666666666666,0.71,0.0,0.29,0.0,0.0
4083,0.9866666666666666,0.64,0.0,0.36,0.0,0.0
4084,0.8699999999999994,0.59,0.0,0.41,0.0,0.0
4085,0.8749999999999999,0.58,0.0,0.42,0.0,0.0
4086,0.8799999999999996,0.54,0.0,0.46,0.0,0.0
4087,0.9166666666666664,0.6,0.0,0.4,0.0,0.0
4088,0.8999999999999997,0.63,0.0,0.37,0.0,0.0
4089,0.98,0.64,0.0,0.36,0.0,0.0
4090,0.9799999999999998,0.58,0.0,0.42,0.0,0.0
4091,0.9833333333333336,0.58,0.0,0.41,0.0,0.01
4092,0.985,0.54,0.0,0.45,0.0,0.01
4093,0.9699999999999999,0.54,0.0,0.44,0.0,0.02
4094,0.8766666666666665,0.59,0.0,0.39,0.0,0.02
4095,0.8716666666666665,0.59,0.0,0.39,0.0,0.02
4096,0.898333333333333,0.58,0.0,0.39,0.0,0.03
4097,0.9183333333333333,0.61,0.0,0.36,0.0,0.03
4098,0.8933333333333329,0.61,0.0,0.36,0.0,0.03
4099,0.9683333333333333,0.53,0.0,0.44,0.0,0.03
4100,0.9716666666666667,0.5,0.0,0.47,0.0,0.03
4101,0.9749999999999998,0.36,0.0,0.6,0.0,0.04
4102,0.9799999999999999,0.39,0.0,0.57,0.0,0.04
4103,0.9699999999999999,0.36,0.0,0.63,0.0,0.01
4104,0.883333333333333,0.37,0.0,0.62,0.01,0.0
4105,0.8866666666666664,0.38,0.0,0.61,0.01,0.0
4106,0.8799999999999996,0.41,0.0,0.58,0.01,0.0
4107,0.868333333333333,0.46,0.0,0.54,0.0,0.0
4108,0.9099999999999996,0.55,0.0,0.45,0.0,0.0
4109,0.968333333333333,0.56,0.0,0.44,0.0,0.0
4110,0.9866666666666667,0.48,0.0,0.52,0.0,0.0
4111,0.9733333333333333,0.55,0.0,0.45,0.0,0.0
4112,0.9633333333333334,0.52,0.0,0.48,0.0,0.0
4113,0.9799999999999998,0.45,0.0,0.55,0.0,0.0
4114,0.895,0.51,0.0,0.49,0.0,0.0
4115,0.9166666666666662,0.58,0.0,0.42,0.0,0.0
4116,0.9266666666666664,0.65,0.0,0.35,0.0,0.0
4117,0.9449999999999996,0.73,0.0,0.27,0.0,0.0
4118,0.953333333333333,0.74,0.0,0.26,0.0,0.0
4119,0.968333333333333,0.74,0.0,0.26,0.0,0.0
4120,0.9666666666666666,0.64,0.0,0.36,0.0,0.0
4121,0.9699999999999999,0.61,0.0,0.39,0.0,0.0
4122,0.9783333333333333,0.62,0.0,0.38,0.0,0.0
4123,0.9633333333333332,0.58,0.0,0.42,0.0,0.0
4124,0.9099999999999998,0.55,0.0,0.45,0.0,0.0
4125,0.925,0.64,0.0,0.36,0.0,0.0
4126,0.933333333333333,0.66,0.0,0.34,0.0,0.0
4127,0.9449999999999998,0.72,0.0,0.28,0.0,0.0
4128,0.9649999999999999,0.81,0.0,0.19,0.0,0.0
4129,0.9666666666666663,0.8,0.0,0.2,0.0,0.0
4130,0.968333333333333,0.77,0.0,0.23,0.0,0.0
4131,0.9699999999999999,0.78,0.0,0.22,0.0,0.0
4132,0.9633333333333332,0.78,0.0,0.22,0.0,0.0
4133,0.9599999999999994,0.82,0.0,0.18,0.0,0.0
4134,0.9533333333333331,0.78,0.0,0.22,0.0,0.0
4135,0.9616666666666666,0.85,0.0,0.15,0.0,0.0
4136,0.9716666666666666,0.87,0.0,0.13,0.0,0.0
4137,0.9749999999999999,0.88,0.0,0.12,0.0,0.0
4138,0.9916666666666666,0.95,0.0,0.05,0.0,0.0
4139,0.9549999999999998,0.97,0.0,0.03,0.0,0.0
4140,0.9650000000000002,0.97,0.0,0.03,0.0,0.0
4141,0.9549999999999996,0.94,0.0,0.06,0.0,0.0
4142,0.9616666666666664,0.94,0.0,0.06,0.0,0.0
4143,0.95,0.91,0.0,0.09,0.0,0.0
4144,0.9716666666666667,0.88,0.0,0.12,0.0,0.0
4145,0.9749999999999999,0.87,0.0,0.13,0.0,0.0
4146,0.9849999999999999,0.92,0.0,0.08,0.0,0.0
4147,0.9866666666666666,0.92,0.0,0.08,0.0,0.0
4148,0.9816666666666666,0.93,0.0,0.07,0.0,0.0
4149,0.9616666666666663,0.98,0.0,0.02,0.0,0.0
4150,0.9399999999999996,0.99,0.0,0.01,0.0,0.0
4151,0.9583333333333335,0.99,0.0,0.01,0.0,0.0
4152,0.9499999999999996,0.99,0.0,0.01,0.0,0.0
4153,0.9466666666666668,1.0,0.0,0.0,0.0,0.0
4154,1.0,1.0,0.0,0.0,0.0,0.0
4155,1.0,1.0,0.0,0.0,0.0,0.0
4156,1.0,1.0,0.01,0.0,0.0,0.0
4157,1.0,1.0,0.0,0.0,0.0,0.0
4158,1.0,1.0,0.0,0.0,0.0,0.0
4159,0.9616666666666663,1.0,0.0,0.0,0.0,0.0
4160,0.9499999999999998,1.0,0.0,0.0,0.0,0.0
4161,0.9516666666666664,1.0,0.0,0.0,0.0,0.0
4162,0.9566666666666664,1.0,0.0,0.0,0.0,0.0
4163,0.9366666666666664,1.0,0.0,0.0,0.0,0.0
4164,0.995,0.99,0.0,0.01,0.0,0.0
4165,0.9933333333333334,0.99,0.0,0.01,0.0,0.0
4166,1.0,1.0,0.0,0.0,0.0,0.0
4167,1.0,1.0,0.0,0.0,0.0,0.0
4168,0.995,0.99,0.0,0.01,0.0,0.0
4169,0.968333333333333,1.0,0.0,0.0,0.0,0.0
4170,0.9533333333333333,1.0,0.0,0.0,0.0,0.0
4171,0.94,1.0,0.0,0.0,0.0,0.0
4172,0.9483333333333331,1.0,0.0,0.0,0.0,0.0
4173,0.9499999999999998,1.0,0.0,0.0,0.0,0.0
4174,1.0,1.0,0.0,0.0,0.0,0.0
4175,0.9920437588942693,1.0,0.0,0.0,0.0,0.0
4176,0.9920437588942693,1.0,0.0,0.0,0.0,0.0
4177,0.9920437588942691,1.0,0.0,0.0,0.0,0.0
4178,1.0,1.0,0.0,0.0,0.0,0.0
4179,0.96,1.0,0.0,0.0,0.0,0.0
4180,0.943333333333333,1.0,0.0,0.0,0.0,0.0
4181,0.9566666666666669,1.0,0.0,0.0,0.0,0.0
4182,0.9516666666666665,1.0,0.0,0.0,0.0,0.0
4183,0.9649999999999999,1.0,0.0,0.0,0.0,0.0
4184,1.0,1.0,0.0,0.0,0.0,0.0
4185,1.0,1.0,0.0,0.0,0.0,0.0
4186,1.0,1.0,0.0,0.0,0.0,0.0
4187,1.0,1.0,0.0,0.0,0.0,0.0
4188,1.0,1.0,0.0,0.0,0.0,0.0
4189,0.968333333333333,1.0,0.0,0.0,0.0,0.0
4190,0.9366666666666665,1.0,0.0,0.0,0.0,0.0
4191,0.9783333333333332,1.0,0.0,0.0,0.0,0.0
4192,0.9549999999999997,1.0,0.0,0.0,0.0,0.0
4193,0.9483333333333328,1.0,0.0,0.0,0.0,0.0
4194,0.9983333333333333,0.99,0.0,0.01,0.0,0.0
4195,0.9983333333333333,0.99,0.0,0.01,0.0,0.0
4196,0.9983333333333334,0.99,0.0,0.01,0.0,0.0
4197,0.9983333333333333,0.99,0.0,0.01,0.0,0.0
4198,0.995,0.97,0.0,0.03,0.0,0.0
4199,0.943333333333333,0.98,0.0,0.02,0.0,0.0
4200,0.9666666666666666,0.99,0.0,0.01,0.0,0.0
4201,0.9566666666666664,1.0,0.0,0.0,0.0,0.0
4202,0.9369949785794924,0.99,0.0,0.01,0.0,0.0
4203,0.953333333333333,1.0,0.0,0.0,0.0,0.0
4204,1.0,1.0,0.0,0.0,0.0,0.0
4205,1.0,1.0,0.0,0.0,0.0,0.0
4206,1.0,1.0,0.0,0.0,0.0,0.0
4207,1.0,1.0,0.0,0.0,0.0,0.0
4208,1.0,0.99,0.0,0.0,0.01,0.0
4209,0.9649999999999997,0.99,0.0,0.0,0.01,0.0
4210,0.9466666666666665,0.99,0.0,0.0,0.01,0.0
4211,0.9649999999999997,0.99,0.0,0.0,0.01,0.0
4212,0.95,1.0,0.0,0.0,0.0,0.0
4213,0.9616666666666666,0.99,0.0,0.01,0.0,0.0
4214,0.995,0.99,0.0,0.01,0.0,0.0
4215,0.995,0.99,0.0,0.01,0.0,0.0
4216,1.0,1.0,0.0,0.0,0.0,0.0
4217,1.0,1.0,0.0,0.0,0.0,0.0
4218,1.0,1.0,0.0,0.0,0.0,0.0
4219,0.9583333333333331,1.0,0.0,0.0,0.0,0.0
4220,0.9499999999999998,1.0,0.0,0.0,0.0,0.0
4221,0.9633333333333332,1.0,0.0,0.0,0.0,0.0
4222,0.9584564876104068,0.99,0.0,0.0,0.01,0.0
4223,0.9583333333333335,1.0,0.0,0.0,0.0,0.0
4224,1.0,1.0,0.0,0.0,0.0,0.0
4225,1.0,1.0,0.0,0.0,0.0,0.0
4226,1.0,1.0,0.0,0.0,0.0,0.0
4227,1.0,1.0,0.0,0.0,0.0,0.0
4228,1.0,1.0,0.0,0.0,0.0,0.0
4229,0.9433333333333331,1.0,0.0,0.0,0.0,0.0
4230,0.9599999999999997,1.0,0.0,0.0,0.0,0.0
4231,0.9516666666666665,1.0,0.0,0.0,0.0,0.0
4232,0.9499999999999997,1.0,0.0,0.0,0.0,0.0
4233,0.9566666666666666,1.0,0.0,0.0,0.0,0.0
4234,1.0,1.0,0.0,0.0,0.0,0.0
4235,1.0,1.0,0.0,0.0,0.0,0.0
4236,1.0,1.0,0.0,0.0,0.0,0.0
4237,1.0,1.0,0.0,0.0,0.0,0.0
4238,1.0,1.0,0.0,0.0,0.0,0.0
4239,0.9616666666666666,1.0,0.0,0.0,0.0,0.0
4240,0.958434569500756,1.0,0.0,0.0,0.0,0.0
4241,0.9517679028340891,1.0,0.0,0.0,0.0,0.0
4242,0.945,1.0,0.0,0.0,0.0,0.0
4243,0.9616666666666664,1.0,0.0,0.0,0.0,0.0
4244,1.0,1.0,0.0,0.0,0.0,0.0
4245,1.0,1.0,0.0,0.0,0.0,0.0
4246,1.0,1.0,0.0,0.0,0.0,0.0
4247,1.0,1.0,0.0,0.0,0.0,0.0
4248,1.0,1.0,0.0,0.0,0.0,0.0
4249,0.9566666666666663,1.0,0.0,0.0,0.0,0.0
4250,0.9583333333333333,1.0,0.0,0.0,0.0,0.0
4251,0.9666666666666665,1.0,0.0,0.0,0.0,0.0
4252,0.9416666666666661,1.0,0.0,0.0,0.0,0.0
4253,0.9599999999999997,1.0,0.0,0.0,0.0,0.0
4254,1.0,1.0,0.0,0.0,0.0,0.0
4255,1.0,1.0,0.0,0.0,0.0,0.0
4256,1.0,1.0,0.0,0.0,0.0,0.0
4257,0.9983333333333333,0.99,0.0,0.01,0.0,0.0
4258,1.0,1.0,0.0,0.0,0.0,0.0
4259,0.9583333333333331,1.0,0.0,0.0,0.0,0.0
4260,0.9549999999999997,1.0,0.0,0.0,0.0,0.0
4261,0.9516666666666664,1.0,0.0,0.0,0.0,0.0
4262,0.958333333333333,1.0,0.0,0.0,0.0,0.0
4263,0.9599999999999997,1.0,0.0,0.0,0.0,0.0
4264,1.0,1.0,0.0,0.0,0.0,0.0
4265,1.0,1.0,0.0,0.0,0.0,0.0
4266,1.0,1.0,0.0,0.0,0.0,0.0
4267,1.0,1.0,0.0,0.0,0.0,0.0
4268,1.0,1.0,0.0,0.0,0.0,0.0
4269,0.9449999999999998,1.0,0.0,0.0,0.0,0.0
4270,0.9566666666666664,1.0,0.0,0.0,0.0,0.0
4271,0.9499999999999997,1.0,0.0,0.0,0.0,0.0
4272,0.9583333333333331,1.0,0.0,0.0,0.0,0.0
4273,0.9566666666666666,1.0,0.0,0.0,0.0,0.0
4274,1.0,1.0,0.0,0.0,0.0,0.0
4275,1.0,1.0,0.0,0.0,0.0,0.0
4276,1.0,1.0,0.0,0.0,0.0,0.0
4277,1.0,1.0,0.0,0.0,0.0,0.0
4278,1.0,1.0,0.0,0.0,0.0,0.0
4279,0.9566666666666666,1.0,0.0,0.0,0.0,0.0
4280,0.948333333333333,0.99,0.0,0.01,0.0,0.0
4281,0.9549999999999997,1.0,0.0,0.0,0.0,0.0
4282,0.9533333333333328,1.0,0.0,0.0,0.0,0.0
4283,0.9449999999999994,1.0,0.0,0.0,0.0,0.0
4284,0.995,0.99,0.0,0.01,0.0,0.0
4285,1.0,1.0,0.0,0.0,0.0,0.0
4286,1.0,1.0,0.0,0.0,0.0,0.0
4287,1.0,1.0,0.0,0.0,0.0,0.0
4288,1.0,1.0,0.0,0.0,0.0,0.0
4289,0.9599999999999997,0.99,0.0,0.01,0.0,0.0
4290,0.945,0.98,0.0,0.02,0.0,0.0
4291,0.9599999999999997,0.97,0.0,0.03,0.0,0.0
4292,0.9683333333333333,0.94,0.0,0.06,0.0,0.0
4293,0.968333333333333,0.91,0.0,0.09,0.0,0.0
4294,0.9766666666666665,0.92,0.0,0.08,0.0,0.0
4295,0.9749999999999999,0.92,0.0,0.08,0.0,0.0
4296,0.9850000000000001,0.96,0.0,0.04,0.0,0.0
4297,0.99,0.98,0.0,0.02,0.0,0.0
4298,1.0,1.0,0.0,0.0,0.0,0.0
4299,0.953333333333333,1.0,0.0,0.0,0.0,0.0
4300,0.9516666666666663,1.0,0.0,0.0,0.0,0.0
4301,0.9516666666666665,1.0,0.0,0.0,0.0,0.0
4302,0.9499999999999997,1.0,0.0,0.0,0.0,0.0
4303,0.9533333333333331,1.0,0.0,0.0,0.0,0.0
4304,1.0,1.0,0.0,0.0,0.0,0.0
4305,1.0,1.0,0.0,0.0,0.0,0.0
4306,1.0,1.0,0.0,0.0,0.0,0.0
4307,1.0,1.0,0.0,0.0,0.0,0.0
4308,1.0,1.0,0.0,0.0,0.0,0.0
4309,0.9716666666666669,1.0,0.0,0.0,0.0,0.0
4310,0.9616666666666664,1.0,0.0,0.0,0.0,0.0
4311,0.9366666666666665,1.0,0.0,0.0,0.0,0.0
4312,0.9699999999999999,1.0,0.0,0.0,0.0,0.0
4313,0.9683333333333334,1.0,0.0,0.0,0.0,0.0
4314,1.0,1.0,0.0,0.0,0.0,0.0
4315,1.0,1.0,0.0,0.0,0.0,0.0
4316,1.0,1.0,0.0,0.0,0.0,0.0
4317,1.0,1.0,0.0,0.0,0.0,0.0
4318,1.0,1.0,0.0,0.0,0.0,0.0
4319,0.9599999999999999,1.0,0.0,0.0,0.0,0.0
4320,0.9616666666666663,1.0,0.0,0.0,0.0,0.0
4321,0.9616666666666663,1.0,0.0,0.0,0.0,0.0
4322,0.9616666666666663,1.0,0.0,0.0,0.0,0.0
4323,0.9566666666666663,1.0,0.0,0.0,0.0,0.0
4324,1.0,1.0,0.0,0.0,0.0,0.0
4325,1.0,1.0,0.0,0.0,0.0,0.0
4326,1.0,1.0,0.0,0.0,0.0,0.0
4327,1.0,1.0,0.0,0.0,0.0,0.0
4328,1.0,1.0,0.0,0.0,0.0,0.0
4329,0.9549999999999998,1.0,0.0,0.0,0.0,0.0
4330,0.9683333333333332,1.0,0.0,0.0,0.0,0.0
4331,0.9583333333333331,1.0,0.0,0.0,0.0,0.0
4332,0.9533333333333328,1.0,0.0,0.0,0.0,0.0
4333,0.9583333333333331,1.0,0.0,0.0,0.0,0.0
4334,1.0,1.0,0.0,0.0,0.0,0.0
4335,1.0,1.0,0.0,0.0,0.0,0.0
4336,0.995,1.0,0.0,0.0,0.0,0.0
4337,1.0,1.0,0.0,0.0,0.0,0.0
4338,1.0,1.0,0.0,0.0,0.0,0.0
4339,0.9616666666666664,1.0,0.0,0.0,0.0,0.0
4340,0.958333333333333,1.0,0.0,0.0,0.0,0.0
4341,0.975,1.0,0.0,0.0,0.0,0.0
4342,0.9516666666666661,1.0,0.0,0.0,0.0,0.0
4343,0.95804093180905,1.0,0.0,0.0,0.0,0.0
4344,0.98,1.0,0.0,0.0,0.0,0.0
4345,0.9866666666666667,1.0,0.0,0.0,0.0,0.0
4346,0.9933333333333333,1.0,0.0,0.0,0.0,0.0
4347,1.0,1.0,0.0,0.0,0.0,0.0
4348,1.0,1.0,0.0,0.0,0.0,0.0
4349,0.9599999999999999,1.0,0.0,0.0,0.0,0.0
4350,0.9633333333333333,1.0,0.0,0.0,0.0,0.0
4351,0.9460875511391069,0.99,0.0,0.0,0.01,0.0
4352,0.9327542178057737,0.98,0.0,0.0,0.02,0.0
4353,0.9599999999999997,1.0,0.0,0.0,0.0,0.0
4354,1.0,1.0,0.0,0.0,0.0,0.0
4355,1.0,1.0,0.0,0.0,0.0,0.0
4356,1.0,1.0,0.0,0.0,0.0,0.0
4357,1.0,1.0,0.0,0.0,0.0,0.0
4358,1.0,1.0,0.0,0.0,0.0,0.0
4359,0.9716666666666665,1.0,0.0,0.0,0.0,0.0
4360,0.9549999999999997,1.0,0.0,0.0,0.0,0.0
4361,0.9599999999999999,1.0,0.0,0.0,0.0,0.0
4362,0.9499999999999998,1.0,0.0,0.0,0.0,0.0
4363,0.9566666666666664,1.0,0.0,0.0,0.0,0.0
4364,1.0,1.0,0.0,0.0,0.0,0.0
4365,0.995,1.0,0.0,0.0,0.0,0.0
4366,1.0,1.0,0.0,0.0,0.0,0.0
4367,1.0,1.0,0.0,0.0,0.0,0.0
4368,1.0,1.0,0.0,0.0,0.0,0.0
4369,0.965,1.0,0.0,0.0,0.0,0.0
4370,0.97,1.0,0.0,0.0,0.0,0.0
4371,0.965,1.0,0.0,0.0,0.0,0.0
4372,0.9533333333333331,1.0,0.0,0.0,0.0,0.0
4373,0.9399999999999994,1.0,0.0,0.0,0.0,0.0
4374,1.0,1.0,0.0,0.0,0.0,0.0
4375,1.0,1.0,0.0,0.0,0.0,0.0
4376,1.0,1.0,0.0,0.0,0.0,0.0
4377,1.0,1.0,0.0,0.0,0.0,0.0
4378,1.0,1.0,0.0,0.0,0.0,0.0
4379,0.9616666666666663,1.0,0.0,0.0,0.0,0.0
4380,0.96,1.0,0.0,0.0,0.0,0.0
4381,0.9637592275872554,0.99,0.0,0.0,0.01,0.0
4382,0.973333333333333,1.0,0.0,0.0,0.0,0.0
4383,0.9583333333333333,1.0,0.0,0.0,0.0,0.0
4384,1.0,1.0,0.0,0.0,0.0,0.0
4385,1.0,1.0,0.0,0.0,0.0,0.0
4386,1.0,1.0,0.0,0.0,0.0,0.0
4387,1.0,1.0,0.0,0.0,0.0,0.0
4388,1.0,1.0,0.01,0.0,0.0,0.0
4389,0.9633333333333332,1.0,0.0,0.0,0.0,0.0
4390,0.9683333333333332,1.0,0.0,0.0,0.0,0.0
4391,0.9599999999999999,1.0,0.0,0.0,0.0,0.0
4392,0.9583333333333333,1.0,0.0,0.0,0.0,0.0
4393,0.9566666666666663,0.99,0.0,0.01,0.0,0.0
4394,1.0,1.0,0.0,0.0,0.0,0.0
4395,1.0,1.0,0.0,0.0,0.0,0.0
4396,1.0,1.0,0.0,0.0,0.0,0.0
4397,1.0,1.0,0.0,0.0,0.0,0.0
4398,1.0,1.0,0.0,0.0,0.0,0.0
4399,0.9583333333333333,1.0,0.0,0.0,0.0,0.0
4400,0.9666666666666666,1.0,0.0,0.0,0.0,0.0
4401,0.963333333333333,1.0,0.0,0.0,0.0,0.0
4402,0.9683333333333332,1.0,0.0,0.0,0.0,0.0
4403,0.955,1.0,0.0,0.0,0.0,0.0
4404,1.0,1.0,0.0,0.0,0.0,0.0
4405,1.0,1.0,0.0,0.0,0.0,0.0
4406,1.0,1.0,0.0,0.0,0.0,0.0
4407,1.0,1.0,0.0,0.0,0.0,0.0
4408,1.0,1.0,0.0,0.0,0.0,0.0
4409,0.9633333333333334,1.0,0.0,0.0,0.0,0.0
4410,0.9666666666666667,1.0,0.0,0.0,0.0,0.0
4411,0.9516666666666665,1.0,0.0,0.0,0.0,0.0
4412,0.9523526427264762,0.99,0.0,0.01,0.0,0.0
4413,0.952352642726476,0.98,0.0,0.02,0.0,0.0
4414,0.9883333333333334,0.99,0.0,0.01,0.0,0.0
4415,0.9866666666666667,0.98,0.0,0.02,0.0,0.0
4416,1.0,1.0,0.0,0.0,0.0,0.0
4417,1.0,1.0,0.0,0.0,0.0,0.0
4418,1.0,1.0,0.0,0.0,0.0,0.0
4419,0.9316666666666663,1.0,0.0,0.0,0.0,0.0
4420,0.9566666666666664,1.0,0.0,0.0,0.0,0.0
4421,0.948333333333333,1.0,0.0,0.0,0.0,0.0
4422,0.9566666666666664,1.0,0.0,0.0,0.0,0.0
4423,0.9599999999999995,1.0,0.0,0.0,0.0,0.0
4424,1.0,1.0,0.0,0.0,0.0,0.0
4425,1.0,1.0,0.0,0.0,0.0,0.0
4426,1.0,1.0,0.0,0.0,0.0,0.0
4427,1.0,1.0,0.0,0.0,0.0,0.0
4428,1.0,0.99,0.0,0.0,0.01,0.0
4429,0.9633333333333332,1.0,0.0,0.0,0.0,0.0
4430,0.9599999999999997,1.0,0.0,0.0,0.0,0.0
4431,0.9549999999999998,1.0,0.0,0.0,0.0,0.0
4432,0.9599999999999999,1.0,0.0,0.0,0.0,0.0
4433,0.9549999999999994,1.0,0.0,0.0,0.0,0.0
4434,1.0,1.0,0.0,0.0,0.0,0.0
4435,1.0,1.0,0.0,0.0,0.0,0.0
4436,1.0,1.0,0.0,0.0,0.0,0.0
4437,1.0,1.0,0.0,0.0,0.0,0.0
4438,1.0,1.0,0.0,0.0,0.0,0.0
4439,0.9566666666666666,1.0,0.0,0.0,0.0,0.0
4440,0.948333333333333,1.0,0.0,0.0,0.0,0.0
4441,0.9666666666666666,0.99,0.0,0.01,0.0,0.0
4442,0.9483333333333331,0.99,0.0,0.01,0.0,0.0
4443,0.9583333333333331,0.99,0.0,0.01,0.0,0.0
4444,1.0,1.0,0.0,0.0,0.0,0.0
4445,1.0,1.0,0.0,0.0,0.0,0.0
4446,1.0,1.0,0.0,0.0,0.0,0.0
4447,1.0,1.0,0.0,0.0,0.0,0.0
4448,1.0,1.0,0.0,0.0,0.0,0.0
4449,0.9399999999999997,1.0,0.0,0.0,0.0,0.0
4450,0.97,0.98,0.0,0.02,0.0,0.0
4451,0.9549999999999998,0.99,0.0,0.01,0.0,0.0
4452,0.944961911884009,0.97,0.0,0.03,0.0,0.0
4453,0.940814289275338,0.98,0.0,0.02,0.0,0.0
4454,0.9833333333333333,0.97,0.0,0.03,0.0,0.0
4455,0.985,0.97,0.0,0.03,0.0,0.0
4456,0.99,0.99,0.0,0.01,0.0,0.0
4457,0.9983333333333333,1.0,0.0,0.0,0.0,0.0
4458,1.0,0.99,0.0,0.0,0.01,0.0
4459,0.948333333333333,0.98,0.0,0.0,0.02,0.0
4460,0.9549999999999998,0.96,0.0,0.0,0.04,0.0
4461,0.9583333333333331,0.98,0.0,0.0,0.02,0.0
4462,0.9549999999999998,0.97,0.0,0.0,0.03,0.0
4463,0.9516666666666663,0.99,0.0,0.0,0.01,0.0
4464,1.0,1.0,0.0,0.0,0.0,0.0
4465,1.0,1.0,0.0,0.0,0.0,0.0
4466,1.0,0.99,0.0,0.0,0.01,0.0
4467,1.0,1.0,0.0,0.0,0.0,0.0
4468,1.0,1.0,0.0,0.0,0.0,0.0
4469,0.9666666666666665,1.0,0.0,0.0,0.0,0.0
4470,0.9633333333333332,1.0,0.0,0.0,0.0,0.0
4471,0.978333333333333,1.0,0.0,0.0,0.0,0.0
4472,0.9683333333333332,1.0,0.0,0.0,0.0,0.0
4473,0.9716666666666665,1.0,0.0,0.0,0.0,0.0
4474,1.0,1.0,0.0,0.0,0.0,0.0
4475,1.0,1.0,0.0,0.0,0.0,0.0
4476,0.995,0.99,0.0,0.01,0.0,0.0
4477,1.0,1.0,0.0,0.0,0.0,0.0
4478,1.0,1.0,0.0,0.0,0.0,0.0
4479,0.9666666666666663,1.0,0.0,0.0,0.0,0.0
4480,0.9583333333333333,1.0,0.0,0.0,0.0,0.0
4481,0.9533333333333335,1.0,0.0,0.0,0.0,0.0
4482,0.9699999999999998,1.0,0.0,0.0,0.0,0.0
4483,0.9633333333333333,1.0,0.0,0.0,0.0,0.0
4484,1.0,1.0,0.0,0.0,0.0,0.0
4485,0.995,1.0,0.0,0.0,0.0,0.0
4486,1.0,1.0,0.0,0.0,0.0,0.0
4487,1.0,1.0,0.0,0.0,0.0,0.0
4488,1.0,1.0,0.0,0.0,0.0,0.0
4489,0.9483333333333331,1.0,0.0,0.0,0.0,0.0
4490,0.9716666666666666,1.0,0.0,0.0,0.0,0.0
4491,0.9666666666666666,1.0,0.0,0.0,0.0,0.0
4492,0.9583333333333331,1.0,0.0,0.0,0.0,0.0
4493,0.9616666666666667,1.0,0.0,0.0,0.0,0.0
4494,1.0,1.0,0.0,0.0,0.0,0.0
4495,1.0,1.0,0.0,0.0,0.0,0.0
4496,1.0,1.0,0.0,0.0,0.0,0.0
4497,1.0,1.0,0.0,0.0,0.0,0.0
4498,1.0,1.0,0.0,0.0,0.0,0.0
4499,0.9649999999999999,1.0,0.0,0.0,0.0,0.0
4500,0.9633333333333332,0.99,0.0,0.01,0.0,0.0
4501,0.9599999999999995,0.98,0.0,0.02,0.0,0.0
4502,0.9649999999999999,0.98,0.0,0.02,0.0,0.0
4503,0.9516666666666665,1.0,0.0,0.0,0.0,0.0
4504,1.0,1.0,0.0,0.0,0.0,0.0
4505,1.0,1.0,0.0,0.0,0.0,0.0
4506,0.9933333333333334,1.0,0.0,0.0,0.0,0.0
4507,1.0,1.0,0.0,0.0,0.0,0.0
4508,1.0,1.0,0.0,0.0,0.0,0.0
4509,0.9599999999999999,1.0,0.0,0.0,0.0,0.0
4510,0.9666666666666665,1.0,0.0,0.0,0.0,0.0
4511,0.9733333333333332,1.0,0.0,0.0,0.0,0.0
4512,0.9649999999999999,1.0,0.0,0.0,0.0,0.0
4513,0.9683333333333334,1.0,0.0,0.0,0.0,0.0
4514,1.0,1.0,0.0,0.0,0.0,0.0
4515,1.0,1.0,0.0,0.0,0.0,0.0
4516,1.0,1.0,0.0,0.0,0.0,0.0
4517,1.0,1.0,0.0,0.0,0.0,0.0
4518,1.0,1.0,0.0,0.0,0.0,0.0
4519,0.973333333333333,1.0,0.0,0.0,0.0,0.0
4520,0.960833239793529,0.98,0.0,0.02,0.0,0.0
4521,0.9599999999999999,0.99,0.0,0.01,0.0,0.0
4522,0.9583333333333333,0.98,0.0,0.02,0.0,0.0
4523,0.9733333333333333,0.99,0.0,0.01,0.0,0.0
4524,1.0,1.0,0.0,0.0,0.0,0.0
4525,1.0,1.0,0.0,0.0,0.0,0.0
4526,1.0,1.0,0.0,0.0,0.0,0.0
4527,1.0,1.0,0.0,0.0,0.0,0.0
4528,1.0,1.0,0.0,0.0,0.0,0.0
4529,0.973333333333333,1.0,0.0,0.0,0.0,0.0
4530,0.9599999999999999,1.0,0.0,0.0,0.0,0.0
4531,0.9599999999999999,1.0,0.0,0.0,0.0,0.0
4532,0.96,1.0,0.0,0.0,0.0,0.0
4533,0.9649999999999995,1.0,0.0,0.0,0.0,0.0
4534,1.0,1.0,0.0,0.0,0.0,0.0
4535,1.0,1.0,0.0,0.0,0.0,0.0
4536,1.0,1.0,0.0,0.0,0.0,0.0
4537,1.0,1.0,0.0,0.0,0.0,0.0
4538,1.0,1.0,0.0,0.0,0.0,0.0
4539,0.9666666666666665,1.0,0.0,0.0,0.0,0.0
4540,0.9599999999999999,1.0,0.0,0.0,0.0,0.0
4541,0.9616666666666664,1.0,0.0,0.0,0.0,0.0
4542,0.9516666666666665,1.0,0.0,0.0,0.0,0.0
4543,0.9599999999999999,0.99,0.0,0.0,0.01,0.0
4544,0.9983333333333333,0.99,0.0,0.0,0.01,0.0
4545,1.0,0.98,0.0,0.0,0.02,0.0
4546,0.9983333333333334,0.97,0.0,0.01,0.02,0.0
4547,1.0,0.99,0.0,0.0,0.01,0.0
4548,1.0,1.0,0.0,0.0,0.0,0.0
4549,0.97,0.99,0.0,0.0,0.01,0.0
4550,0.9649999999999997,1.0,0.0,0.0,0.0,0.0
4551,0.9499999999999997,1.0,0.0,0.0,0.0,0.0
4552,0.9716666666666666,1.0,0.0,0.0,0.0,0.0
4553,0.9599999999999997,1.0,0.0,0.0,0.0,0.0
4554,1.0,1.0,0.0,0.0,0.0,0.0
4555,1.0,1.0,0.0,0.0,0.0,0.0
4556,1.0,1.0,0.0,0.0,0.0,0.0
4557,1.0,1.0,0.0,0.0,0.0,0.0
4558,1.0,1.0,0.0,0.0,0.0,0.0
4559,0.9733333333333332,1.0,0.0,0.0,0.0,0.0
4560,0.9649999999999997,1.0,0.0,0.0,0.0,0.0
4561,0.9633333333333332,1.0,0.0,0.0,0.0,0.0
4562,0.9733333333333332,1.0,0.0,0.0,0.0,0.0
4563,0.9654530550485148,1.0,0.0,0.0,0.0,0.0
4564,0.98,1.0,0.0,0.0,0.0,0.0
4565,0.9866666666666667,1.0,0.0,0.0,0.0,0.0
4566,0.9933333333333334,1.0,0.0,0.0,0.0,0.0
4567,1.0,1.0,0.0,0.0,0.0,0.0
4568,1.0,1.0,0.0,0.0,0.0,0.0
4569,0.9566666666666666,1.0,0.0,0.0,0.0,0.0
4570,0.9683333333333332,1.0,0.0,0.0,0.0,0.0
4571,0.9583333333333331,1.0,0.0,0.0,0.0,0.0
4572,0.9699999999999998,1.0,0.0,0.0,0.0,0.0
4573,0.9733333333333333,1.0,0.0,0.0,0.0,0.0
4574,1.0,1.0,0.0,0.0,0.0,0.0
4575,1.0,0.99,0.0,0.0,0.01,0.0
4576,1.0,0.99,0.0,0.0,0.01,0.0
4577,1.0,1.0,0.0,0.0,0.0,0.0
4578,1.0,1.0,0.0,0.0,0.0,0.0
4579,0.9766666666666665,1.0,0.0,0.0,0.0,0.0
4580,0.9649999999999997,1.0,0.0,0.0,0.0,0.0
4581,0.9516666666666664,1.0,0.0,0.0,0.0,0.0
4582,0.9699999999999999,1.0,0.0,0.0,0.0,0.0
4583,0.9616666666666663,1.0,0.0,0.0,0.0,0.0
4584,1.0,1.0,0.0,0.0,0.0,0.0
4585,1.0,1.0,0.0,0.0,0.0,0.0
4586,1.0,1.0,0.0,0.0,0.0,0.0
4587,1.0,1.0,0.0,0.0,0.0,0.0
4588,1.0,1.0,0.0,0.0,0.0,0.0
4589,0.9666666666666666,1.0,0.0,0.0,0.0,0.0
4590,0.9583333333333328,1.0,0.0,0.0,0.0,0.0
4591,0.9549999999999997,1.0,0.0,0.0,0.0,0.0
4592,0.9666666666666665,1.0,0.0,0.0,0.0,0.0
4593,0.9616666666666663,1.0,0.0,0.0,0.0,0.0
4594,1.0,1.0,0.0,0.0,0.0,0.0
4595,1.0,1.0,0.0,0.0,0.0,0.0
4596,1.0,1.0,0.0,0.0,0.0,0.0
4597,1.0,1.0,0.0,0.0,0.0,0.0
4598,1.0,1.0,0.0,0.0,0.0,0.0
4599,0.9666666666666666,1.0,0.0,0.0,0.0,0.0
4600,0.963333333333333,1.0,0.0,0.0,0.0,0.0
4601,0.9633333333333333,1.0,0.0,0.0,0.0,0.0
4602,0.9599999999999999,1.0,0.0,0.0,0.0,0.0
4603,0.9516666666666663,1.0,0.0,0.0,0.0,0.0
4604,1.0,1.0,0.0,0.0,0.0,0.0
4605,1.0,1.0,0.0,0.0,0.0,0.0
4606,1.0,1.0,0.0,0.0,0.0,0.0
4607,1.0,1.0,0.0,0.0,0.0,0.0
4608,1.0,1.0,0.0,0.0,0.0,0.0
4609,0.9566666666666666,1.0,0.0,0.0,0.0,0.0
4610,0.9566666666666664,1.0,0.0,0.0,0.0,0.0
4611,0.9783333333333332,1.0,0.0,0.0,0.0,0.0
4612,0.9699999999999999,1.0,0.0,0.0,0.0,0.0
4613,0.9649999999999999,1.0,0.0,0.0,0.0,0.0
4614,0.9933333333333333,0.98,0.0,0.01,0.01,0.0
4615,0.9996105906580636,0.99,0.0,0.01,0.0,0.0
4616,0.9925545146494602,0.98,0.0,0.02,0.0,0.0
4617,0.9946105906580636,0.98,0.0,0.02,0.0,0.0
4618,1.0,1.0,0.0,0.0,0.0,0.0
4619,0.9599999999999999,1.0,0.0,0.0,0.0,0.0
4620,0.963333333333333,1.0,0.0,0.0,0.0,0.0
4621,0.9699999999999994,1.0,0.0,0.0,0.0,0.0
4622,0.9566666666666666,1.0,0.0,0.0,0.0,0.0
4623,0.9733333333333332,1.0,0.0,0.0,0.0,0.0
4624,1.0,1.0,0.0,0.0,0.0,0.0
4625,1.0,1.0,0.0,0.0,0.0,0.0
4626,1.0,1.0,0.0,0.0,0.0,0.0
4627,1.0,1.0,0.0,0.0,0.0,0.0
4628,1.0,1.0,0.0,0.0,0.0,0.0
4629,0.9566666666666664,1.0,0.0,0.0,0.0,0.0
4630,0.9616666666666666,1.0,0.0,0.0,0.0,0.0
4631,0.9716666666666662,1.0,0.0,0.0,0.0,0.0
4632,0.975,1.0,0.0,0.0,0.0,0.0
4633,0.9649999999999997,1.0,0.0,0.0,0.0,0.0
4634,0.9933333333333333,1.0,0.0,0.0,0.0,0.0
4635,1.0,1.0,0.0,0.0,0.0,0.0
4636,1.0,1.0,0.0,0.0,0.0,0.0
4637,1.0,1.0,0.0,0.0,0.0,0.0
4638,1.0,1.0,0.0,0.0,0.0,0.0
4639,0.9683333333333332,1.0,0.0,0.0,0.0,0.0
4640,0.9449999999999998,1.0,0.0,0.0,0.0,0.0
4641,0.968333333333333,1.0,0.0,0.0,0.0,0.0
4642,0.9666666666666666,1.0,0.0,0.0,0.0,0.0
4643,0.9716666666666665,1.0,0.0,0.0,0.0,0.0
4644,1.0,1.0,0.0,0.0,0.0,0.0
4645,1.0,1.0,0.0,0.0,0.0,0.0
4646,1.0,0.99,0.0,0.0,0.01,0.0
4647,1.0,0.97,0.0,0.0,0.03,0.0
4648,1.0,0.95,0.0,0.0,0.05,0.0
4649,0.9583333333333331,0.96,0.0,0.0,0.04,0.0
4650,0.963333333333333,0.97,0.0,0.0,0.03,0.0
4651,0.9633333333333332,0.95,0.0,0.0,0.05,0.0
4652,0.9449999999999998,0.95,0.0,0.0,0.05,0.0
4653,0.9566666666666667,0.97,0.0,0.0,0.03,0.0
4654,1.0,0.98,0.0,0.0,0.02,0.0
4655,0.995,0.98,0.0,0.01,0.01,0.0
4656,1.0,1.0,0.0,0.0,0.0,0.0
4657,1.0,1.0,0.0,0.0,0.0,0.0
4658,1.0,1.0,0.0,0.0,0.0,0.0
4659,0.9699999999999999,1.0,0.0,0.0,0.0,0.0
4660,0.9649999999999999,1.0,0.0,0.0,0.0,0.0
4661,0.9699999999999999,1.0,0.0,0.0,0.0,0.0
4662,0.9549999999999997,1.0,0.0,0.0,0.0,0.0
4663,0.9699999999999999,0.99,0.0,0.01,0.0,0.0
4664,1.0,1.0,0.0,0.0,0.0,0.0
4665,1.0,1.0,0.0,0.0,0.0,0.0
4666,1.0,1.0,0.0,0.0,0.0,0.0
4667,1.0,1.0,0.0,0.0,0.0,0.0
4668,1.0,1.0,0.0,0.0,0.0,0.0
4669,0.9683333333333332,1.0,0.0,0.0,0.0,0.0
4670,0.9799999999999999,1.0,0.0,0.0,0.0,0.0
4671,0.9649999999999999,1.0,0.0,0.0,0.0,0.0
4672,0.9566666666666666,1.0,0.0,0.0,0.0,0.0
4673,0.963333333333333,1.0,0.0,0.0,0.0,0.0
4674,1.0,1.0,0.0,0.0,0.0,0.0
4675,0.9983333333333333,0.99,0.0,0.01,0.0,0.0
4676,1.0,1.0,0.0,0.0,0.0,0.0
4677,0.995,0.99,0.0,0.01,0.0,0.0
4678,1.0,1.0,0.0,0.0,0.0,0.0
4679,0.975,1.0,0.0,0.0,0.0,0.0
4680,0.9666666666666665,1.0,0.0,0.0,0.0,0.0
4681,0.9499999999999997,1.0,0.0,0.0,0.0,0.0
4682,0.9683333333333332,1.0,0.0,0.0,0.0,0.0
4683,0.9699999999999998,1.0,0.0,0.0,0.0,0.0
4684,1.0,0.99,0.0,0.0,0.01,0.0
4685,1.0,0.98,0.0,0.0,0.02,0.0
4686,1.0,0.98,0.0,0.0,0.02,0.0
4687,1.0,0.97,0.0,0.0,0.03,0.0
4688,0.9933333333333333,0.93,0.0,0.0,0.07,0.0
4689,0.9516666666666667,0.94,0.0,0.0,0.06,0.0
4690,0.9466666666666665,0.93,0.0,0.01,0.06,0.0
4691,0.953333333333333,0.97,0.0,0.01,0.02,0.0
4692,0.9697742655362184,0.99,0.0,0.0,0.01,0.0
4693,0.9526561299419894,0.95,0.0,0.01,0.04,0.0
4694,0.995,0.96,0.0,0.01,0.03,0.0
4695,1.0,0.94,0.0,0.0,0.06,0.0
4696,0.9963783221273801,0.98,0.0,0.0,0.02,0.0
4697,0.9963783221273801,0.98,0.0,0.0,0.02,0.0
4698,0.99275664425476,1.0,0.0,0.0,0.0,0.0
4699,0.9699999999999995,1.0,0.0,0.0,0.0,0.0
4700,0.9683333333333332,1.0,0.0,0.0,0.0,0.0
4701,0.9599999999999999,1.0,0.0,0.0,0.0,0.0
4702,0.9783333333333332,1.0,0.0,0.0,0.0,0.0
4703,0.9666666666666665,1.0,0.0,0.0,0.0,0.0
4704,0.9483333333333335,1.0,0.0,0.0,0.0,0.0
4705,0.9799999999999999,1.0,0.0,0.0,0.0,0.0
4706,0.98,1.0,0.0,0.0,0.0,0.0
4707,1.0,1.0,0.0,0.0,0.0,0.0
4708,1.0,0.99,0.0,0.0,0.01,0.0
4709,0.9516666666666665,1.0,0.0,0.0,0.0,0.0
4710,0.9649999999999995,1.0,0.0,0.0,0.0,0.0
4711,0.9633333333333332,1.0,0.0,0.0,0.0,0.0
4712,0.9683333333333334,1.0,0.0,0.0,0.0,0.0
4713,0.973333333333333,1.0,0.0,0.0,0.0,0.0
4714,1.0,1.0,0.0,0.0,0.0,0.0
4715,1.0,1.0,0.0,0.0,0.0,0.0
4716,1.0,1.0,0.0,0.0,0.0,0.0
4717,1.0,1.0,0.0,0.0,0.0,0.0
4718,1.0,1.0,0.0,0.0,0.0,0.0
4719,0.9683333333333332,0.99,0.0,0.01,0.0,0.0
4720,0.9699999999999999,0.99,0.0,0.01,0.0,0.0
4721,0.9633333333333332,1.0,0.0,0.0,0.0,0.0
4722,0.9516666666666663,1.0,0.0,0.0,0.0,0.0
4723,0.9683333333333333,1.0,0.0,0.0,0.0,0.0
4724,1.0,1.0,0.0,0.0,0.0,0.0
4725,1.0,0.99,0.0,0.0,0.01,0.0
4726,1.0,0.99,0.0,0.0,0.01,0.0
4727,1.0,1.0,0.0,0.0,0.0,0.0
4728,1.0,1.0,0.0,0.0,0.0,0.0
4729,0.9633333333333333,1.0,0.0,0.0,0.0,0.0
4730,0.9799999999999998,1.0,0.0,0.0,0.0,0.0
4731,0.9683333333333332,1.0,0.0,0.0,0.0,0.0
4732,0.9683333333333332,1.0,0.0,0.0,0.0,0.0
4733,0.958333333333333,1.0,0.0,0.0,0.0,0.0
4734,1.0,1.0,0.0,0.0,0.0,0.0
4735,1.0,1.0,0.0,0.0,0.0,0.0
4736,1.0,1.0,0.0,0.0,0.0,0.0
4737,1.0,1.0,0.0,0.0,0.0,0.0
4738,1.0,1.0,0.0,0.0,0.0,0.0
4739,0.9649999999999997,1.0,0.0,0.0,0.0,0.0
4740,0.9649999999999999,1.0,0.0,0.0,0.0,0.0
4741,0.97,1.0,0.0,0.0,0.0,0.0
4742,0.9583333333333328,1.0,0.0,0.0,0.0,0.0
4743,0.9816666666666667,1.0,0.0,0.0,0.0,0.0
4744,1.0,1.0,0.0,0.0,0.0,0.0
4745,1.0,1.0,0.0,0.0,0.0,0.0
4746,1.0,1.0,0.01,0.0,0.0,0.0
4747,1.0,1.0,0.0,0.0,0.0,0.0
4748,1.0,1.0,0.0,0.0,0.0,0.0
4749,0.9616666666666663,1.0,0.0,0.0,0.0,0.0
4750,0.9766666666666666,1.0,0.0,0.0,0.0,0.0
4751,0.9716666666666665,1.0,0.0,0.0,0.0,0.0
4752,0.948333333333333,1.0,0.0,0.0,0.0,0.0
4753,0.9483333333333331,1.0,0.0,0.0,0.0,0.0
4754,1.0,1.0,0.0,0.0,0.0,0.0
4755,1.0,1.0,0.0,0.0,0.0,0.0
4756,1.0,1.0,0.0,0.0,0.0,0.0
4757,1.0,1.0,0.0,0.0,0.0,0.0
4758,1.0,1.0,0.0,0.0,0.0,0.0
4759,0.9566666666666664,1.0,0.0,0.0,0.0,0.0
4760,0.9666666666666666,1.0,0.0,0.0,0.0,0.0
4761,0.9583333333333335,1.0,0.0,0.0,0.0,0.0
4762,0.9566666666666664,1.0,0.0,0.0,0.0,0.0
4763,0.9583333333333328,1.0,0.0,0.0,0.0,0.0
4764,1.0,0.99,0.0,0.0,0.01,0.0
4765,1.0,0.95,0.0,0.0,0.05,0.0
4766,0.9933333333333333,0.98,0.0,0.0,0.02,0.0
4767,1.0,0.97,0.0,0.0,0.03,0.0
4768,1.0,0.97,0.0,0.0,0.03,0.0
4769,0.9449999999999998,0.97,0.0,0.0,0.03,0.0
4770,0.9566666666666666,0.99,0.0,0.0,0.01,0.0
4771,0.9683333333333332,1.0,0.0,0.0,0.0,0.0
4772,0.983333333333333,1.0,0.0,0.0,0.0,0.0
4773,0.9633333333333332,1.0,0.0,0.0,0.0,0.0
4774,1.0,1.0,0.0,0.0,0.0,0.0
4775,1.0,1.0,0.0,0.0,0.0,0.0
4776,1.0,1.0,0.0,0.0,0.0,0.0
4777,1.0,1.0,0.0,0.0,0.0,0.0
4778,1.0,1.0,0.0,0.0,0.0,0.0
4779,0.9499999999999994,1.0,0.0,0.0,0.0,0.0
4780,0.9566666666666666,1.0,0.0,0.0,0.0,0.0
4781,0.9499999999999997,1.0,0.0,0.0,0.0,0.0
4782,0.9633333333333333,1.0,0.0,0.0,0.0,0.0
4783,0.9616666666666666,1.0,0.0,0.0,0.0,0.0
4784,1.0,1.0,0.0,0.0,0.0,0.0
4785,1.0,1.0,0.0,0.0,0.0,0.0
4786,1.0,0.99,0.0,0.0,0.01,0.0
4787,1.0,0.99,0.0,0.0,0.01,0.0
4788,1.0,1.0,0.0,0.0,0.0,0.0
4789,0.9583333333333331,1.0,0.0,0.0,0.0,0.0
4790,0.9783333333333333,1.0,0.0,0.0,0.0,0.0
4791,0.9466666666666665,1.0,0.0,0.0,0.0,0.0
4792,0.9666666666666666,1.0,0.0,0.0,0.0,0.0
4793,0.9449999999999997,1.0,0.0,0.0,0.0,0.0
4794,1.0,1.0,0.0,0.0,0.0,0.0
4795,1.0,1.0,0.0,0.0,0.0,0.0
4796,1.0,1.0,0.0,0.0,0.0,0.0
4797,1.0,1.0,0.0,0.0,0.0,0.0
4798,1.0,1.0,0.0,0.0,0.0,0.0
4799,0.965,1.0,0.0,0.0,0.0,0.0
4800,0.9666666666666663,1.0,0.0,0.0,0.0,0.0
4801,0.9649999999999999,1.0,0.0,0.0,0.0,0.0
4802,0.9649999999999999,1.0,0.0,0.0,0.0,0.0
4803,0.9666666666666665,1.0,0.0,0.0,0.0,0.0
4804,1.0,1.0,0.0,0.0,0.0,0.0
4805,1.0,1.0,0.0,0.0,0.0,0.0
4806,1.0,1.0,0.0,0.0,0.0,0.0
4807,1.0,1.0,0.0,0.0,0.0,0.0
4808,1.0,1.0,0.0,0.0,0.0,0.0
4809,0.9733333333333332,1.0,0.0,0.0,0.0,0.0
4810,0.9599999999999997,1.0,0.0,0.0,0.0,0.0
4811,0.9716666666666666,1.0,0.0,0.0,0.0,0.0
4812,0.9633333333333328,1.0,0.0,0.0,0.0,0.0
4813,0.9566666666666664,1.0,0.0,0.0,0.0,0.0
4814,1.0,1.0,0.0,0.0,0.0,0.0
4815,1.0,1.0,0.0,0.0,0.0,0.0
4816,1.0,1.0,0.0,0.0,0.0,0.0
4817,1.0,1.0,0.0,0.0,0.0,0.0
4818,1.0,1.0,0.0,0.0,0.0,0.0
4819,0.9649999999999995,1.0,0.0,0.0,0.0,0.0
4820,0.9699999999999999,1.0,0.0,0.0,0.0,0.0
4821,0.9566666666666666,1.0,0.0,0.0,0.0,0.0
4822,0.9666666666666666,1.0,0.0,0.0,0.0,0.0
4823,0.9733333333333333,1.0,0.0,0.0,0.0,0.0
4824,1.0,1.0,0.0,0.0,0.0,0.0
4825,1.0,1.0,0.0,0.0,0.0,0.0
4826,1.0,1.0,0.0,0.0,0.0,0.0
4827,1.0,1.0,0.0,0.0,0.0,0.0
4828,1.0,1.0,0.0,0.0,0.0,0.0
4829,0.9566666666666666,1.0,0.0,0.0,0.0,0.0
4830,0.9599999999999999,1.0,0.0,0.0,0.0,0.0
4831,0.96,1.0,0.0,0.0,0.0,0.0
4832,0.9666666666666666,1.0,0.0,0.0,0.0,0.0
4833,0.9516666666666664,1.0,0.0,0.0,0.0,0.0
4834,1.0,1.0,0.0,0.0,0.0,0.0
4835,1.0,1.0,0.0,0.0,0.0,0.0
4836,1.0,1.0,0.0,0.0,0.0,0.0
4837,1.0,1.0,0.0,0.0,0.0,0.0
4838,1.0,1.0,0.0,0.0,0.0,0.0
4839,0.9633333333333332,1.0,0.0,0.0,0.0,0.0
4840,0.9499999999999997,1.0,0.0,0.0,0.0,0.0
4841,0.9633333333333332,1.0,0.0,0.0,0.0,0.0
4842,0.963333333333333,1.0,0.0,0.0,0.0,0.0
4843,0.9549999999999997,1.0,0.0,0.0,0.0,0.0
4844,1.0,1.0,0.0,0.0,0.0,0.0
4845,1.0,1.0,0.0,0.0,0.0,0.0
4846,1.0,1.0,0.0,0.0,0.0,0.0
4847,1.0,1.0,0.0,0.0,0.0,0.0
4848,1.0,0.99,0.0,0.0,0.01,0.0
4849,0.9649999999999999,1.0,0.0,0.0,0.0,0.0
4850,0.965,1.0,0.0,0.0,0.0,0.0
4851,0.9649999999999999,1.0,0.0,0.0,0.0,0.0
4852,0.9633333333333332,1.0,0.0,0.0,0.0,0.0
4853,0.9716666666666665,1.0,0.0,0.0,0.0,0.0
4854,1.0,1.0,0.0,0.0,0.0,0.0
4855,1.0,1.0,0.0,0.0,0.0,0.0
4856,1.0,1.0,0.0,0.0,0.0,0.0
4857,1.0,1.0,0.0,0.0,0.0,0.0
4858,0.9959332847514198,1.0,0.0,0.0,0.0,0.0
4859,0.9716666666666666,1.0,0.0,0.0,0.0,0.0
4860,0.9699999999999998,1.0,0.0,0.0,0.0,0.0
4861,0.9583333333333331,1.0,0.0,0.0,0.0,0.0
4862,0.9749999999999999,1.0,0.0,0.0,0.0,0.0
4863,0.9666666666666669,1.0,0.0,0.0,0.0,0.0
4864,1.0,1.0,0.0,0.0,0.0,0.0
4865,1.0,1.0,0.0,0.0,0.0,0.0
4866,0.9983333333333333,1.0,0.0,0.0,0.0,0.0
4867,1.0,1.0,0.0,0.0,0.0,0.0
4868,1.0,1.0,0.0,0.0,0.0,0.0
4869,0.9766666666666665,1.0,0.0,0.0,0.0,0.0
4870,0.9593693571103517,1.0,0.0,0.0,0.0,0.0
4871,0.9616666666666667,1.0,0.0,0.0,0.0,0.0
4872,0.9699999999999998,1.0,0.0,0.0,0.0,0.0
4873,0.9616666666666666,1.0,0.0,0.0,0.0,0.0
4874,1.0,1.0,0.0,0.0,0.0,0.0
4875,1.0,1.0,0.0,0.0,0.0,0.0
4876,1.0,1.0,0.0,0.0,0.0,0.0
4877,1.0,1.0,0.0,0.0,0.0,0.0
4878,1.0,1.0,0.0,0.0,0.0,0.0
4879,0.975,1.0,0.0,0.0,0.0,0.0
4880,0.9666666666666665,1.0,0.0,0.0,0.0,0.0
4881,0.9583333333333331,1.0,0.0,0.0,0.0,0.0
4882,0.9666666666666666,1.0,0.0,0.0,0.0,0.0
4883,0.9633333333333333,1.0,0.0,0.0,0.0,0.0
4884,1.0,1.0,0.0,0.0,0.0,0.0
4885,1.0,1.0,0.0,0.0,0.0,0.0
4886,1.0,1.0,0.0,0.0,0.0,0.0
4887,1.0,1.0,0.0,0.0,0.0,0.0
4888,0.995,1.0,0.0,0.0,0.0,0.0
4889,0.9766666666666666,1.0,0.0,0.0,0.0,0.0
4890,0.9616666666666663,0.99,0.0,0.01,0.0,0.0
4891,0.9599999999999999,0.99,0.0,0.01,0.0,0.0
4892,0.9583333333333335,0.98,0.0,0.02,0.0,0.0
4893,0.958333333333333,0.99,0.0,0.01,0.0,0.0
4894,0.9983333333333333,0.99,0.0,0.01,0.0,0.0
4895,1.0,1.0,0.0,0.0,0.0,0.0
4896,1.0,1.0,0.0,0.0,0.0,0.0
4897,0.9933333333333334,1.0,0.0,0.0,0.0,0.0
4898,1.0,1.0,0.0,0.0,0.0,0.0
4899,0.965,1.0,0.0,0.0,0.0,0.0
4900,0.9649999999999999,1.0,0.0,0.0,0.0,0.0
4901,0.9583333333333331,1.0,0.0,0.0,0.0,0.0
4902,0.9549999999999998,1.0,0.0,0.0,0.0,0.0
4903,0.9683333333333333,1.0,0.0,0.0,0.0,0.0
4904,1.0,1.0,0.0,0.0,0.0,0.0
4905,1.0,1.0,0.0,0.0,0.0,0.0
4906,1.0,1.0,0.0,0.0,0.0,0.0
4907,1.0,1.0,0.0,0.0,0.0,0.0
4908,1.0,1.0,0.0,0.0,0.0,0.0
4909,0.9616666666666667,1.0,0.0,0.0,0.0,0.0
4910,0.975,1.0,0.0,0.0,0.0,0.0
4911,0.9716666666666665,1.0,0.0,0.0,0.0,0.0
4912,0.963333333333333,1.0,0.0,0.0,0.0,0.0
4913,0.968333333333333,1.0,0.0,0.0,0.0,0.0
4914,1.0,1.0,0.0,0.0,0.0,0.0
4915,1.0,1.0,0.0,0.0,0.0,0.0
4916,1.0,1.0,0.0,0.0,0.0,0.0
4917,1.0,1.0,0.0,0.0,0.0,0.0
4918,1.0,1.0,0.0,0.0,0.0,0.0
4919,0.9683333333333332,0.99,0.0,0.01,0.0,0.0
4920,0.9616666666666664,1.0,0.0,0.0,0.0,0.0
4921,0.9749999999999999,1.0,0.0,0.0,0.0,0.0
4922,0.9699999999999998,1.0,0.0,0.0,0.0,0.0
4923,0.9533333333333335,1.0,0.0,0.0,0.0,0.0
4924,1.0,1.0,0.0,0.0,0.0,0.0
4925,1.0,1.0,0.0,0.0,0.0,0.0
4926,1.0,1.0,0.0,0.0,0.0,0.0
4927,1.0,1.0,0.0,0.0,0.0,0.0
4928,1.0,1.0,0.0,0.0,0.0,0.0
4929,0.9733333333333332,1.0,0.0,0.0,0.0,0.0
4930,0.96,1.0,0.0,0.0,0.0,0.0
4931,0.97,1.0,0.0,0.0,0.0,0.0
4932,0.9466666666666665,1.0,0.0,0.0,0.0,0.0
4933,0.9633333333333333,1.0,0.0,0.0,0.0,0.0
4934,1.0,1.0,0.0,0.0,0.0,0.0
4935,1.0,1.0,0.0,0.0,0.0,0.0
4936,0.995,1.0,0.0,0.0,0.0,0.0
4937,1.0,1.0,0.0,0.0,0.0,0.0
4938,1.0,0.99,0.0,0.0,0.01,0.0
4939,0.9699999999999998,0.99,0.0,0.0,0.01,0.0
4940,0.9733333333333332,1.0,0.0,0.0,0.0,0.0
4941,0.9633333333333332,0.99,0.0,0.01,0.0,0.0
4942,0.9516666666666665,1.0,0.0,0.0,0.0,0.0
4943,0.9716666666666665,1.0,0.0,0.0,0.0,0.0
4944,1.0,1.0,0.0,0.0,0.0,0.0
4945,1.0,1.0,0.0,0.0,0.0,0.0
4946,1.0,1.0,0.0,0.0,0.0,0.0
4947,1.0,1.0,0.0,0.0,0.0,0.0
4948,1.0,1.0,0.0,0.0,0.0,0.0
4949,0.968333333333333,1.0,0.0,0.0,0.0,0.0
4950,0.9599999999999997,1.0,0.0,0.0,0.0,0.0
4951,0.9849999999999999,1.0,0.0,0.0,0.0,0.0
4952,0.9716666666666666,1.0,0.0,0.0,0.0,0.0
4953,0.9749999999999999,1.0,0.0,0.0,0.0,0.0
4954,1.0,1.0,0.0,0.0,0.0,0.0
4955,1.0,1.0,0.0,0.0,0.0,0.0
4956,1.0,1.0,0.0,0.0,0.0,0.0
4957,1.0,1.0,0.0,0.0,0.0,0.0
4958,1.0,1.0,0.0,0.0,0.0,0.0
4959,0.9783333333333332,1.0,0.0,0.0,0.0,0.0
4960,0.9699999999999999,1.0,0.0,0.0,0.0,0.0
4961,0.97,1.0,0.0,0.0,0.0,0.0
4962,0.9749999999999999,1.0,0.0,0.0,0.0,0.0
4963,0.9566666666666667,1.0,0.0,0.0,0.0,0.0
4964,1.0,1.0,0.0,0.0,0.0,0.0
4965,1.0,1.0,0.0,0.0,0.0,0.0
4966,1.0,1.0,0.0,0.0,0.0,0.0
4967,1.0,1.0,0.0,0.0,0.0,0.0
4968,1.0,1.0,0.0,0.0,0.0,0.0
4969,0.9616666666666663,1.0,0.0,0.0,0.0,0.0
4970,0.9649999999999997,1.0,0.0,0.0,0.0,0.0
4971,0.9766666666666665,1.0,0.0,0.0,0.0,0.0
4972,0.958333333333333,1.0,0.0,0.0,0.0,0.0
4973,0.9766666666666666,1.0,0.0,0.0,0.0,0.0
4974,1.0,1.0,0.0,0.0,0.0,0.0
4975,1.0,1.0,0.0,0.0,0.0,0.0
4976,1.0,1.0,0.0,0.0,0.0,0.0
4977,1.0,1.0,0.0,0.0,0.0,0.0
4978,0.9950635882024909,1.0,0.0,0.0,0.0,0.0
4979,0.9516666666666663,1.0,0.0,0.0,0.0,0.0
4980,0.9649999999999999,1.0,0.0,0.0,0.0,0.0
4981,0.9633333333333334,1.0,0.0,0.0,0.0,0.0
4982,0.9666666666666666,1.0,0.0,0.0,0.0,0.0
4983,0.9533333333333331,1.0,0.0,0.0,0.0,0.0
4984,1.0,1.0,0.0,0.0,0.0,0.0
4985,1.0,1.0,0.01,0.0,0.0,0.0
4986,1.0,0.99,0.01,0.0,0.01,0.0
4987,1.0,0.99,0.0,0.0,0.01,0.0
4988,1.0,1.0,0.0,0.0,0.0,0.0
4989,0.9599999999999999,1.0,0.0,0.0,0.0,0.0
4990,0.9699999999999999,1.0,0.0,0.0,0.0,0.0
4991,0.97,1.0,0.0,0.0,0.0,0.0
4992,0.9699999999999998,1.0,0.0,0.0,0.0,0.0
4993,0.9649999999999997,1.0,0.0,0.0,0.0,0.0
4994,1.0,1.0,0.0,0.0,0.0,0.0
4995,1.0,1.0,0.0,0.0,0.0,0.0
4996,1.0,1.0,0.0,0.0,0.0,0.0
4997,0.9933333333333333,1.0,0.0,0.0,0.0,0.0
4998,1.0,1.0,0.0,0.0,0.0,0.0
4999,0.9716666666666665,1.0,0.0,0.0,0.0,0.0
5000,0.9616666666666666,1.0,0.0,0.0,0.0,0.0
5001,0.9666666666666666,1.0,0.0,0.0,0.0,0.0
5002,0.9616666666666661,1.0,0.0,0.0,0.0,0.0
5003,0.963333333333333,1.0,0.0,0.0,0.0,0.0
5004,1.0,1.0,0.0,0.0,0.0,0.0
5005,1.0,1.0,0.0,0.0,0.0,0.0
5006,1.0,1.0,0.0,0.0,0.0,0.0
5007,1.0,1.0,0.0,0.0,0.0,0.0
5008,0.9933333333333334,0.99,0.0,0.01,0.0,0.0
5009,0.9666666666666667,1.0,0.0,0.0,0.0,0.0
5010,0.9549999999999998,0.99,0.0,0.01,0.0,0.0
5011,0.9583333333333331,0.99,0.0,0.01,0.0,0.0
5012,0.9633333333333333,1.0,0.0,0.0,0.0,0.0
5013,0.9583333333333333,1.0,0.0,0.0,0.0,0.0
5014,1.0,1.0,0.0,0.0,0.0,0.0
5015,1.0,1.0,0.0,0.0,0.0,0.0
5016,1.0,1.0,0.0,0.0,0.0,0.0
5017,1.0,1.0,0.0,0.0,0.0,0.0
5018,1.0,1.0,0.0,0.0,0.0,0.0
5019,0.9533333333333328,1.0,0.0,0.0,0.0,0.0
5020,0.9733333333333333,1.0,0.0,0.0,0.0,0.0
5021,0.9750000000000001,1.0,0.0,0.0,0.0,0.0
5022,0.9583333333333331,1.0,0.0,0.0,0.0,0.0
5023,0.963333333333333,1.0,0.0,0.0,0.0,0.0
5024,1.0,1.0,0.0,0.0,0.0,0.0
5025,1.0,1.0,0.0,0.0,0.0,0.0
5026,1.0,1.0,0.0,0.0,0.0,0.0
5027,1.0,1.0,0.0,0.0,0.0,0.0
5028,1.0,1.0,0.0,0.0,0.0,0.0
5029,0.9449999999999997,1.0,0.0,0.0,0.0,0.0
5030,0.9649999999999999,1.0,0.0,0.0,0.0,0.0
5031,0.9483333333333333,0.99,0.0,0.01,0.0,0.0
5032,0.9666666666666666,0.96,0.0,0.04,0.0,0.0
5033,0.9616666666666664,0.98,0.0,0.02,0.0,0.0
5034,0.9949999999999999,0.98,0.0,0.02,0.0,0.0
5035,0.99,0.98,0.0,0.02,0.0,0.0
5036,0.985,0.97,0.0,0.03,0.0,0.0
5037,0.9783333333333334,0.95,0.0,0.05,0.0,0.0
5038,0.9933333333333334,0.99,0.0,0.01,0.0,0.0
5039,0.9599999999999997,0.99,0.0,0.01,0.0,0.0
5040,0.9616666666666667,0.97,0.0,0.03,0.0,0.0
5041,0.968333333333333,0.99,0.0,0.01,0.0,0.0
5042,0.9749999999999999,0.99,0.0,0.01,0.0,0.0
5043,0.968333333333333,0.99,0.0,0.01,0.0,0.0
5044,0.9866666666666667,0.98,0.0,0.02,0.0,0.0
5045,1.0,1.0,0.0,0.0,0.0,0.0
5046,1.0,1.0,0.0,0.0,0.0,0.0
5047,1.0,1.0,0.0,0.0,0.0,0.0
5048,1.0,1.0,0.0,0.0,0.0,0.0
5049,0.9666666666666665,1.0,0.0,0.0,0.0,0.0
5050,0.955,1.0,0.0,0.0,0.0,0.0
5051,0.9633333333333332,1.0,0.0,0.0,0.0,0.0
5052,0.958333333333333,1.0,0.0,0.0,0.0,0.0
5053,0.9749999999999999,1.0,0.0,0.0,0.0,0.0
5054,0.9983333333333334,1.0,0.01,0.0,0.0,0.0
5055,0.9916666666666667,1.0,0.01,0.0,0.0,0.0
5056,1.0,0.99,0.0,0.0,0.01,0.0
5057,1.0,0.99,0.0,0.0,0.01,0.0
5058,1.0,0.99,0.0,0.0,0.01,0.0
5059,0.9633333333333333,0.99,0.0,0.0,0.01,0.0
5060,0.97,0.99,0.0,0.0,0.01,0.0
5061,0.9583333333333328,1.0,0.0,0.0,0.0,0.0
5062,0.9649999999999999,1.0,0.0,0.0,0.0,0.0
5063,0.9633333333333332,1.0,0.0,0.0,0.0,0.0
5064,1.0,1.0,0.0,0.0,0.0,0.0
5065,1.0,1.0,0.0,0.0,0.0,0.0
5066,1.0,1.0,0.0,0.0,0.0,0.0
5067,1.0,1.0,0.0,0.0,0.0,0.0
5068,1.0,1.0,0.0,0.0,0.0,0.0
5069,0.9733333333333332,1.0,0.0,0.0,0.0,0.0
5070,0.9716666666666665,1.0,0.0,0.0,0.0,0.0
5071,0.9666666666666667,1.0,0.0,0.0,0.0,0.0
5072,0.9683333333333332,1.0,0.0,0.0,0.0,0.0
5073,0.9683333333333333,1.0,0.0,0.0,0.0,0.0
5074,1.0,1.0,0.0,0.0,0.0,0.0
5075,1.0,1.0,0.0,0.0,0.0,0.0
5076,1.0,1.0,0.0,0.0,0.0,0.0
5077,1.0,1.0,0.0,0.0,0.0,0.0
5078,1.0,1.0,0.0,0.0,0.0,0.0
5079,0.9616666666666666,1.0,0.0,0.0,0.0,0.0
5080,0.955,1.0,0.0,0.0,0.0,0.0
5081,0.9633333333333332,1.0,0.0,0.0,0.0,0.0
5082,0.9683333333333332,1.0,0.0,0.0,0.0,0.0
5083,0.9699999999999998,1.0,0.0,0.0,0.0,0.0
5084,1.0,1.0,0.01,0.0,0.0,0.0
5085,1.0,1.0,0.0,0.0,0.0,0.0
5086,1.0,1.0,0.0,0.0,0.0,0.0
5087,0.9978083680315828,0.99,0.0,0.01,0.0,0.0
5088,0.9983333333333333,0.98,0.0,0.01,0.01,0.0
5089,0.9649999999999997,0.99,0.0,0.0,0.01,0.0
5090,0.9616666666666663,0.99,0.0,0.0,0.01,0.0
5091,0.9616666666666664,0.99,0.0,0.0,0.01,0.0
5092,0.9649999999999994,1.0,0.0,0.0,0.0,0.0
5093,0.9649999999999997,1.0,0.0,0.0,0.0,0.0
5094,1.0,1.0,0.0,0.0,0.0,0.0
5095,1.0,1.0,0.0,0.0,0.0,0.0
5096,1.0,1.0,0.0,0.0,0.0,0.0
5097,1.0,1.0,0.0,0.0,0.0,0.0
5098,0.9983333333333334,1.0,0.0,0.0,0.0,0.0
5099,0.9599999999999997,1.0,0.0,0.0,0.0,0.0
5100,0.9633333333333332,1.0,0.0,0.0,0.0,0.0
5101,0.958333333333333,1.0,0.0,0.0,0.0,0.0
5102,0.9633333333333333,1.0,0.0,0.0,0.0,0.0
5103,0.9633333333333333,0.99,0.0,0.0,0.01,0.0
5104,1.0,0.99,0.0,0.0,0.01,0.0
5105,0.9933333333333334,0.96,0.0,0.01,0.03,0.0
5106,1.0,0.98,0.0,0.0,0.02,0.0
5107,1.0,0.95,0.0,0.0,0.05,0.0
5108,1.0,0.96,0.0,0.0,0.04,0.0
5109,0.9316666666666664,0.94,0.0,0.01,0.05,0.0
5110,0.9616666666666667,0.97,0.0,0.02,0.01,0.0
5111,0.9666666666666666,0.99,0.0,0.01,0.0,0.0
5112,0.9733333333333333,0.97,0.0,0.03,0.0,0.0
5113,0.9766666666666665,0.95,0.0,0.05,0.0,0.0
5114,0.9883333333333333,0.97,0.0,0.03,0.0,0.0
5115,0.9866666666666666,0.96,0.0,0.04,0.0,0.0
5116,0.98,0.95,0.0,0.05,0.0,0.0
5117,0.9750000000000001,0.94,0.0,0.06,0.0,0.0
5118,0.9766666666666667,0.95,0.0,0.05,0.0,0.0
5119,0.9633333333333332,0.98,0.0,0.02,0.0,0.0
5120,0.9633333333333332,0.97,0.0,0.03,0.0,0.0
5121,0.968333333333333,0.97,0.0,0.03,0.0,0.0
5122,0.9766666666666667,1.0,0.0,0.0,0.0,0.0
5123,0.9716666666666665,1.0,0.0,0.0,0.0,0.0
5124,1.0,1.0,0.0,0.0,0.0,0.0
5125,1.0,1.0,0.0,0.0,0.0,0.0
5126,1.0,1.0,0.0,0.0,0.0,0.0
5127,1.0,1.0,0.0,0.0,0.0,0.0
5128,1.0,1.0,0.0,0.0,0.0,0.0
5129,0.968333333333333,1.0,0.0,0.0,0.0,0.0
5130,0.9599999999999997,1.0,0.0,0.0,0.0,0.0
5131,0.95,0.99,0.0,0.0,0.01,0.0
5132,0.96,0.99,0.0,0.0,0.01,0.0
5133,0.9633333333333332,1.0,0.0,0.0,0.0,0.0
5134,1.0,1.0,0.0,0.0,0.0,0.0
5135,1.0,1.0,0.0,0.0,0.0,0.0
5136,1.0,1.0,0.0,0.0,0.0,0.0
5137,1.0,1.0,0.0,0.0,0.0,0.0
5138,1.0,1.0,0.0,0.0,0.0,0.0
5139,0.9433333333333331,1.0,0.0,0.0,0.0,0.0
5140,0.963333333333333,1.0,0.0,0.0,0.0,0.0
5141,0.958333333333333,1.0,0.0,0.0,0.0,0.0
5142,0.9666666666666667,0.99,0.0,0.0,0.01,0.0
5143,0.9633333333333334,1.0,0.0,0.0,0.0,0.0
5144,1.0,1.0,0.0,0.0,0.0,0.0
5145,1.0,1.0,0.0,0.0,0.0,0.0
5146,0.995,0.99,0.0,0.01,0.0,0.0
5147,0.995,0.99,0.0,0.01,0.0,0.0
5148,1.0,1.0,0.0,0.0,0.0,0.0
5149,0.9666666666666663,1.0,0.0,0.0,0.0,0.0
5150,0.9683333333333332,1.0,0.0,0.0,0.0,0.0
5151,0.9633333333333328,1.0,0.0,0.0,0.0,0.0
5152,0.9749999999999998,1.0,0.0,0.0,0.0,0.0
5153,0.9583333333333335,1.0,0.0,0.0,0.0,0.0
5154,1.0,1.0,0.0,0.0,0.0,0.0
5155,1.0,1.0,0.0,0.0,0.0,0.0
5156,1.0,1.0,0.0,0.0,0.0,0.0
5157,0.995,0.99,0.0,0.01,0.0,0.0
5158,1.0,1.0,0.0,0.0,0.0,0.0
5159,0.9733333333333332,0.99,0.0,0.01,0.0,0.0
5160,0.9566666666666666,0.99,0.0,0.01,0.0,0.0
5161,0.9766666666666665,0.99,0.0,0.01,0.0,0.0
5162,0.9699999999999998,0.99,0.0,0.01,0.0,0.0
5163,0.9666666666666666,1.0,0.0,0.0,0.0,0.0
5164,1.0,1.0,0.0,0.0,0.0,0.0
5165,1.0,1.0,0.0,0.0,0.0,0.0
5166,1.0,1.0,0.0,0.0,0.0,0.0
5167,1.0,1.0,0.0,0.0,0.0,0.0
5168,1.0,1.0,0.0,0.0,0.0,0.0
5169,0.9616666666666664,1.0,0.0,0.0,0.0,0.0
5170,0.9749999999999995,1.0,0.0,0.0,0.0,0.0
5171,0.9749999999999998,1.0,0.0,0.0,0.0,0.0
5172,0.9666666666666666,0.99,0.0,0.01,0.0,0.0
5173,0.9616666666666667,0.98,0.0,0.02,0.0,0.0
5174,0.9716666666666667,0.94,0.0,0.06,0.0,0.0
5175,0.9749999999999999,0.97,0.0,0.03,0.0,0.0
5176,1.0,1.0,0.0,0.0,0.0,0.0
5177,1.0,1.0,0.0,0.0,0.0,0.0
5178,1.0,0.99,0.0,0.0,0.01,0.0
5179,0.9566666666666664,1.0,0.0,0.0,0.0,0.0
5180,0.9683333333333332,1.0,0.0,0.0,0.0,0.0
5181,0.9666666666666665,1.0,0.0,0.0,0.0,0.0
5182,0.9616666666666666,1.0,0.0,0.0,0.0,0.0
5183,0.9599999999999999,1.0,0.0,0.0,0.0,0.0
5184,1.0,1.0,0.0,0.0,0.0,0.0
5185,1.0,1.0,0.0,0.0,0.0,0.0
5186,1.0,1.0,0.0,0.0,0.0,0.0
5187,1.0,1.0,0.0,0.0,0.0,0.0
5188,1.0,1.0,0.0,0.0,0.0,0.0
5189,0.9649999999999997,1.0,0.0,0.0,0.0,0.0
5190,0.955,1.0,0.0,0.0,0.0,0.0
5191,0.9549999999999997,1.0,0.0,0.0,0.0,0.0
5192,0.9549999999999997,1.0,0.0,0.0,0.0,0.0
5193,0.9599999999999995,1.0,0.0,0.0,0.0,0.0
5194,1.0,1.0,0.0,0.0,0.0,0.0
5195,1.0,1.0,0.0,0.0,0.0,0.0
5196,1.0,1.0,0.0,0.0,0.0,0.0
5197,1.0,1.0,0.0,0.0,0.0,0.0
5198,1.0,1.0,0.0,0.0,0.0,0.0
5199,0.9699999999999999,1.0,0.0,0.0,0.0,0.0
5200,0.9716666666666665,1.0,0.0,0.0,0.0,0.0
5201,0.9633333333333332,1.0,0.0,0.0,0.0,0.0
5202,0.9649999999999995,1.0,0.0,0.0,0.0,0.0
5203,0.9549999999999996,1.0,0.0,0.0,0.0,0.0
5204,1.0,1.0,0.0,0.0,0.0,0.0
5205,1.0,1.0,0.0,0.0,0.0,0.0
5206,1.0,1.0,0.0,0.0,0.0,0.0
5207,1.0,1.0,0.0,0.0,0.0,0.0
5208,1.0,1.0,0.0,0.0,0.0,0.0
5209,0.9599999999999999,1.0,0.0,0.0,0.0,0.0
5210,0.9599999999999997,1.0,0.0,0.0,0.0,0.0
5211,0.9633333333333328,0.99,0.0,0.01,0.0,0.0
5212,0.9649999999999999,0.99,0.0,0.01,0.0,0.0
5213,0.9566666666666666,0.98,0.0,0.02,0.0,0.0
5214,0.9933333333333333,0.98,0.0,0.02,0.0,0.0
5215,0.9916666666666667,0.98,0.0,0.02,0.0,0.0
5216,0.9866666666666667,0.98,0.0,0.02,0.0,0.0
5217,1.0,1.0,0.0,0.0,0.0,0.0
5218,0.995,0.99,0.0,0.01,0.0,0.0
5219,0.9549999999999998,1.0,0.0,0.0,0.0,0.0
5220,0.9599999999999999,1.0,0.0,0.0,0.0,0.0
5221,0.9583333333333331,1.0,0.0,0.0,0.0,0.0
5222,0.9683333333333332,1.0,0.0,0.0,0.0,0.0
5223,0.9733333333333332,1.0,0.0,0.0,0.0,0.0
5224,1.0,1.0,0.0,0.0,0.0,0.0
5225,1.0,1.0,0.0,0.0,0.0,0.0
5226,1.0,0.99,0.0,0.0,0.01,0.0
5227,1.0,0.97,0.0,0.0,0.03,0.0
5228,1.0,0.99,0.0,0.0,0.01,0.0
5229,0.9433333333333331,0.94,0.0,0.0,0.06,0.0
5230,0.9599999999999997,0.98,0.0,0.0,0.02,0.0
5231,0.9666666666666663,1.0,0.0,0.0,0.0,0.0
5232,0.9699999999999995,1.0,0.0,0.0,0.0,0.0
5233,0.9733333333333333,1.0,0.0,0.0,0.0,0.0
5234,1.0,1.0,0.0,0.0,0.0,0.0
5235,1.0,1.0,0.0,0.0,0.0,0.0
5236,1.0,1.0,0.0,0.0,0.0,0.0
5237,1.0,1.0,0.01,0.0,0.0,0.0
5238,1.0,1.0,0.01,0.0,0.0,0.0
5239,0.9683333333333333,1.0,0.01,0.0,0.0,0.0
5240,0.9549999999999997,1.0,0.01,0.0,0.0,0.0
5241,0.9566666666666664,1.0,0.02,0.0,0.0,0.0
5242,0.968333333333333,1.0,0.0,0.0,0.0,0.0
5243,0.9699999999999999,1.0,0.0,0.0,0.0,0.0
5244,1.0,1.0,0.0,0.0,0.0,0.0
5245,1.0,1.0,0.0,0.0,0.0,0.0
5246,1.0,1.0,0.0,0.0,0.0,0.0
5247,1.0,1.0,0.0,0.0,0.0,0.0
5248,1.0,1.0,0.0,0.0,0.0,0.0
5249,0.973333333333333,1.0,0.0,0.0,0.0,0.0
5250,0.9616666666666666,1.0,0.0,0.0,0.0,0.0
5251,0.965,0.99,0.0,0.0,0.01,0.0
5252,0.9633333333333332,1.0,0.0,0.0,0.0,0.0
5253,0.9533333333333328,1.0,0.0,0.0,0.0,0.0
5254,1.0,1.0,0.0,0.0,0.0,0.0
5255,1.0,1.0,0.0,0.0,0.0,0.0
5256,1.0,1.0,0.0,0.0,0.0,0.0
5257,1.0,1.0,0.0,0.0,0.0,0.0
5258,1.0,1.0,0.0,0.0,0.0,0.0
5259,0.9699999999999998,1.0,0.0,0.0,0.0,0.0
5260,0.9550000000000002,1.0,0.0,0.0,0.0,0.0
5261,0.9616666666666664,1.0,0.0,0.0,0.0,0.0
5262,0.9583333333333333,1.0,0.0,0.0,0.0,0.0
5263,0.9633333333333332,1.0,0.0,0.0,0.0,0.0
5264,1.0,1.0,0.0,0.0,0.0,0.0
5265,1.0,1.0,0.0,0.0,0.0,0.0
5266,1.0,1.0,0.0,0.0,0.0,0.0
5267,1.0,1.0,0.0,0.0,0.0,0.0
5268,1.0,1.0,0.0,0.0,0.0,0.0
5269,0.955,1.0,0.0,0.0,0.0,0.0
5270,0.9733333333333332,1.0,0.0,0.0,0.0,0.0
5271,0.9599999999999999,1.0,0.0,0.0,0.0,0.0
5272,0.9549999999999998,1.0,0.0,0.0,0.0,0.0
5273,0.9616666666666664,1.0,0.0,0.0,0.0,0.0
5274,1.0,1.0,0.0,0.0,0.0,0.0
5275,1.0,0.99,0.0,0.0,0.01,0.0
5276,1.0,0.98,0.0,0.0,0.02,0.0
5277,1.0,0.99,0.0,0.0,0.01,0.0
5278,1.0,0.98,0.0,0.0,0.02,0.0
5279,0.9633333333333332,1.0,0.0,0.0,0.0,0.0
5280,0.9716666666666665,1.0,0.0,0.0,0.0,0.0
5281,0.9749999999999999,1.0,0.0,0.0,0.0,0.0
5282,0.9516666666666665,1.0,0.0,0.0,0.0,0.0
5283,0.9416666666666665,1.0,0.0,0.0,0.0,0.0
5284,1.0,1.0,0.0,0.0,0.0,0.0
5285,1.0,1.0,0.0,0.0,0.0,0.0
5286,0.995,0.99,0.0,0.01,0.0,0.0
5287,1.0,1.0,0.0,0.0,0.0,0.0
5288,0.995,0.99,0.0,0.01,0.0,0.0
5289,0.9633333333333332,0.97,0.0,0.03,0.0,0.0
5290,0.9616666666666666,0.94,0.0,0.06,0.0,0.0
5291,0.9616666666666667,0.95,0.0,0.05,0.0,0.0
5292,0.9683333333333333,0.96,0.0,0.04,0.0,0.0
5293,0.975,0.95,0.0,0.05,0.0,0.0
5294,0.96,0.93,0.0,0.07,0.0,0.0
5295,0.9883333333333334,0.98,0.0,0.02,0.0,0.0
5296,0.995,0.99,0.0,0.01,0.0,0.0
5297,0.995,0.99,0.0,0.01,0.0,0.0
5298,0.995,0.99,0.0,0.01,0.0,0.0
5299,0.935,1.0,0.0,0.0,0.0,0.0
5300,0.9599999999999999,1.0,0.0,0.0,0.0,0.0
5301,0.9499999999999998,1.0,0.0,0.0,0.0,0.0
5302,0.946666666666666,1.0,0.0,0.0,0.0,0.0
5303,0.9466666666666664,1.0,0.0,0.0,0.0,0.0
5304,1.0,1.0,0.0,0.0,0.0,0.0
5305,1.0,1.0,0.0,0.0,0.0,0.0
5306,1.0,1.0,0.0,0.0,0.0,0.0
5307,1.0,1.0,0.0,0.0,0.0,0.0
5308,1.0,1.0,0.0,0.0,0.0,0.0
5309,0.9683333333333333,1.0,0.0,0.0,0.0,0.0
5310,0.9566666666666666,1.0,0.0,0.0,0.0,0.0
5311,0.9566666666666664,1.0,0.0,0.0,0.0,0.0
5312,0.9583333333333331,1.0,0.0,0.0,0.0,0.0
5313,0.9599999999999999,1.0,0.0,0.0,0.0,0.0
5314,1.0,1.0,0.0,0.0,0.0,0.0
5315,1.0,1.0,0.0,0.0,0.0,0.0
5316,1.0,1.0,0.0,0.0,0.0,0.0
5317,1.0,1.0,0.0,0.0,0.0,0.0
5318,1.0,1.0,0.0,0.0,0.0,0.0
5319,0.9749999999999999,1.0,0.0,0.0,0.0,0.0
5320,0.9633333333333332,1.0,0.0,0.0,0.0,0.0
5321,0.9549999999999998,1.0,0.0,0.0,0.0,0.0
5322,0.9799999999999999,1.0,0.0,0.0,0.0,0.0
5323,0.9633333333333332,1.0,0.0,0.0,0.0,0.0
5324,1.0,1.0,0.0,0.0,0.0,0.0
5325,1.0,1.0,0.0,0.0,0.0,0.0
5326,1.0,1.0,0.0,0.0,0.0,0.0
5327,1.0,1.0,0.0,0.0,0.0,0.0
5328,1.0,1.0,0.0,0.0,0.0,0.0
5329,0.9666666666666665,1.0,0.0,0.0,0.0,0.0
5330,0.9533333333333331,1.0,0.0,0.0,0.0,0.0
5331,0.953333333333333,1.0,0.0,0.0,0.0,0.0
5332,0.9666666666666663,1.0,0.0,0.0,0.0,0.0
5333,0.9499999999999997,0.99,0.0,0.01,0.0,0.0
5334,0.9966666666666667,0.98,0.0,0.02,0.0,0.0
5335,0.9966666666666666,0.98,0.0,0.02,0.0,0.0
5336,1.0,1.0,0.0,0.0,0.0,0.0
5337,1.0,1.0,0.0,0.0,0.0,0.0
5338,1.0,1.0,0.0,0.0,0.0,0.0
5339,0.9599999999999997,1.0,0.0,0.0,0.0,0.0
5340,0.9699999999999999,1.0,0.0,0.0,0.0,0.0
5341,0.9633333333333332,1.0,0.0,0.0,0.0,0.0
5342,0.9549999999999998,1.0,0.0,0.0,0.0,0.0
5343,0.9566666666666663,1.0,0.0,0.0,0.0,0.0
5344,1.0,1.0,0.0,0.0,0.0,0.0
5345,1.0,1.0,0.0,0.0,0.0,0.0
5346,1.0,1.0,0.0,0.0,0.0,0.0
5347,0.9983333333333333,1.0,0.0,0.0,0.0,0.0
5348,0.995,1.0,0.0,0.0,0.0,0.0
5349,0.9616666666666666,1.0,0.0,0.0,0.0,0.0
5350,0.9516666666666664,1.0,0.0,0.0,0.0,0.0
5351,0.9633333333333332,1.0,0.0,0.0,0.0,0.0
5352,0.9649999999999999,1.0,0.0,0.0,0.0,0.0
5353,0.9699999999999998,1.0,0.0,0.0,0.0,0.0
5354,1.0,1.0,0.0,0.0,0.0,0.0
5355,1.0,1.0,0.0,0.0,0.0,0.0
5356,1.0,1.0,0.0,0.0,0.0,0.0
5357,1.0,1.0,0.0,0.0,0.0,0.0
5358,1.0,1.0,0.0,0.0,0.0,0.0
5359,0.9583333333333333,1.0,0.0,0.0,0.0,0.0
5360,0.9683333333333332,1.0,0.0,0.0,0.0,0.0
5361,0.9566666666666661,1.0,0.0,0.0,0.0,0.0
5362,0.9466666666666665,1.0,0.0,0.0,0.0,0.0
5363,0.9599999999999997,1.0,0.0,0.0,0.0,0.0
5364,1.0,1.0,0.0,0.0,0.0,0.0
5365,1.0,1.0,0.0,0.0,0.0,0.0
5366,1.0,1.0,0.0,0.0,0.0,0.0
5367,1.0,1.0,0.0,0.0,0.0,0.0
5368,1.0,1.0,0.0,0.0,0.0,0.0
5369,0.9566666666666666,1.0,0.0,0.0,0.0,0.0
5370,0.9666666666666666,1.0,0.0,0.0,0.0,0.0
5371,0.9616666666666666,1.0,0.0,0.0,0.0,0.0
5372,0.9666666666666666,0.99,0.0,0.0,0.01,0.0
5373,0.958333333333333,1.0,0.0,0.0,0.0,0.0
5374,1.0,1.0,0.0,0.0,0.0,0.0
5375,1.0,1.0,0.0,0.0,0.0,0.0
5376,1.0,1.0,0.0,0.0,0.0,0.0
5377,1.0,1.0,0.0,0.0,0.0,0.0
5378,1.0,1.0,0.0,0.0,0.0,0.0
5379,0.9599999999999999,1.0,0.0,0.0,0.0,0.0
5380,0.965,1.0,0.0,0.0,0.0,0.0
5381,0.958333333333333,1.0,0.0,0.0,0.0,0.0
5382,0.9533333333333333,1.0,0.0,0.0,0.0,0.0
5383,0.9433333333333335,1.0,0.0,0.0,0.0,0.0
5384,1.0,1.0,0.0,0.0,0.0,0.0
5385,1.0,1.0,0.0,0.0,0.0,0.0
5386,1.0,1.0,0.0,0.0,0.0,0.0
5387,1.0,1.0,0.0,0.0,0.0,0.0
5388,1.0,1.0,0.0,0.0,0.0,0.0
5389,0.948333333333333,1.0,0.0,0.0,0.0,0.0
5390,0.9650000000000002,0.99,0.0,0.01,0.0,0.0
5391,0.9616666666666664,0.98,0.0,0.02,0.0,0.0
5392,0.9583333333333327,1.0,0.0,0.0,0.0,0.0
5393,0.9633333333333332,1.0,0.0,0.0,0.0,0.0
5394,1.0,1.0,0.0,0.0,0.0,0.0
5395,1.0,1.0,0.0,0.0,0.0,0.0
5396,1.0,1.0,0.0,0.0,0.0,0.0
5397,1.0,1.0,0.0,0.0,0.0,0.0
5398,1.0,1.0,0.0,0.0,0.0,0.0
5399,0.9533333333333333,1.0,0.0,0.0,0.0,0.0
5400,0.9549999999999997,1.0,0.0,0.0,0.0,0.0
5401,0.9366666666666668,1.0,0.0,0.0,0.0,0.0
5402,0.9583333333333333,1.0,0.0,0.0,0.0,0.0
5403,0.9649999999999997,1.0,0.0,0.0,0.0,0.0
5404,1.0,1.0,0.0,0.0,0.0,0.0
5405,1.0,1.0,0.0,0.0,0.0,0.0
5406,1.0,1.0,0.0,0.0,0.0,0.0
5407,1.0,1.0,0.0,0.0,0.0,0.0
5408,1.0,1.0,0.0,0.0,0.0,0.0
5409,0.9416666666666665,1.0,0.0,0.0,0.0,0.0
5410,0.9566666666666664,1.0,0.0,0.0,0.0,0.0
5411,0.953333333333333,1.0,0.0,0.0,0.0,0.0
5412,0.9499999999999997,1.0,0.0,0.0,0.0,0.0
5413,0.975,1.0,0.0,0.0,0.0,0.0
5414,1.0,1.0,0.0,0.0,0.0,0.0
5415,1.0,1.0,0.0,0.0,0.0,0.0
5416,1.0,1.0,0.0,0.0,0.0,0.0
5417,1.0,1.0,0.0,0.0,0.0,0.0
5418,0.9983333333333334,0.99,0.0,0.01,0.0,0.0
5419,0.9549999999999996,0.99,0.0,0.01,0.0,0.0
5420,0.9616666666666666,0.99,0.0,0.01,0.0,0.0
5421,0.9749999999999999,0.98,0.0,0.02,0.0,0.0
5422,0.958333333333333,0.98,0.0,0.02,0.0,0.0
5423,0.9599999999999997,0.99,0.0,0.01,0.0,0.0
5424,0.9966666666666667,0.98,0.0,0.02,0.0,0.0
5425,1.0,1.0,0.0,0.0,0.0,0.0
5426,1.0,1.0,0.0,0.0,0.0,0.0
5427,1.0,1.0,0.0,0.0,0.0,0.0
5428,1.0,1.0,0.0,0.0,0.0,0.0
5429,0.9616666666666663,1.0,0.0,0.0,0.0,0.0
5430,0.9583333333333331,1.0,0.0,0.0,0.0,0.0
5431,0.938333333333333,1.0,0.0,0.0,0.0,0.0
5432,0.9666666666666667,1.0,0.0,0.0,0.0,0.0
5433,0.9633333333333333,1.0,0.0,0.0,0.0,0.0
5434,0.9933333333333334,0.99,0.0,0.01,0.0,0.0
5435,1.0,1.0,0.0,0.0,0.0,0.0
5436,1.0,1.0,0.0,0.0,0.0,0.0
5437,1.0,1.0,0.0,0.0,0.0,0.0
5438,1.0,1.0,0.0,0.0,0.0,0.0
5439,0.9566666666666666,1.0,0.0,0.0,0.0,0.0
5440,0.9516666666666663,1.0,0.0,0.0,0.0,0.0
5441,0.9683333333333332,1.0,0.0,0.0,0.0,0.0
5442,0.9649999999999999,1.0,0.0,0.0,0.0,0.0
5443,0.9616666666666666,0.99,0.0,0.01,0.0,0.0
5444,0.995,0.99,0.0,0.01,0.0,0.0
5445,0.9933333333333334,0.98,0.0,0.02,0.0,0.0
5446,0.995,0.99,0.0,0.01,0.0,0.0
5447,1.0,1.0,0.0,0.0,0.0,0.0
5448,1.0,1.0,0.0,0.0,0.0,0.0
5449,0.9633333333333332,1.0,0.0,0.0,0.0,0.0
5450,0.9599999999999997,1.0,0.0,0.0,0.0,0.0
5451,0.95,1.0,0.0,0.0,0.0,0.0
5452,0.948333333333333,1.0,0.0,0.0,0.0,0.0
5453,0.9383333333333329,1.0,0.0,0.0,0.0,0.0
5454,1.0,1.0,0.0,0.0,0.0,0.0
5455,1.0,1.0,0.0,0.0,0.0,0.0
5456,1.0,1.0,0.0,0.0,0.0,0.0
5457,1.0,1.0,0.0,0.0,0.0,0.0
5458,1.0,1.0,0.0,0.0,0.0,0.0
5459,0.9499999999999998,1.0,0.0,0.0,0.0,0.0
5460,0.9483333333333333,0.99,0.0,0.01,0.0,0.0
5461,0.9483333333333327,0.99,0.0,0.01,0.0,0.0
5462,0.9538390246547506,0.97,0.0,0.02,0.01,0.0
5463,0.9633333333333333,0.97,0.0,0.03,0.0,0.0
5464,0.9983333333333334,0.99,0.0,0.01,0.0,0.0
5465,1.0,1.0,0.0,0.0,0.0,0.0
5466,1.0,1.0,0.0,0.0,0.0,0.0
5467,1.0,1.0,0.0,0.0,0.0,0.0
5468,1.0,1.0,0.0,0.0,0.0,0.0
5469,0.9499999999999997,0.99,0.0,0.0,0.01,0.0
5470,0.9516666666666667,1.0,0.0,0.0,0.0,0.0
5471,0.948333333333333,1.0,0.0,0.0,0.0,0.0
5472,0.9516666666666664,0.99,0.0,0.0,0.01,0.0
5473,0.9633333333333333,1.0,0.0,0.0,0.0,0.0
5474,1.0,1.0,0.0,0.0,0.0,0.0
5475,1.0,1.0,0.0,0.0,0.0,0.0
5476,1.0,1.0,0.0,0.0,0.0,0.0
5477,1.0,1.0,0.0,0.0,0.0,0.0
5478,1.0,1.0,0.0,0.0,0.0,0.0
5479,0.9516666666666664,1.0,0.0,0.0,0.0,0.0
5480,0.9599999999999997,1.0,0.0,0.0,0.0,0.0
5481,0.9399999999999998,1.0,0.0,0.0,0.0,0.0
5482,0.9633333333333332,0.99,0.0,0.01,0.0,0.0
5483,0.9666666666666666,1.0,0.0,0.0,0.0,0.0
5484,1.0,1.0,0.0,0.0,0.0,0.0
5485,1.0,1.0,0.0,0.0,0.0,0.0
5486,0.9933333333333334,1.0,0.0,0.0,0.0,0.0
5487,1.0,1.0,0.0,0.0,0.0,0.0
5488,0.9916666666666666,1.0,0.0,0.0,0.0,0.0
5489,0.9466666666666665,1.0,0.0,0.0,0.0,0.0
5490,0.9466666666666664,1.0,0.0,0.0,0.0,0.0
5491,0.9499999999999997,1.0,0.0,0.0,0.0,0.0
5492,0.9699999999999998,1.0,0.0,0.0,0.0,0.0
5493,0.9516666666666663,1.0,0.0,0.0,0.0,0.0
5494,1.0,1.0,0.0,0.0,0.0,0.0
5495,1.0,1.0,0.0,0.0,0.0,0.0
5496,1.0,1.0,0.0,0.0,0.0,0.0
5497,1.0,1.0,0.0,0.0,0.0,0.0
5498,1.0,1.0,0.0,0.0,0.0,0.0
5499,0.9583333333333331,1.0,0.0,0.0,0.0,0.0
5500,0.9316666666666664,1.0,0.0,0.0,0.0,0.0
5501,0.9633333333333332,1.0,0.0,0.0,0.0,0.0
5502,0.9516666666666663,1.0,0.0,0.0,0.0,0.0
5503,0.9499999999999998,1.0,0.0,0.0,0.0,0.0
5504,1.0,1.0,0.0,0.0,0.0,0.0
5505,0.995,0.99,0.0,0.01,0.0,0.0
5506,1.0,1.0,0.0,0.0,0.0,0.0
5507,1.0,1.0,0.0,0.0,0.0,0.0
5508,1.0,1.0,0.0,0.0,0.0,0.0
5509,0.9633333333333332,1.0,0.0,0.0,0.0,0.0
5510,0.9616666666666664,1.0,0.0,0.0,0.0,0.0
5511,0.9499999999999997,1.0,0.0,0.0,0.0,0.0
5512,0.9583333333333331,1.0,0.0,0.0,0.0,0.0
5513,0.958333333333333,1.0,0.0,0.0,0.0,0.0
5514,1.0,1.0,0.0,0.0,0.0,0.0
5515,1.0,1.0,0.0,0.0,0.0,0.0
5516,0.995,0.99,0.0,0.01,0.0,0.0
5517,1.0,1.0,0.0,0.0,0.0,0.0
5518,1.0,1.0,0.0,0.0,0.0,0.0
5519,0.9616666666666667,1.0,0.0,0.0,0.0,0.0
5520,0.9649999999999997,1.0,0.0,0.0,0.0,0.0
5521,0.9533333333333331,1.0,0.0,0.0,0.0,0.0
5522,0.9566666666666664,1.0,0.0,0.0,0.0,0.0
5523,0.943333333333333,1.0,0.0,0.0,0.0,0.0
5524,1.0,1.0,0.0,0.0,0.0,0.0
5525,1.0,1.0,0.0,0.0,0.0,0.0
5526,1.0,1.0,0.0,0.0,0.0,0.0
5527,1.0,1.0,0.0,0.0,0.0,0.0
5528,1.0,1.0,0.0,0.0,0.0,0.0
5529,0.9649999999999999,1.0,0.0,0.0,0.0,0.0
5530,0.963333333333333,1.0,0.0,0.0,0.0,0.0
5531,0.9416666666666661,1.0,0.0,0.0,0.0,0.0
5532,0.9416666666666665,1.0,0.0,0.0,0.0,0.0
5533,0.9533333333333331,1.0,0.0,0.0,0.0,0.0
5534,1.0,1.0,0.0,0.0,0.0,0.0
5535,1.0,1.0,0.0,0.0,0.0,0.0
5536,1.0,1.0,0.0,0.0,0.0,0.0
5537,1.0,1.0,0.0,0.0,0.0,0.0
5538,1.0,1.0,0.0,0.0,0.0,0.0
5539,0.9616666666666667,1.0,0.0,0.0,0.0,0.0
5540,0.955,1.0,0.0,0.0,0.0,0.0
5541,0.9536193991939386,1.0,0.0,0.0,0.0,0.0
5542,0.9566666666666664,1.0,0.0,0.0,0.0,0.0
5543,0.94,1.0,0.0,0.0,0.0,0.0
5544,1.0,1.0,0.0,0.0,0.0,0.0
5545,1.0,1.0,0.0,0.0,0.0,0.0
5546,1.0,1.0,0.0,0.0,0.0,0.0
5547,1.0,1.0,0.0,0.0,0.0,0.0
5548,1.0,1.0,0.0,0.0,0.0,0.0
5549,0.9499999999999997,1.0,0.0,0.0,0.0,0.0
5550,0.9600000000000002,1.0,0.0,0.0,0.0,0.0
5551,0.9316666666666668,0.99,0.0,0.0,0.01,0.0
5552,0.9433333333333331,1.0,0.0,0.0,0.0,0.0
5553,0.9549999999999997,1.0,0.0,0.0,0.0,0.0
5554,1.0,1.0,0.0,0.0,0.0,0.0
5555,1.0,1.0,0.0,0.0,0.0,0.0
5556,0.9933333333333334,0.99,0.0,0.01,0.0,0.0
5557,1.0,1.0,0.0,0.0,0.0,0.0
5558,1.0,1.0,0.0,0.0,0.0,0.0
5559,0.953333333333333,0.99,0.0,0.01,0.0,0.0
5560,0.9533333333333331,0.99,0.0,0.01,0.0,0.0
5561,0.9633333333333334,0.97,0.0,0.03,0.0,0.0
5562,0.963333333333333,0.98,0.0,0.02,0.0,0.0
5563,0.9633333333333334,1.0,0.0,0.0,0.0,0.0
5564,1.0,1.0,0.0,0.0,0.0,0.0
5565,1.0,1.0,0.0,0.0,0.0,0.0
5566,1.0,1.0,0.0,0.0,0.0,0.0
5567,1.0,1.0,0.0,0.0,0.0,0.0
5568,1.0,1.0,0.0,0.0,0.0,0.0
5569,0.9516666666666665,1.0,0.0,0.0,0.0,0.0
5570,0.9516666666666663,1.0,0.0,0.0,0.0,0.0
5571,0.9699999999999998,1.0,0.0,0.0,0.0,0.0
5572,0.9516666666666661,1.0,0.0,0.0,0.0,0.0
5573,0.9416666666666663,1.0,0.0,0.0,0.0,0.0
5574,1.0,1.0,0.0,0.0,0.0,0.0
5575,0.990866850002652,1.0,0.0,0.0,0.0,0.0
5576,1.0,1.0,0.0,0.0,0.0,0.0
5577,1.0,1.0,0.0,0.0,0.0,0.0
5578,1.0,1.0,0.0,0.0,0.0,0.0
5579,0.9683333333333332,1.0,0.0,0.0,0.0,0.0
5580,0.943333333333333,1.0,0.0,0.0,0.0,0.0
5581,0.958333333333333,1.0,0.0,0.0,0.0,0.0
5582,0.9666666666666665,1.0,0.0,0.0,0.0,0.0
5583,0.9649999999999999,1.0,0.0,0.0,0.0,0.0
5584,1.0,1.0,0.0,0.0,0.0,0.0
5585,1.0,1.0,0.0,0.0,0.0,0.0
5586,1.0,1.0,0.0,0.0,0.0,0.0
5587,1.0,1.0,0.0,0.0,0.0,0.0
5588,1.0,1.0,0.0,0.0,0.0,0.0
5589,0.9466666666666663,1.0,0.0,0.0,0.0,0.0
5590,0.958333333333333,0.99,0.0,0.0,0.01,0.0
5591,0.9499999999999998,0.99,0.0,0.01,0.0,0.0
5592,0.9356643141575046,0.99,0.0,0.0,0.01,0.0
5593,0.9683333333333332,1.0,0.0,0.0,0.0,0.0
5594,1.0,1.0,0.0,0.0,0.0,0.0
5595,1.0,1.0,0.0,0.0,0.0,0.0
5596,1.0,0.99,0.0,0.0,0.01,0.0
5597,1.0,0.97,0.0,0.0,0.03,0.0
5598,1.0,0.97,0.0,0.0,0.03,0.0
5599,0.9600000000000002,0.96,0.0,0.0,0.04,0.0
5600,0.9516666666666664,0.98,0.0,0.0,0.02,0.0
5601,0.9233333333333331,0.95,0.0,0.01,0.04,0.0
5602,0.9483333333333331,0.96,0.0,0.01,0.03,0.0
5603,0.9416666666666664,0.97,0.0,0.0,0.03,0.0
5604,1.0,0.98,0.0,0.0,0.02,0.0
5605,1.0,0.99,0.0,0.0,0.01,0.0
5606,1.0,0.99,0.0,0.0,0.01,0.0
5607,1.0,0.99,0.0,0.0,0.01,0.0
5608,1.0,0.99,0.0,0.0,0.01,0.0
5609,0.9549999999999996,0.99,0.0,0.0,0.01,0.0
5610,0.9599999999999999,1.0,0.0,0.0,0.0,0.0
5611,0.9450000000000002,1.0,0.01,0.0,0.0,0.0
5612,0.9449999999999998,1.0,0.0,0.0,0.0,0.0
5613,0.9599999999999999,1.0,0.0,0.0,0.0,0.0
5614,1.0,0.99,0.0,0.0,0.01,0.0
5615,1.0,1.0,0.0,0.0,0.0,0.0
5616,1.0,1.0,0.0,0.0,0.0,0.0
5617,1.0,1.0,0.0,0.0,0.0,0.0
5618,1.0,1.0,0.0,0.0,0.0,0.0
5619,0.9599999999999999,1.0,0.0,0.0,0.0,0.0
5620,0.9583333333333331,1.0,0.0,0.0,0.0,0.0
5621,0.9366666666666663,1.0,0.0,0.0,0.0,0.0
5622,0.9533333333333331,1.0,0.0,0.0,0.0,0.0
5623,0.9566666666666661,1.0,0.0,0.0,0.0,0.0
5624,1.0,1.0,0.0,0.0,0.0,0.0
5625,1.0,1.0,0.0,0.0,0.0,0.0
5626,1.0,1.0,0.0,0.0,0.0,0.0
5627,1.0,1.0,0.0,0.0,0.0,0.0
5628,1.0,1.0,0.0,0.0,0.0,0.0
5629,0.9533333333333328,0.99,0.0,0.01,0.0,0.0
5630,0.9533333333333333,1.0,0.0,0.0,0.0,0.0
5631,0.965,1.0,0.0,0.0,0.0,0.0
5632,0.9366666666666663,1.0,0.0,0.0,0.0,0.0
5633,0.9449999999999996,1.0,0.0,0.0,0.0,0.0
5634,1.0,0.99,0.0,0.0,0.01,0.0
5635,1.0,1.0,0.0,0.0,0.0,0.0
5636,1.0,1.0,0.0,0.0,0.0,0.0
5637,0.9983333333333334,0.99,0.0,0.01,0.0,0.0
5638,0.9983333333333333,0.99,0.0,0.01,0.0,0.0
5639,0.9566666666666664,0.99,0.0,0.01,0.0,0.0
5640,0.958333333333333,1.0,0.0,0.0,0.0,0.0
5641,0.96,1.0,0.0,0.0,0.0,0.0
5642,0.9433333333333331,1.0,0.0,0.0,0.0,0.0
5643,0.938333333333333,1.0,0.0,0.0,0.0,0.0
5644,1.0,1.0,0.0,0.0,0.0,0.0
5645,1.0,1.0,0.01,0.0,0.0,0.0
5646,0.995,0.99,0.0,0.01,0.0,0.0
5647,0.995,0.99,0.0,0.01,0.0,0.0
5648,1.0,1.0,0.0,0.0,0.0,0.0
5649,0.9549999999999997,1.0,0.0,0.0,0.0,0.0
5650,0.9666666666666667,1.0,0.0,0.0,0.0,0.0
5651,0.9466666666666664,1.0,0.0,0.0,0.0,0.0
5652,0.963333333333333,1.0,0.0,0.0,0.0,0.0
5653,0.9616666666666663,1.0,0.0,0.0,0.0,0.0
5654,1.0,1.0,0.0,0.0,0.0,0.0
5655,1.0,1.0,0.0,0.0,0.0,0.0
5656,1.0,1.0,0.0,0.0,0.0,0.0
5657,1.0,1.0,0.0,0.0,0.0,0.0
5658,1.0,1.0,0.0,0.0,0.0,0.0
5659,0.9583333333333331,1.0,0.0,0.0,0.0,0.0
5660,0.9283333333333331,1.0,0.0,0.0,0.0,0.0
5661,0.9466666666666664,0.99,0.0,0.0,0.01,0.0
5662,0.9616666666666666,0.99,0.0,0.0,0.01,0.0
5663,0.9349999999999998,0.99,0.0,0.0,0.01,0.0
5664,1.0,1.0,0.0,0.0,0.0,0.0
5665,1.0,1.0,0.0,0.0,0.0,0.0
5666,1.0,0.99,0.0,0.0,0.01,0.0
5667,1.0,0.99,0.0,0.0,0.01,0.0
5668,1.0,1.0,0.0,0.0,0.0,0.0
5669,0.9449999999999996,1.0,0.0,0.0,0.0,0.0
5670,0.9533333333333333,0.99,0.0,0.01,0.0,0.0
5671,0.9566666666666663,0.98,0.0,0.02,0.0,0.0
5672,0.9599999999999994,0.97,0.01,0.03,0.0,0.0
5673,0.9399999999999998,0.95,0.0,0.05,0.0,0.0
5674,0.9916666666666667,0.97,0.0,0.03,0.0,0.0
5675,0.9916666666666667,0.97,0.0,0.03,0.0,0.0
5676,0.9883333333333333,0.98,0.0,0.02,0.0,0.0
5677,1.0,1.0,0.0,0.0,0.0,0.0
5678,0.995,1.0,0.0,0.0,0.0,0.0
5679,0.9583333333333331,1.0,0.0,0.0,0.0,0.0
5680,0.953333333333333,0.99,0.0,0.01,0.0,0.0
5681,0.9566666666666664,1.0,0.0,0.0,0.0,0.0
5682,0.9549999999999998,1.0,0.0,0.0,0.0,0.0
5683,0.958333333333333,1.0,0.0,0.0,0.0,0.0
5684,1.0,1.0,0.0,0.0,0.0,0.0
5685,1.0,1.0,0.0,0.0,0.0,0.0
5686,1.0,1.0,0.0,0.0,0.0,0.0
5687,1.0,1.0,0.0,0.0,0.0,0.0
5688,1.0,0.99,0.0,0.0,0.01,0.0
5689,0.956666666666666,0.99,0.0,0.0,0.01,0.0
5690,0.9433333333333329,1.0,0.0,0.0,0.0,0.0
5691,0.9583333333333331,1.0,0.0,0.0,0.0,0.0
5692,0.9683333333333333,0.99,0.0,0.0,0.01,0.0
5693,0.9599999999999999,0.98,0.0,0.0,0.02,0.0
5694,1.0,0.99,0.0,0.0,0.01,0.0
5695,1.0,0.98,0.0,0.0,0.02,0.0
5696,1.0,0.99,0.0,0.0,0.01,0.0
5697,1.0,1.0,0.0,0.0,0.0,0.0
5698,0.9933333333333334,0.99,0.0,0.01,0.0,0.0
5699,0.9299999999999996,0.98,0.0,0.02,0.0,0.0
5700,0.943333333333333,0.96,0.0,0.04,0.0,0.0
5701,0.9566666666666664,0.93,0.0,0.07,0.0,0.0
5702,0.9583333333333333,0.96,0.0,0.04,0.0,0.0
5703,0.9733333333333332,0.95,0.0,0.05,0.0,0.0
5704,0.9866666666666667,0.97,0.0,0.03,0.0,0.0
5705,0.9866666666666666,0.98,0.0,0.02,0.0,0.0
5706,0.995,0.99,0.0,0.01,0.0,0.0
5707,1.0,1.0,0.0,0.0,0.0,0.0
5708,1.0,1.0,0.0,0.0,0.0,0.0
5709,0.9483333333333331,1.0,0.0,0.0,0.0,0.0
5710,0.9635495712976576,1.0,0.0,0.0,0.0,0.0
5711,0.9352162379643244,1.0,0.0,0.0,0.0,0.0
5712,0.9699999999999994,1.0,0.0,0.0,0.0,0.0
5713,0.9533333333333333,1.0,0.0,0.0,0.0,0.0
5714,1.0,1.0,0.0,0.0,0.0,0.0
5715,1.0,1.0,0.0,0.0,0.0,0.0
5716,1.0,1.0,0.0,0.0,0.0,0.0
5717,1.0,1.0,0.0,0.0,0.0,0.0
5718,1.0,1.0,0.0,0.0,0.0,0.0
5719,0.9549999999999998,1.0,0.0,0.0,0.0,0.0
5720,0.9383333333333331,1.0,0.0,0.0,0.0,0.0
5721,0.9299999999999997,1.0,0.0,0.0,0.0,0.0
5722,0.9549999999999997,1.0,0.0,0.0,0.0,0.0
5723,0.9483333333333331,1.0,0.0,0.0,0.0,0.0
5724,1.0,1.0,0.0,0.0,0.0,0.0
5725,1.0,1.0,0.0,0.0,0.0,0.0
5726,1.0,1.0,0.0,0.0,0.0,0.0
5727,0.9983333333333334,0.99,0.0,0.01,0.0,0.0
5728,0.9916666666666667,0.99,0.0,0.01,0.0,0.0
5729,0.958333333333333,1.0,0.0,0.0,0.0,0.0
5730,0.9449999999999998,1.0,0.0,0.0,0.0,0.0
5731,0.9549999999999997,1.0,0.0,0.0,0.0,0.0
5732,0.9583333333333335,1.0,0.0,0.0,0.0,0.0
5733,0.9649999999999999,1.0,0.0,0.0,0.0,0.0
5734,1.0,1.0,0.0,0.0,0.0,0.0
5735,1.0,1.0,0.0,0.0,0.0,0.0
5736,1.0,1.0,0.0,0.0,0.0,0.0
5737,1.0,1.0,0.0,0.0,0.0,0.0
5738,1.0,1.0,0.0,0.0,0.0,0.0
5739,0.9366666666666663,1.0,0.0,0.0,0.0,0.0
5740,0.9366666666666664,1.0,0.0,0.0,0.0,0.0
5741,0.9566666666666664,1.0,0.0,0.0,0.0,0.0
5742,0.9449999999999994,1.0,0.0,0.0,0.0,0.0
5743,0.9549999999999997,1.0,0.0,0.0,0.0,0.0
5744,0.995,0.99,0.0,0.01,0.0,0.0
5745,1.0,1.0,0.0,0.0,0.0,0.0
5746,1.0,1.0,0.0,0.0,0.0,0.0
5747,1.0,1.0,0.0,0.0,0.0,0.0
5748,0.9933333333333334,0.99,0.0,0.01,0.0,0.0
5749,0.9483333333333333,0.99,0.0,0.01,0.0,0.0
5750,0.9749999999999999,0.99,0.0,0.01,0.0,0.0
5751,0.9449999999999997,0.97,0.0,0.03,0.0,0.0
5752,0.9733333333333332,0.97,0.0,0.03,0.0,0.0
5753,0.9599999999999997,0.97,0.0,0.03,0.0,0.0
5754,0.99,0.98,0.0,0.02,0.0,0.0
5755,0.9933333333333333,0.98,0.0,0.02,0.0,0.0
5756,0.995,0.98,0.0,0.01,0.01,0.0
5757,0.9916666666666667,0.98,0.0,0.01,0.01,0.0
5758,1.0,0.98,0.0,0.0,0.02,0.0
5759,0.9483333333333335,0.97,0.0,0.0,0.03,0.0
5760,0.953333333333333,0.99,0.0,0.0,0.01,0.0
5761,0.9516666666666665,1.0,0.0,0.0,0.0,0.0
5762,0.955,1.0,0.0,0.0,0.0,0.0
5763,0.9433333333333329,1.0,0.0,0.0,0.0,0.0
5764,1.0,1.0,0.0,0.0,0.0,0.0
5765,1.0,1.0,0.0,0.0,0.0,0.0
5766,1.0,1.0,0.0,0.0,0.0,0.0
5767,1.0,1.0,0.0,0.0,0.0,0.0
5768,1.0,1.0,0.0,0.0,0.0,0.0
5769,0.9633333333333333,1.0,0.0,0.0,0.0,0.0
5770,0.9383333333333331,1.0,0.0,0.0,0.0,0.0
5771,0.9566666666666667,1.0,0.0,0.0,0.0,0.0
5772,0.9399999999999996,1.0,0.0,0.0,0.0,0.0
5773,0.9366666666666669,0.99,0.0,0.0,0.01,0.0
5774,1.0,1.0,0.0,0.0,0.0,0.0
5775,1.0,1.0,0.0,0.0,0.0,0.0
5776,1.0,1.0,0.0,0.0,0.0,0.0
5777,1.0,1.0,0.0,0.0,0.0,0.0
5778,1.0,1.0,0.0,0.0,0.0,0.0
5779,0.9516666666666663,1.0,0.0,0.0,0.0,0.0
5780,0.9749999999999998,1.0,0.0,0.0,0.0,0.0
5781,0.9566666666666667,1.0,0.0,0.0,0.0,0.0
5782,0.9583333333333333,1.0,0.0,0.0,0.0,0.0
5783,0.9466666666666661,0.99,0.0,0.01,0.0,0.0
5784,0.9933333333333334,0.98,0.0,0.02,0.0,0.0
5785,1.0,1.0,0.0,0.0,0.0,0.0
5786,1.0,1.0,0.0,0.0,0.0,0.0
5787,1.0,1.0,0.0,0.0,0.0,0.0
5788,1.0,1.0,0.0,0.0,0.0,0.0
5789,0.9599999999999994,1.0,0.0,0.0,0.0,0.0
5790,0.953333333333333,1.0,0.0,0.0,0.0,0.0
5791,0.958333333333333,1.0,0.0,0.0,0.0,0.0
5792,0.9633333333333332,1.0,0.0,0.0,0.0,0.0
5793,0.938333333333333,1.0,0.0,0.0,0.0,0.0
5794,1.0,1.0,0.0,0.0,0.0,0.0
5795,1.0,1.0,0.0,0.0,0.0,0.0
5796,1.0,1.0,0.0,0.0,0.0,0.0
5797,0.9933333333333334,0.99,0.0,0.01,0.0,0.0
5798,1.0,1.0,0.0,0.0,0.0,0.0
5799,0.9649999999999999,1.0,0.0,0.0,0.0,0.0
5800,0.955,1.0,0.0,0.0,0.0,0.0
5801,0.9632583026805467,0.99,0.0,0.01,0.0,0.0
5802,0.9733333333333332,0.99,0.0,0.01,0.0,0.0
5803,0.9549999999999998,1.0,0.0,0.0,0.0,0.0
5804,1.0,1.0,0.0,0.0,0.0,0.0
5805,1.0,1.0,0.0,0.0,0.0,0.0
5806,0.9974098905477696,1.0,0.0,0.0,0.0,0.0
5807,0.9974098905477696,1.0,0.0,0.0,0.0,0.0
5808,1.0,1.0,0.0,0.0,0.0,0.0
5809,0.9566666666666666,0.99,0.0,0.0,0.01,0.0
5810,0.9483333333333333,0.99,0.0,0.0,0.01,0.0
5811,0.955,0.99,0.0,0.0,0.01,0.0
5812,0.9383333333333331,0.99,0.0,0.0,0.01,0.0
5813,0.965,0.98,0.0,0.0,0.02,0.0
5814,1.0,0.96,0.0,0.0,0.04,0.0
5815,1.0,0.97,0.0,0.0,0.03,0.0
5816,0.995,0.98,0.0,0.0,0.02,0.0
5817,1.0,0.99,0.0,0.0,0.01,0.0
5818,1.0,1.0,0.0,0.0,0.0,0.0
5819,0.9549999999999997,1.0,0.0,0.0,0.0,0.0
5820,0.9599999999999997,1.0,0.0,0.0,0.0,0.0
5821,0.9533333333333331,1.0,0.0,0.0,0.0,0.0
5822,0.9466666666666663,1.0,0.0,0.0,0.0,0.0
5823,0.9733333333333333,1.0,0.0,0.0,0.0,0.0
5824,1.0,1.0,0.0,0.0,0.0,0.0
5825,1.0,1.0,0.0,0.0,0.0,0.0
5826,1.0,1.0,0.0,0.0,0.0,0.0
5827,0.995,0.99,0.0,0.01,0.0,0.0
5828,1.0,1.0,0.0,0.0,0.0,0.0
5829,0.9666666666666665,0.99,0.0,0.01,0.0,0.0
5830,0.9549999999999998,1.0,0.0,0.0,0.0,0.0
5831,0.9599999999999999,1.0,0.0,0.0,0.0,0.0
5832,0.9649999999999999,1.0,0.0,0.0,0.0,0.0
5833,0.938333333333333,0.99,0.0,0.0,0.01,0.0
5834,1.0,1.0,0.0,0.0,0.0,0.0
5835,1.0,1.0,0.0,0.0,0.0,0.0
5836,1.0,1.0,0.0,0.0,0.0,0.0
5837,1.0,0.99,0.0,0.0,0.01,0.0
5838,1.0,0.99,0.0,0.0,0.01,0.0
5839,0.9616666666666666,1.0,0.0,0.0,0.0,0.0
5840,0.9483333333333331,1.0,0.0,0.0,0.0,0.0
5841,0.9583333333333331,1.0,0.0,0.0,0.0,0.0
5842,0.9583333333333331,1.0,0.0,0.0,0.0,0.0
5843,0.9633333333333332,1.0,0.0,0.0,0.0,0.0
5844,0.995,1.0,0.0,0.0,0.0,0.0
5845,1.0,1.0,0.0,0.0,0.0,0.0
5846,1.0,1.0,0.0,0.0,0.0,0.0
5847,1.0,1.0,0.0,0.0,0.0,0.0
5848,0.995,0.99,0.0,0.01,0.0,0.0
5849,0.968333333333333,1.0,0.0,0.0,0.0,0.0
5850,0.9483333333333333,1.0,0.0,0.0,0.0,0.0
5851,0.9649999999999999,1.0,0.0,0.0,0.0,0.0
5852,0.9616666666666666,1.0,0.0,0.0,0.0,0.0
5853,0.9683333333333333,1.0,0.0,0.0,0.0,0.0
5854,1.0,1.0,0.0,0.0,0.0,0.0
5855,1.0,1.0,0.0,0.0,0.0,0.0
5856,1.0,1.0,0.0,0.0,0.0,0.0
5857,1.0,1.0,0.0,0.0,0.0,0.0
5858,1.0,1.0,0.0,0.0,0.0,0.0
5859,0.9416666666666668,1.0,0.0,0.0,0.0,0.0
5860,0.96,1.0,0.0,0.0,0.0,0.0
5861,0.9583333333333331,1.0,0.0,0.0,0.0,0.0
5862,0.9616666666666664,1.0,0.01,0.0,0.0,0.0
5863,0.9666666666666666,0.99,0.02,0.0,0.01,0.0
5864,1.0,0.99,0.02,0.0,0.01,0.0
5865,1.0,0.99,0.01,0.0,0.01,0.0
5866,1.0,1.0,0.0,0.0,0.0,0.0
5867,1.0,1.0,0.0,0.0,0.0,0.0
5868,1.0,1.0,0.0,0.0,0.0,0.0
5869,0.9583333333333331,1.0,0.0,0.0,0.0,0.0
5870,0.9516666666666665,1.0,0.0,0.0,0.0,0.0
5871,0.9583333333333328,1.0,0.0,0.0,0.0,0.0
5872,0.9616666666666666,1.0,0.0,0.0,0.0,0.0
5873,0.938333333333333,1.0,0.0,0.0,0.0,0.0
5874,1.0,1.0,0.0,0.0,0.0,0.0
5875,1.0,1.0,0.0,0.0,0.0,0.0
5876,1.0,1.0,0.0,0.0,0.0,0.0
5877,1.0,1.0,0.0,0.0,0.0,0.0
5878,1.0,1.0,0.0,0.0,0.0,0.0
5879,0.958333333333333,1.0,0.0,0.0,0.0,0.0
5880,0.9599999999999999,1.0,0.0,0.0,0.0,0.0
5881,0.9566666666666667,1.0,0.0,0.0,0.0,0.0
5882,0.9616666666666667,1.0,0.0,0.0,0.0,0.0
5883,0.9466666666666668,1.0,0.0,0.0,0.0,0.0
5884,1.0,1.0,0.0,0.0,0.0,0.0
5885,1.0,1.0,0.0,0.0,0.0,0.0
5886,1.0,1.0,0.0,0.0,0.0,0.0
5887,1.0,1.0,0.0,0.0,0.0,0.0
5888,1.0,1.0,0.0,0.0,0.0,0.0
5889,0.9533333333333331,1.0,0.0,0.0,0.0,0.0
5890,0.9366666666666659,1.0,0.0,0.0,0.0,0.0
5891,0.9449999999999996,1.0,0.0,0.0,0.0,0.0
5892,0.9366666666666668,1.0,0.0,0.0,0.0,0.0
5893,0.9449999999999998,1.0,0.0,0.0,0.0,0.0
5894,1.0,1.0,0.0,0.0,0.0,0.0
5895,1.0,1.0,0.0,0.0,0.0,0.0
5896,1.0,1.0,0.0,0.0,0.0,0.0
5897,1.0,1.0,0.0,0.0,0.0,0.0
5898,1.0,0.99,0.0,0.0,0.01,0.0
5899,0.9499999999999996,0.96,0.0,0.0,0.04,0.0
5900,0.95,0.96,0.0,0.0,0.04,0.0
5901,0.943333333333333,0.96,0.0,0.0,0.04,0.0
5902,0.9533333333333331,0.94,0.0,0.0,0.06,0.0
5903,0.9416666666666664,0.98,0.0,0.0,0.02,0.0
5904,1.0,1.0,0.0,0.0,0.0,0.0
5905,1.0,1.0,0.0,0.0,0.0,0.0
5906,1.0,1.0,0.0,0.0,0.0,0.0
5907,1.0,1.0,0.0,0.0,0.0,0.0
5908,1.0,1.0,0.0,0.0,0.0,0.0
5909,0.9599999999999999,1.0,0.0,0.0,0.0,0.0
5910,0.9499999999999998,1.0,0.0,0.0,0.0,0.0
5911,0.9666666666666663,1.0,0.0,0.0,0.0,0.0
5912,0.9583333333333328,1.0,0.0,0.0,0.0,0.0
5913,0.9466666666666664,1.0,0.0,0.0,0.0,0.0
5914,1.0,1.0,0.0,0.0,0.0,0.0
5915,1.0,1.0,0.0,0.0,0.0,0.0
5916,1.0,1.0,0.0,0.0,0.0,0.0
5917,1.0,1.0,0.0,0.0,0.0,0.0
5918,1.0,1.0,0.0,0.0,0.0,0.0
5919,0.9599999999999994,1.0,0.0,0.0,0.0,0.0
5920,0.9666666666666666,1.0,0.0,0.0,0.0,0.0
5921,0.9566666666666663,1.0,0.0,0.0,0.0,0.0
5922,0.9533333333333331,1.0,0.0,0.0,0.0,0.0
5923,0.9533333333333335,1.0,0.0,0.0,0.0,0.0
5924,0.995,1.0,0.0,0.0,0.0,0.0
5925,1.0,1.0,0.0,0.0,0.0,0.0
5926,1.0,1.0,0.0,0.0,0.0,0.0
5927,1.0,1.0,0.0,0.0,0.0,0.0
5928,1.0,1.0,0.0,0.0,0.0,0.0
5929,0.9516666666666667,0.99,0.0,0.01,0.0,0.0
5930,0.9399999999999997,1.0,0.0,0.0,0.0,0.0
5931,0.9583333333333333,1.0,0.0,0.0,0.0,0.0
5932,0.9316666666666663,1.0,0.0,0.0,0.0,0.0
5933,0.9483333333333331,1.0,0.0,0.0,0.0,0.0
5934,1.0,1.0,0.0,0.0,0.0,0.0
5935,1.0,1.0,0.0,0.0,0.0,0.0
5936,1.0,1.0,0.0,0.0,0.0,0.0
5937,1.0,1.0,0.0,0.0,0.0,0.0
5938,1.0,1.0,0.0,0.0,0.0,0.0
5939,0.95,1.0,0.0,0.0,0.0,0.0
5940,0.9716666666666666,1.0,0.0,0.0,0.0,0.0
5941,0.9599999999999997,1.0,0.0,0.0,0.0,0.0
5942,0.9649999999999999,1.0,0.0,0.0,0.0,0.0
5943,0.9616666666666664,1.0,0.0,0.0,0.0,0.0
5944,1.0,1.0,0.0,0.0,0.0,0.0
5945,1.0,1.0,0.0,0.0,0.0,0.0
5946,1.0,1.0,0.0,0.0,0.0,0.0
5947,1.0,1.0,0.0,0.0,0.0,0.0
5948,1.0,1.0,0.0,0.0,0.0,0.0
5949,0.9549999999999998,1.0,0.0,0.0,0.0,0.0
5950,0.9549999999999998,1.0,0.0,0.0,0.0,0.0
5951,0.9433333333333332,0.99,0.0,0.0,0.01,0.0
5952,0.9483333333333333,0.99,0.0,0.0,0.01,0.0
5953,0.9483333333333331,1.0,0.0,0.0,0.0,0.0
5954,1.0,1.0,0.0,0.0,0.0,0.0
5955,1.0,1.0,0.0,0.0,0.0,0.0
5956,1.0,1.0,0.0,0.0,0.0,0.0
5957,1.0,1.0,0.0,0.0,0.0,0.0
5958,1.0,1.0,0.0,0.0,0.0,0.0
5959,0.9349999999999994,1.0,0.0,0.0,0.0,0.0
5960,0.945,1.0,0.0,0.0,0.0,0.0
5961,0.9549999999999997,1.0,0.0,0.0,0.0,0.0
5962,0.965,1.0,0.0,0.0,0.0,0.0
5963,0.9716666666666666,1.0,0.0,0.0,0.0,0.0
5964,1.0,1.0,0.0,0.0,0.0,0.0
5965,1.0,1.0,0.0,0.0,0.0,0.0
5966,1.0,1.0,0.0,0.0,0.0,0.0
5967,1.0,1.0,0.0,0.0,0.0,0.0
5968,1.0,1.0,0.0,0.0,0.0,0.0
5969,0.9666666666666663,1.0,0.0,0.0,0.0,0.0
5970,0.9449999999999996,1.0,0.0,0.0,0.0,0.0
5971,0.9483333333333333,1.0,0.0,0.0,0.0,0.0
5972,0.9433333333333332,1.0,0.0,0.0,0.0,0.0
5973,0.9649999999999997,1.0,0.0,0.0,0.0,0.0
5974,1.0,1.0,0.0,0.0,0.0,0.0
5975,1.0,1.0,0.0,0.0,0.0,0.0
5976,1.0,1.0,0.0,0.0,0.0,0.0
5977,1.0,1.0,0.0,0.0,0.0,0.0
5978,1.0,1.0,0.0,0.0,0.0,0.0
5979,0.9549999999999998,1.0,0.0,0.0,0.0,0.0
5980,0.9499999999999998,0.99,0.0,0.0,0.01,0.0
5981,0.9510314433530263,0.98,0.0,0.0,0.02,0.0
5982,0.953333333333333,1.0,0.0,0.0,0.0,0.0
5983,0.9616666666666666,1.0,0.0,0.0,0.0,0.0
5984,1.0,1.0,0.0,0.0,0.0,0.0
5985,1.0,1.0,0.0,0.0,0.0,0.0
5986,1.0,1.0,0.0,0.0,0.0,0.0
5987,1.0,1.0,0.0,0.0,0.0,0.0
5988,1.0,1.0,0.0,0.0,0.0,0.0
5989,0.9649999999999997,1.0,0.0,0.0,0.0,0.0
5990,0.9683333333333333,1.0,0.0,0.0,0.0,0.0
5991,0.9566666666666663,1.0,0.0,0.0,0.0,0.0
5992,0.9533333333333331,1.0,0.0,0.0,0.0,0.0
5993,0.9649999999999999,1.0,0.0,0.0,0.0,0.0
5994,1.0,1.0,0.0,0.0,0.0,0.0
5995,1.0,1.0,0.0,0.0,0.0,0.0
5996,1.0,1.0,0.0,0.0,0.0,0.0
5997,1.0,1.0,0.0,0.0,0.0,0.0
5998,1.0,1.0,0.0,0.0,0.0,0.0
5999,0.9433333333333331,1.0,0.0,0.0,0.0,0.0
6000,0.9599999999999999,1.0,0.0,0.0,0.0,0.0
6001,0.9516666666666667,1.0,0.0,0.0,0.0,0.0
6002,0.9499999999999997,1.0,0.0,0.0,0.0,0.0
6003,0.9633333333333333,0.99,0.0,0.01,0.0,0.0
6004,0.9833333333333334,0.98,0.0,0.02,0.0,0.0
6005,1.0,1.0,0.0,0.0,0.0,0.0
6006,1.0,1.0,0.0,0.0,0.0,0.0
6007,1.0,1.0,0.0,0.0,0.0,0.0
6008,1.0,1.0,0.0,0.0,0.0,0.0
6009,0.9549999999999998,0.99,0.0,0.01,0.0,0.0
6010,0.9433333333333331,0.98,0.0,0.01,0.01,0.0
6011,0.9516666666666661,0.99,0.0,0.01,0.0,0.0
6012,0.9533333333333331,1.0,0.0,0.0,0.0,0.0
6013,0.943333333333333,1.0,0.0,0.0,0.0,0.0
6014,1.0,1.0,0.0,0.0,0.0,0.0
6015,0.995,0.99,0.0,0.01,0.0,0.0
6016,1.0,1.0,0.0,0.0,0.0,0.0
6017,1.0,1.0,0.0,0.0,0.0,0.0
6018,1.0,1.0,0.0,0.0,0.0,0.0
6019,0.9549999999999997,1.0,0.0,0.0,0.0,0.0
6020,0.9566666666666664,1.0,0.0,0.0,0.0,0.0
6021,0.9533333333333331,1.0,0.0,0.0,0.0,0.0
6022,0.9566666666666666,1.0,0.0,0.0,0.0,0.0
6023,0.948333333333333,1.0,0.0,0.0,0.0,0.0
6024,1.0,1.0,0.0,0.0,0.0,0.0
6025,1.0,1.0,0.0,0.0,0.0,0.0
6026,1.0,1.0,0.0,0.0,0.0,0.0
6027,1.0,1.0,0.0,0.0,0.0,0.0
6028,1.0,1.0,0.0,0.0,0.0,0.0
6029,0.9599999999999995,1.0,0.0,0.0,0.0,0.0
6030,0.9549999999999997,1.0,0.0,0.0,0.0,0.0
6031,0.9649999999999999,1.0,0.0,0.0,0.0,0.0
6032,0.9533333333333331,1.0,0.0,0.0,0.0,0.0
6033,0.9366666666666664,1.0,0.0,0.0,0.0,0.0
6034,1.0,1.0,0.0,0.0,0.0,0.0
6035,1.0,1.0,0.0,0.0,0.0,0.0
6036,1.0,1.0,0.0,0.0,0.0,0.0
6037,1.0,0.99,0.0,0.0,0.01,0.0
6038,1.0,0.99,0.0,0.0,0.01,0.0
6039,0.938333333333333,1.0,0.0,0.0,0.0,0.0
6040,0.9533333333333333,1.0,0.0,0.0,0.0,0.0
6041,0.958333333333333,1.0,0.0,0.0,0.0,0.0
6042,0.9566666666666664,1.0,0.0,0.0,0.0,0.0
6043,0.9433333333333332,1.0,0.0,0.0,0.0,0.0
6044,0.995,0.99,0.0,0.01,0.0,0.0
6045,1.0,1.0,0.0,0.0,0.0,0.0
6046,1.0,1.0,0.0,0.0,0.0,0.0
6047,1.0,1.0,0.0,0.0,0.0,0.0
6048,1.0,1.0,0.0,0.0,0.0,0.0
6049,0.9649999999999999,1.0,0.0,0.0,0.0,0.0
6050,0.9399999999999998,1.0,0.0,0.0,0.0,0.0
6051,0.963333333333333,1.0,0.0,0.0,0.0,0.0
6052,0.9483333333333331,0.99,0.0,0.01,0.0,0.0
6053,0.9616666666666663,0.99,0.0,0.01,0.0,0.0
6054,0.995,0.99,0.0,0.01,0.0,0.0
6055,1.0,1.0,0.0,0.0,0.0,0.0
6056,1.0,1.0,0.0,0.0,0.0,0.0
6057,0.995,0.99,0.0,0.01,0.0,0.0
6058,1.0,1.0,0.0,0.0,0.0,0.0
6059,0.9633333333333333,1.0,0.0,0.0,0.0,0.0
6060,0.9566666666666663,1.0,0.0,0.0,0.0,0.0
6061,0.9449999999999998,1.0,0.0,0.0,0.0,0.0
6062,0.9583333333333331,1.0,0.0,0.0,0.0,0.0
6063,0.9366666666666665,1.0,0.0,0.0,0.0,0.0
6064,1.0,1.0,0.0,0.0,0.0,0.0
6065,1.0,1.0,0.0,0.0,0.0,0.0
6066,1.0,1.0,0.0,0.0,0.0,0.0
6067,1.0,1.0,0.0,0.0,0.0,0.0
6068,1.0,1.0,0.0,0.0,0.0,0.0
6069,0.9783333333333332,1.0,0.0,0.0,0.0,0.0
6070,0.9583333333333328,1.0,0.0,0.0,0.0,0.0
6071,0.9583333333333335,1.0,0.0,0.0,0.0,0.0
6072,0.9616666666666664,1.0,0.0,0.0,0.0,0.0
6073,0.9616666666666664,1.0,0.0,0.0,0.0,0.0
6074,1.0,1.0,0.0,0.0,0.0,0.0
6075,1.0,1.0,0.0,0.0,0.0,0.0
6076,1.0,0.99,0.0,0.0,0.01,0.0
6077,1.0,1.0,0.0,0.0,0.0,0.0
6078,1.0,1.0,0.0,0.0,0.0,0.0
6079,0.953333333333333,0.99,0.0,0.0,0.01,0.0
6080,0.9599999999999999,0.99,0.0,0.0,0.01,0.0
6081,0.9566666666666663,1.0,0.0,0.0,0.0,0.0
6082,0.9616666666666664,1.0,0.0,0.0,0.0,0.0
6083,0.9616666666666664,1.0,0.0,0.0,0.0,0.0
6084,1.0,1.0,0.0,0.0,0.0,0.0
6085,1.0,1.0,0.0,0.0,0.0,0.0
6086,1.0,1.0,0.0,0.0,0.0,0.0
6087,1.0,1.0,0.0,0.0,0.0,0.0
6088,1.0,1.0,0.0,0.0,0.0,0.0
6089,0.9500000000000002,1.0,0.0,0.0,0.0,0.0
6090,0.9599999999999999,1.0,0.0,0.0,0.0,0.0
6091,0.9549999999999997,1.0,0.0,0.0,0.0,0.0
6092,0.9316666666666663,1.0,0.0,0.0,0.0,0.0
6093,0.965,1.0,0.0,0.0,0.0,0.0
6094,1.0,1.0,0.0,0.0,0.0,0.0
6095,1.0,1.0,0.0,0.0,0.0,0.0
6096,1.0,1.0,0.0,0.0,0.0,0.0
6097,1.0,0.99,0.0,0.0,0.01,0.0
6098,1.0,0.99,0.0,0.0,0.01,0.0
6099,0.948333333333333,0.98,0.0,0.0,0.02,0.0
6100,0.9416666666666664,1.0,0.0,0.0,0.0,0.0
6101,0.948333333333333,1.0,0.0,0.0,0.0,0.0
6102,0.9499999999999994,1.0,0.0,0.0,0.0,0.0
6103,0.9516666666666663,1.0,0.0,0.0,0.0,0.0
6104,0.9983333333333334,0.99,0.0,0.01,0.0,0.0
6105,1.0,1.0,0.0,0.0,0.0,0.0
6106,1.0,1.0,0.0,0.0,0.0,0.0
6107,1.0,1.0,0.0,0.0,0.0,0.0
6108,1.0,1.0,0.0,0.0,0.0,0.0
6109,0.9483333333333333,1.0,0.0,0.0,0.0,0.0
6110,0.9516666666666664,1.0,0.0,0.0,0.0,0.0
6111,0.9616666666666666,1.0,0.0,0.0,0.0,0.0
6112,0.9631252221497506,0.99,0.0,0.0,0.01,0.0
6113,0.9652874870599365,0.96,0.0,0.0,0.04,0.0
6114,1.0,0.98,0.0,0.0,0.02,0.0
6115,1.0,0.98,0.0,0.0,0.02,0.0
6116,1.0,0.99,0.0,0.0,0.01,0.0
6117,1.0,1.0,0.0,0.0,0.0,0.0
6118,1.0,1.0,0.0,0.0,0.0,0.0
6119,0.9616666666666663,1.0,0.0,0.0,0.0,0.0
6120,0.95,1.0,0.0,0.0,0.0,0.0
6121,0.968333333333333,1.0,0.0,0.0,0.0,0.0
6122,0.9449999999999997,1.0,0.0,0.0,0.0,0.0
6123,0.9616666666666669,1.0,0.0,0.0,0.0,0.0
6124,1.0,1.0,0.0,0.0,0.0,0.0
6125,1.0,1.0,0.0,0.0,0.0,0.0
6126,1.0,1.0,0.0,0.0,0.0,0.0
6127,1.0,1.0,0.0,0.0,0.0,0.0
6128,1.0,1.0,0.0,0.0,0.0,0.0
6129,0.9566666666666663,1.0,0.0,0.0,0.0,0.0
6130,0.9266666666666667,0.99,0.0,0.0,0.01,0.0
6131,0.9516666666666663,1.0,0.0,0.0,0.0,0.0
6132,0.9466666666666664,0.99,0.0,0.0,0.01,0.0
6133,0.9583333333333333,1.0,0.0,0.0,0.0,0.0
6134,1.0,1.0,0.0,0.0,0.0,0.0
6135,1.0,1.0,0.0,0.0,0.0,0.0
6136,1.0,1.0,0.0,0.0,0.0,0.0
6137,1.0,0.99,0.0,0.0,0.01,0.0
6138,1.0,0.97,0.0,0.0,0.03,0.0
6139,0.945,0.97,0.0,0.0,0.03,0.0
6140,0.9583333333333333,1.0,0.0,0.0,0.0,0.0
6141,0.9566666666666663,1.0,0.0,0.0,0.0,0.0
6142,0.9599999999999995,1.0,0.0,0.0,0.0,0.0
6143,0.9633333333333332,0.99,0.0,0.01,0.0,0.0
6144,1.0,1.0,0.0,0.0,0.0,0.0
6145,1.0,1.0,0.0,0.0,0.0,0.0
6146,1.0,1.0,0.0,0.0,0.0,0.0
6147,1.0,1.0,0.0,0.0,0.0,0.0
6148,1.0,1.0,0.0,0.0,0.0,0.0
6149,0.9666666666666665,1.0,0.0,0.0,0.0,0.0
6150,0.9499999999999998,1.0,0.0,0.0,0.0,0.0
6151,0.955,1.0,0.0,0.0,0.0,0.0
6152,0.938333333333333,1.0,0.0,0.0,0.0,0.0
6153,0.9666666666666666,1.0,0.0,0.0,0.0,0.0
6154,1.0,1.0,0.0,0.0,0.0,0.0
6155,1.0,0.99,0.0,0.0,0.01,0.0
6156,1.0,1.0,0.0,0.0,0.0,0.0
6157,1.0,1.0,0.0,0.0,0.0,0.0
6158,1.0,1.0,0.0,0.0,0.0,0.0
6159,0.9433333333333331,1.0,0.0,0.0,0.0,0.0
6160,0.9649999999999999,1.0,0.0,0.0,0.0,0.0
6161,0.9449999999999993,1.0,0.0,0.0,0.0,0.0
6162,0.9666666666666667,1.0,0.0,0.0,0.0,0.0
6163,0.9633333333333332,1.0,0.0,0.0,0.0,0.0
6164,0.995,1.0,0.0,0.0,0.0,0.0
6165,1.0,1.0,0.0,0.0,0.0,0.0
6166,1.0,1.0,0.0,0.0,0.0,0.0
6167,1.0,0.99,0.0,0.0,0.01,0.0
6168,1.0,1.0,0.0,0.0,0.0,0.0
6169,0.9633333333333332,1.0,0.0,0.0,0.0,0.0
6170,0.9533333333333328,1.0,0.0,0.0,0.0,0.0
6171,0.9399999999999997,1.0,0.0,0.0,0.0,0.0
6172,0.9583333333333335,1.0,0.0,0.0,0.0,0.0
6173,0.9516666666666664,1.0,0.0,0.0,0.0,0.0
6174,1.0,1.0,0.0,0.0,0.0,0.0
6175,1.0,1.0,0.0,0.0,0.0,0.0
6176,1.0,1.0,0.0,0.0,0.0,0.0
6177,1.0,1.0,0.0,0.0,0.0,0.0
6178,1.0,1.0,0.0,0.0,0.0,0.0
6179,0.9533333333333333,1.0,0.0,0.0,0.0,0.0
6180,0.948333333333333,1.0,0.0,0.0,0.0,0.0
6181,0.958333333333333,1.0,0.0,0.0,0.0,0.0
6182,0.9683333333333333,1.0,0.0,0.0,0.0,0.0
6183,0.9766666666666665,1.0,0.0,0.0,0.0,0.0
6184,1.0,1.0,0.0,0.0,0.0,0.0
6185,1.0,1.0,0.0,0.0,0.0,0.0
6186,1.0,1.0,0.0,0.0,0.0,0.0
6187,1.0,1.0,0.0,0.0,0.0,0.0
6188,1.0,1.0,0.0,0.0,0.0,0.0
6189,0.9499999999999996,1.0,0.0,0.0,0.0,0.0
6190,0.953333333333333,1.0,0.0,0.0,0.0,0.0
6191,0.958333333333333,1.0,0.0,0.0,0.0,0.0
6192,0.9566666666666666,1.0,0.0,0.0,0.0,0.0
6193,0.9633333333333333,0.99,0.0,0.0,0.01,0.0
6194,1.0,1.0,0.0,0.0,0.0,0.0
6195,1.0,1.0,0.0,0.0,0.0,0.0
6196,1.0,1.0,0.0,0.0,0.0,0.0
6197,1.0,1.0,0.0,0.0,0.0,0.0
6198,1.0,1.0,0.0,0.0,0.0,0.0
6199,0.9299999999999996,1.0,0.0,0.0,0.0,0.0
6200,0.9499999999999997,1.0,0.0,0.0,0.0,0.0
6201,0.9449999999999998,0.99,0.0,0.01,0.0,0.0
6202,0.9533333333333331,0.98,0.0,0.02,0.0,0.0
6203,0.953333333333333,0.98,0.0,0.02,0.0,0.0
6204,0.9933333333333334,0.99,0.0,0.01,0.0,0.0
6205,1.0,1.0,0.0,0.0,0.0,0.0
6206,1.0,1.0,0.0,0.0,0.0,0.0
6207,1.0,1.0,0.0,0.0,0.0,0.0
6208,1.0,1.0,0.0,0.0,0.0,0.0
6209,0.9516666666666663,1.0,0.0,0.0,0.0,0.0
6210,0.968333333333333,1.0,0.0,0.0,0.0,0.0
6211,0.9566666666666667,1.0,0.0,0.0,0.0,0.0
6212,0.9449999999999996,1.0,0.0,0.0,0.0,0.0
6213,0.9566666666666664,0.99,0.0,0.01,0.0,0.0
6214,0.9933333333333334,0.99,0.0,0.01,0.0,0.0
6215,0.9866666666666666,0.98,0.0,0.02,0.0,0.0
6216,1.0,0.99,0.0,0.0,0.01,0.0
6217,1.0,1.0,0.0,0.0,0.0,0.0
6218,1.0,1.0,0.0,0.0,0.0,0.0
6219,0.9483333333333331,1.0,0.0,0.0,0.0,0.0
6220,0.963333333333333,1.0,0.0,0.0,0.0,0.0
6221,0.9483333333333333,0.99,0.0,0.01,0.0,0.0
6222,0.9316666666666665,0.99,0.0,0.01,0.0,0.0
6223,0.9433333333333331,0.99,0.0,0.01,0.0,0.0
6224,1.0,1.0,0.0,0.0,0.0,0.0
6225,1.0,1.0,0.0,0.0,0.0,0.0
6226,1.0,1.0,0.0,0.0,0.0,0.0
6227,1.0,1.0,0.0,0.0,0.0,0.0
6228,1.0,1.0,0.0,0.0,0.0,0.0
6229,0.938333333333333,1.0,0.0,0.0,0.0,0.0
6230,0.9366666666666665,1.0,0.0,0.0,0.0,0.0
6231,0.9649999999999999,1.0,0.0,0.0,0.0,0.0
6232,0.9516666666666664,1.0,0.0,0.0,0.0,0.0
6233,0.9533333333333331,0.99,0.0,0.01,0.0,0.0
6234,0.99,0.98,0.0,0.02,0.0,0.0
6235,0.9783333333333334,0.97,0.0,0.03,0.0,0.0
6236,1.0,1.0,0.0,0.0,0.0,0.0
6237,0.995,0.99,0.0,0.01,0.0,0.0
6238,1.0,1.0,0.0,0.0,0.0,0.0
6239,0.9499999999999998,1.0,0.0,0.0,0.0,0.0
6240,0.9433333333333329,0.99,0.0,0.01,0.0,0.0
6241,0.9533333333333331,0.99,0.0,0.01,0.0,0.0
6242,0.9491917390125946,0.99,0.0,0.0,0.01,0.0
6243,0.965858405679261,0.99,0.0,0.0,0.01,0.0
6244,1.0,0.99,0.0,0.0,0.01,0.0
6245,1.0,0.98,0.0,0.0,0.02,0.0
6246,1.0,0.94,0.0,0.0,0.06,0.0
6247,1.0,0.91,0.0,0.0,0.09,0.0
6248,1.0,0.88,0.0,0.0,0.12,0.0
6249,0.9166666666666664,0.87,0.0,0.0,0.13,0.0
6250,0.8950000000000001,0.8,0.0,0.0,0.2,0.0
6251,0.9200000000000003,0.89,0.0,0.0,0.1,0.01
6252,0.928333333333333,0.9,0.0,0.0,0.09,0.01
6253,0.94,0.92,0.0,0.0,0.06,0.02
6254,0.9966666666666666,0.9,0.0,0.0,0.08,0.02
6255,0.9933333333333334,0.89,0.0,0.0,0.09,0.02
6256,0.995,0.85,0.0,0.0,0.13,0.02
6257,0.9883333333333333,0.77,0.0,0.0,0.22,0.01
6258,0.9983333333333334,0.81,0.0,0.0,0.18,0.01
6259,0.89,0.81,0.0,0.0,0.17,0.02
6260,0.9233333333333331,0.89,0.0,0.0,0.1,0.01
6261,0.9516666666666665,0.94,0.0,0.0,0.06,0.0
6262,0.9366666666666664,0.95,0.0,0.0,0.05,0.0
6263,0.9566666666666664,0.99,0.0,0.0,0.01,0.0
6264,1.0,1.0,0.0,0.0,0.0,0.0
6265,1.0,1.0,0.0,0.0,0.0,0.0
6266,1.0,1.0,0.0,0.0,0.0,0.0
6267,1.0,1.0,0.0,0.0,0.0,0.0
6268,1.0,0.99,0.0,0.0,0.01,0.0
6269,0.9399999999999998,0.99,0.0,0.0,0.01,0.0
6270,0.9599999999999999,1.0,0.0,0.0,0.0,0.0
6271,0.9566666666666663,1.0,0.0,0.0,0.0,0.0
6272,0.9583333333333333,1.0,0.0,0.0,0.0,0.0
6273,0.9549999999999996,1.0,0.0,0.0,0.0,0.0
6274,1.0,1.0,0.0,0.0,0.0,0.0
6275,1.0,1.0,0.0,0.0,0.0,0.0
6276,1.0,1.0,0.0,0.0,0.0,0.0
6277,1.0,1.0,0.0,0.0,0.0,0.0
6278,1.0,1.0,0.0,0.0,0.0,0.0
6279,0.9433333333333335,1.0,0.0,0.0,0.0,0.0
6280,0.958333333333333,1.0,0.0,0.0,0.0,0.0
6281,0.9583333333333331,1.0,0.0,0.0,0.0,0.0
6282,0.9566666666666663,1.0,0.0,0.0,0.0,0.0
6283,0.9633333333333332,1.0,0.0,0.0,0.0,0.0
6284,1.0,1.0,0.0,0.0,0.0,0.0
6285,1.0,1.0,0.0,0.0,0.0,0.0
6286,1.0,1.0,0.0,0.0,0.0,0.0
6287,1.0,0.99,0.0,0.0,0.01,0.0
6288,1.0,1.0,0.0,0.0,0.0,0.0
6289,0.9533333333333331,1.0,0.0,0.0,0.0,0.0
6290,0.9433333333333331,1.0,0.0,0.0,0.0,0.0
6291,0.97,0.99,0.0,0.0,0.01,0.0
6292,0.963580954461689,0.98,0.0,0.0,0.02,0.0
6293,0.9449999999999996,0.98,0.0,0.0,0.02,0.0
6294,1.0,0.99,0.0,0.0,0.01,0.0
6295,1.0,0.99,0.0,0.0,0.01,0.0
6296,1.0,1.0,0.0,0.0,0.0,0.0
6297,1.0,1.0,0.0,0.0,0.0,0.0
6298,1.0,1.0,0.0,0.0,0.0,0.0
6299,0.9466666666666668,1.0,0.0,0.0,0.0,0.0
6300,0.9633333333333333,1.0,0.0,0.0,0.0,0.0
6301,0.943333333333333,1.0,0.01,0.0,0.0,0.0
6302,0.9399999999999997,1.0,0.02,0.0,0.0,0.0
6303,0.9466666666666664,1.0,0.01,0.0,0.0,0.0
6304,1.0,1.0,0.0,0.0,0.0,0.0
6305,1.0,1.0,0.0,0.0,0.0,0.0
6306,1.0,1.0,0.0,0.0,0.0,0.0
6307,0.995,1.0,0.0,0.0,0.0,0.0
6308,1.0,1.0,0.0,0.0,0.0,0.0
6309,0.9616666666666663,1.0,0.0,0.0,0.0,0.0
6310,0.948333333333333,1.0,0.0,0.0,0.0,0.0
6311,0.9599999999999999,1.0,0.0,0.0,0.0,0.0
6312,0.9399999999999998,1.0,0.0,0.0,0.0,0.0
6313,0.9533333333333331,1.0,0.0,0.0,0.0,0.0
6314,1.0,1.0,0.0,0.0,0.0,0.0
6315,1.0,0.99,0.0,0.0,0.01,0.0
6316,1.0,1.0,0.0,0.0,0.0,0.0
6317,1.0,1.0,0.0,0.0,0.0,0.0
6318,1.0,1.0,0.0,0.0,0.0,0.0
6319,0.9583333333333331,1.0,0.0,0.0,0.0,0.0
6320,0.9649999999999995,1.0,0.0,0.0,0.0,0.0
6321,0.9566666666666663,1.0,0.0,0.0,0.0,0.0
6322,0.9549999999999996,1.0,0.0,0.0,0.0,0.0
6323,0.9499999999999994,0.99,0.0,0.0,0.01,0.0
6324,1.0,0.99,0.0,0.0,0.01,0.0
6325,1.0,0.99,0.0,0.0,0.01,0.0
6326,1.0,0.99,0.0,0.0,0.01,0.0
6327,1.0,0.99,0.0,0.0,0.01,0.0
6328,1.0,0.99,0.0,0.0,0.01,0.0
6329,0.9433333333333331,0.98,0.0,0.0,0.02,0.0
6330,0.9549999999999998,0.99,0.0,0.0,0.01,0.0
6331,0.9533333333333331,1.0,0.0,0.0,0.0,0.0
6332,0.9466666666666663,1.0,0.0,0.0,0.0,0.0
6333,0.9566666666666667,1.0,0.0,0.0,0.0,0.0
6334,1.0,1.0,0.0,0.0,0.0,0.0
6335,1.0,1.0,0.0,0.0,0.0,0.0
6336,1.0,1.0,0.0,0.0,0.0,0.0
6337,1.0,1.0,0.0,0.0,0.0,0.0
6338,1.0,1.0,0.0,0.0,0.0,0.0
6339,0.943333333333333,1.0,0.0,0.0,0.0,0.0
6340,0.9533333333333331,1.0,0.0,0.0,0.0,0.0
6341,0.9499999999999997,1.0,0.0,0.0,0.0,0.0
6342,0.9599999999999997,1.0,0.0,0.0,0.0,0.0
6343,0.9599999999999999,1.0,0.0,0.0,0.0,0.0
6344,1.0,1.0,0.0,0.0,0.0,0.0
6345,1.0,1.0,0.0,0.0,0.0,0.0
6346,1.0,1.0,0.0,0.0,0.0,0.0
6347,0.9916666666666666,0.99,0.0,0.01,0.0,0.0
6348,0.995,0.99,0.0,0.01,0.0,0.0
6349,0.9616666666666664,1.0,0.0,0.0,0.0,0.0
6350,0.9416666666666664,1.0,0.0,0.0,0.0,0.0
6351,0.9616666666666667,1.0,0.0,0.0,0.0,0.0
6352,0.9533333333333331,1.0,0.0,0.0,0.0,0.0
6353,0.9533333333333331,1.0,0.0,0.0,0.0,0.0
6354,1.0,1.0,0.0,0.0,0.0,0.0
6355,1.0,1.0,0.0,0.0,0.0,0.0
6356,1.0,1.0,0.0,0.0,0.0,0.0
6357,1.0,1.0,0.0,0.0,0.0,0.0
6358,1.0,1.0,0.0,0.0,0.0,0.0
6359,0.965,1.0,0.0,0.0,0.0,0.0
6360,0.9516666666666664,1.0,0.0,0.0,0.0,0.0
6361,0.9583333333333333,1.0,0.0,0.0,0.0,0.0
6362,0.9466666666666665,1.0,0.0,0.0,0.0,0.0
6363,0.9699999999999998,1.0,0.0,0.0,0.0,0.0
6364,1.0,1.0,0.0,0.0,0.0,0.0
6365,1.0,1.0,0.0,0.0,0.0,0.0
6366,0.995,1.0,0.0,0.0,0.0,0.0
6367,1.0,1.0,0.0,0.0,0.0,0.0
6368,1.0,1.0,0.0,0.0,0.0,0.0
6369,0.9533333333333331,1.0,0.0,0.0,0.0,0.0
6370,0.9483333333333333,1.0,0.0,0.0,0.0,0.0
6371,0.9466666666666664,1.0,0.0,0.0,0.0,0.0
6372,0.9616666666666664,1.0,0.0,0.0,0.0,0.0
6373,0.9733333333333332,1.0,0.0,0.0,0.0,0.0
6374,1.0,0.99,0.0,0.0,0.01,0.0
6375,1.0,1.0,0.0,0.0,0.0,0.0
6376,1.0,1.0,0.0,0.0,0.0,0.0
6377,1.0,1.0,0.0,0.0,0.0,0.0
6378,0.995,0.99,0.0,0.01,0.0,0.0
6379,0.9583333333333331,1.0,0.0,0.0,0.0,0.0
6380,0.9516666666666665,1.0,0.0,0.0,0.0,0.0
6381,0.9633333333333332,0.99,0.0,0.01,0.0,0.0
6382,0.9516666666666664,0.99,0.0,0.01,0.0,0.0
6383,0.9583333333333331,0.98,0.0,0.02,0.0,0.0
6384,0.9949999999999999,0.97,0.0,0.03,0.0,0.0
6385,0.9983333333333333,0.99,0.0,0.01,0.0,0.0
6386,0.9966666666666666,0.98,0.0,0.02,0.0,0.0
6387,0.9866666666666666,0.96,0.0,0.04,0.0,0.0
6388,0.9983333333333333,0.99,0.0,0.01,0.0,0.0
6389,0.9499999999999998,0.99,0.0,0.01,0.0,0.0
6390,0.9533333333333335,0.98,0.0,0.02,0.0,0.0
6391,0.9583333333333333,0.99,0.0,0.01,0.0,0.0
6392,0.9483333333333331,1.0,0.0,0.0,0.0,0.0
6393,0.9583333333333333,1.0,0.0,0.0,0.0,0.0
6394,1.0,1.0,0.0,0.0,0.0,0.0
6395,1.0,1.0,0.0,0.0,0.0,0.0
6396,1.0,1.0,0.0,0.0,0.0,0.0
6397,1.0,1.0,0.0,0.0,0.0,0.0
6398,1.0,1.0,0.0,0.0,0.0,0.0
6399,0.9483333333333328,1.0,0.0,0.0,0.0,0.0
6400,0.953333333333333,1.0,0.0,0.0,0.0,0.0
6401,0.9599999999999999,1.0,0.0,0.0,0.0,0.0
6402,0.9566666666666664,1.0,0.0,0.0,0.0,0.0
6403,0.9516666666666663,1.0,0.0,0.0,0.0,0.0
6404,1.0,1.0,0.0,0.0,0.0,0.0
6405,1.0,1.0,0.0,0.0,0.0,0.0
6406,1.0,1.0,0.0,0.0,0.0,0.0
6407,1.0,1.0,0.0,0.0,0.0,0.0
6408,1.0,1.0,0.0,0.0,0.0,0.0
6409,0.9416666666666663,1.0,0.0,0.0,0.0,0.0
6410,0.9416666666666664,1.0,0.0,0.0,0.0,0.0
6411,0.9533333333333333,1.0,0.0,0.0,0.0,0.0
6412,0.9583333333333331,1.0,0.0,0.0,0.0,0.0
6413,0.9599999999999999,1.0,0.0,0.0,0.0,0.0
6414,1.0,1.0,0.0,0.0,0.0,0.0
6415,1.0,1.0,0.0,0.0,0.0,0.0
6416,1.0,0.99,0.0,0.0,0.01,0.0
6417,1.0,1.0,0.0,0.0,0.0,0.0
6418,1.0,1.0,0.0,0.0,0.0,0.0
6419,0.9649999999999999,1.0,0.0,0.0,0.0,0.0
6420,0.9566666666666666,1.0,0.0,0.0,0.0,0.0
6421,0.9416666666666664,0.99,0.0,0.01,0.0,0.0
6422,0.9349999999999998,0.98,0.0,0.02,0.0,0.0
6423,0.9633333333333332,0.99,0.0,0.01,0.0,0.0
6424,1.0,1.0,0.0,0.0,0.0,0.0
6425,1.0,1.0,0.0,0.0,0.0,0.0
6426,1.0,1.0,0.0,0.0,0.0,0.0
6427,1.0,1.0,0.0,0.0,0.0,0.0
6428,1.0,1.0,0.0,0.0,0.0,0.0
6429,0.948333333333333,1.0,0.0,0.0,0.0,0.0
6430,0.943333333333333,0.99,0.0,0.01,0.0,0.0
6431,0.9466666666666664,0.98,0.0,0.02,0.0,0.0
6432,0.9549999999999996,0.98,0.0,0.02,0.0,0.0
6433,0.9516666666666665,0.98,0.0,0.02,0.0,0.0
6434,0.99,0.98,0.0,0.02,0.0,0.0
6435,1.0,1.0,0.0,0.0,0.0,0.0
6436,1.0,1.0,0.0,0.0,0.0,0.0
6437,1.0,1.0,0.0,0.0,0.0,0.0
6438,1.0,1.0,0.0,0.0,0.0,0.0
6439,0.963333333333333,0.99,0.01,0.0,0.01,0.0
6440,0.9533333333333331,1.0,0.0,0.0,0.0,0.0
6441,0.938333333333333,1.0,0.0,0.0,0.0,0.0
6442,0.9499999999999998,1.0,0.0,0.0,0.0,0.0
6443,0.9533333333333331,1.0,0.0,0.0,0.0,0.0
6444,0.9933333333333334,0.99,0.0,0.01,0.0,0.0
6445,0.995,0.99,0.0,0.01,0.0,0.0
6446,1.0,1.0,0.0,0.0,0.0,0.0
6447,1.0,1.0,0.0,0.0,0.0,0.0
6448,1.0,1.0,0.0,0.0,0.0,0.0
6449,0.9549999999999998,1.0,0.0,0.0,0.0,0.0
6450,0.9499999999999997,1.0,0.0,0.0,0.0,0.0
6451,0.9199999999999996,1.0,0.0,0.0,0.0,0.0
6452,0.9480715823537327,1.0,0.0,0.0,0.0,0.0
6453,0.9483333333333333,0.99,0.0,0.01,0.0,0.0
6454,1.0,1.0,0.0,0.0,0.0,0.0
6455,1.0,1.0,0.0,0.0,0.0,0.0
6456,1.0,1.0,0.0,0.0,0.0,0.0
6457,1.0,1.0,0.0,0.0,0.0,0.0
6458,1.0,1.0,0.0,0.0,0.0,0.0
6459,0.958333333333333,1.0,0.0,0.0,0.0,0.0
6460,0.9580325544796602,0.99,0.0,0.0,0.01,0.0
6461,0.954699221146327,0.98,0.0,0.0,0.02,0.0
6462,0.9527317756259873,0.97,0.0,0.0,0.03,0.0
6463,0.9530325544796601,0.98,0.0,0.0,0.02,0.0
6464,1.0,0.98,0.0,0.0,0.02,0.0
6465,1.0,0.98,0.0,0.0,0.02,0.0
6466,1.0,0.99,0.0,0.0,0.01,0.0
6467,1.0,0.99,0.0,0.0,0.01,0.0
6468,1.0,0.99,0.0,0.0,0.01,0.0
6469,0.9666666666666665,1.0,0.0,0.0,0.0,0.0
6470,0.9566666666666663,1.0,0.0,0.0,0.0,0.0
6471,0.9416666666666663,1.0,0.0,0.0,0.0,0.0
6472,0.9599999999999997,0.99,0.0,0.01,0.0,0.0
6473,0.9633333333333333,0.98,0.0,0.02,0.0,0.0
6474,0.9816666666666667,0.95,0.0,0.04,0.01,0.0
6475,0.9966666666666666,0.96,0.0,0.02,0.02,0.0
6476,1.0,0.99,0.0,0.0,0.01,0.0
6477,1.0,1.0,0.0,0.0,0.0,0.0
6478,1.0,1.0,0.0,0.0,0.0,0.0
6479,0.9566666666666666,1.0,0.0,0.0,0.0,0.0
6480,0.9549999999999997,1.0,0.0,0.0,0.0,0.0
6481,0.9716666666666665,1.0,0.0,0.0,0.0,0.0
6482,0.9566666666666666,1.0,0.0,0.0,0.0,0.0
6483,0.9533333333333333,1.0,0.0,0.0,0.0,0.0
6484,0.995,1.0,0.0,0.0,0.0,0.0
6485,1.0,1.0,0.0,0.0,0.0,0.0
6486,1.0,0.99,0.0,0.0,0.01,0.0
6487,1.0,0.98,0.0,0.0,0.02,0.0
6488,0.995,0.98,0.0,0.0,0.02,0.0
6489,0.9399999999999997,0.97,0.0,0.0,0.03,0.0
6490,0.9416666666666664,0.97,0.0,0.0,0.03,0.0
6491,0.9349999999999996,0.97,0.0,0.0,0.03,0.0
6492,0.9633333333333332,1.0,0.0,0.0,0.0,0.0
6493,0.9466666666666665,1.0,0.0,0.0,0.0,0.0
6494,1.0,1.0,0.0,0.0,0.0,0.0
6495,0.9983333333333333,1.0,0.0,0.0,0.0,0.0
6496,1.0,1.0,0.0,0.0,0.0,0.0
6497,1.0,1.0,0.0,0.0,0.0,0.0
6498,1.0,1.0,0.0,0.0,0.0,0.0
6499,0.9749999999999999,1.0,0.0,0.0,0.0,0.0
6500,0.9683333333333333,1.0,0.0,0.0,0.0,0.0
6501,0.9549999999999996,1.0,0.0,0.0,0.0,0.0
6502,0.9449999999999997,1.0,0.0,0.0,0.0,0.0
6503,0.9633333333333333,1.0,0.0,0.0,0.0,0.0
6504,1.0,1.0,0.0,0.0,0.0,0.0
6505,1.0,1.0,0.0,0.0,0.0,0.0
6506,1.0,1.0,0.0,0.0,0.0,0.0
6507,1.0,1.0,0.0,0.0,0.0,0.0
6508,1.0,1.0,0.0,0.0,0.0,0.0
6509,0.9566666666666663,1.0,0.0,0.0,0.0,0.0
6510,0.9666666666666666,1.0,0.0,0.0,0.0,0.0
6511,0.95,1.0,0.0,0.0,0.0,0.0
6512,0.9699999999999999,1.0,0.0,0.0,0.0,0.0
6513,0.9499999999999997,1.0,0.0,0.0,0.0,0.0
6514,1.0,1.0,0.0,0.0,0.0,0.0
6515,1.0,1.0,0.0,0.0,0.0,0.0
6516,1.0,1.0,0.0,0.0,0.0,0.0
6517,1.0,1.0,0.0,0.0,0.0,0.0
6518,1.0,1.0,0.0,0.0,0.0,0.0
6519,0.9416666666666668,1.0,0.0,0.0,0.0,0.0
6520,0.9416666666666663,1.0,0.0,0.0,0.0,0.0
6521,0.9183333333333329,0.99,0.0,0.0,0.01,0.0
6522,0.96,1.0,0.0,0.0,0.0,0.0
6523,0.9599999999999999,1.0,0.0,0.0,0.0,0.0
6524,1.0,1.0,0.0,0.0,0.0,0.0
6525,1.0,1.0,0.0,0.0,0.0,0.0
6526,1.0,1.0,0.0,0.0,0.0,0.0
6527,1.0,1.0,0.0,0.0,0.0,0.0
6528,1.0,1.0,0.0,0.0,0.0,0.0
6529,0.9516666666666664,1.0,0.0,0.0,0.0,0.0
6530,0.9566666666666666,1.0,0.0,0.0,0.0,0.0
6531,0.9633333333333334,1.0,0.0,0.0,0.0,0.0
6532,0.955,1.0,0.0,0.0,0.0,0.0
6533,0.9433333333333332,1.0,0.0,0.0,0.0,0.0
6534,1.0,1.0,0.0,0.0,0.0,0.0
6535,1.0,1.0,0.0,0.0,0.0,0.0
6536,1.0,1.0,0.0,0.0,0.0,0.0
6537,1.0,1.0,0.0,0.0,0.0,0.0
6538,1.0,1.0,0.0,0.0,0.0,0.0
6539,0.9316666666666664,1.0,0.0,0.0,0.0,0.0
6540,0.9599999999999997,1.0,0.0,0.0,0.0,0.0
6541,0.9564271030630209,1.0,0.0,0.0,0.0,0.0
6542,0.948333333333333,1.0,0.0,0.0,0.0,0.0
6543,0.9516666666666665,1.0,0.0,0.0,0.0,0.0
6544,0.9966666666666667,0.99,0.0,0.01,0.0,0.0
6545,1.0,1.0,0.0,0.0,0.0,0.0
6546,1.0,1.0,0.0,0.0,0.0,0.0
6547,1.0,1.0,0.0,0.0,0.0,0.0
6548,1.0,1.0,0.0,0.0,0.0,0.0
6549,0.9466666666666664,1.0,0.0,0.0,0.0,0.0
6550,0.9533333333333333,1.0,0.0,0.0,0.0,0.0
6551,0.9433333333333332,1.0,0.0,0.0,0.0,0.0
6552,0.9616666666666663,1.0,0.0,0.0,0.0,0.0
6553,0.9599999999999999,1.0,0.0,0.0,0.0,0.0
6554,0.9933333333333333,1.0,0.0,0.0,0.0,0.0
6555,1.0,1.0,0.0,0.0,0.0,0.0
6556,0.995,1.0,0.0,0.0,0.0,0.0
6557,1.0,1.0,0.0,0.0,0.0,0.0
6558,1.0,1.0,0.0,0.0,0.0,0.0
6559,0.9566666666666663,1.0,0.0,0.0,0.0,0.0
6560,0.9566666666666664,1.0,0.0,0.0,0.0,0.0
6561,0.9566666666666661,1.0,0.0,0.0,0.0,0.0
6562,0.9666666666666667,1.0,0.0,0.0,0.0,0.0
6563,0.9566666666666666,1.0,0.0,0.0,0.0,0.0
6564,1.0,1.0,0.0,0.0,0.0,0.0
6565,1.0,1.0,0.0,0.0,0.0,0.0
6566,1.0,1.0,0.0,0.0,0.0,0.0
6567,1.0,1.0,0.0,0.0,0.0,0.0
6568,1.0,1.0,0.0,0.0,0.0,0.0
6569,0.9416666666666664,1.0,0.0,0.0,0.0,0.0
6570,0.9666666666666665,1.0,0.0,0.0,0.0,0.0
6571,0.9516666666666663,1.0,0.0,0.0,0.0,0.0
6572,0.9516666666666664,1.0,0.0,0.0,0.0,0.0
6573,0.9616666666666666,1.0,0.0,0.0,0.0,0.0
6574,1.0,1.0,0.0,0.0,0.0,0.0
6575,1.0,1.0,0.0,0.0,0.0,0.0
6576,1.0,1.0,0.0,0.0,0.0,0.0
6577,1.0,1.0,0.0,0.0,0.0,0.0
6578,1.0,1.0,0.0,0.0,0.0,0.0
6579,0.9633333333333332,1.0,0.0,0.0,0.0,0.0
6580,0.9599999999999999,1.0,0.0,0.0,0.0,0.0
6581,0.9716666666666667,1.0,0.0,0.0,0.0,0.0
6582,0.9616666666666663,1.0,0.0,0.0,0.0,0.0
6583,0.9466666666666663,1.0,0.0,0.0,0.0,0.0
6584,1.0,1.0,0.0,0.0,0.0,0.0
6585,1.0,1.0,0.0,0.0,0.0,0.0
6586,0.9970407713201476,0.99,0.0,0.01,0.0,0.0
6587,0.9979520506003472,0.99,0.0,0.01,0.0,0.0
6588,1.0,1.0,0.0,0.0,0.0,0.0
6589,0.948333333333333,0.99,0.0,0.0,0.01,0.0
6590,0.958333333333333,0.97,0.0,0.01,0.02,0.0
6591,0.9633333333333332,1.0,0.0,0.0,0.0,0.0
6592,0.9599999999999997,1.0,0.0,0.0,0.0,0.0
6593,0.9499999999999998,1.0,0.0,0.0,0.0,0.0
6594,1.0,0.99,0.0,0.0,0.01,0.0
6595,1.0,0.96,0.0,0.0,0.04,0.0
6596,1.0,1.0,0.0,0.0,0.0,0.0
6597,0.995,1.0,0.0,0.0,0.0,0.0
6598,1.0,1.0,0.0,0.0,0.0,0.0
6599,0.9649999999999999,0.99,0.0,0.01,0.0,0.0
6600,0.9549999999999997,1.0,0.0,0.0,0.0,0.0
6601,0.9433333333333332,1.0,0.0,0.0,0.0,0.0
6602,0.9499999999999996,1.0,0.0,0.0,0.0,0.0
6603,0.9549999999999998,1.0,0.0,0.0,0.0,0.0
6604,1.0,1.0,0.0,0.0,0.0,0.0
6605,1.0,1.0,0.0,0.0,0.0,0.0
6606,1.0,1.0,0.0,0.0,0.0,0.0
6607,1.0,1.0,0.0,0.0,0.0,0.0
6608,1.0,1.0,0.0,0.0,0.0,0.0
6609,0.9599999999999997,1.0,0.0,0.0,0.0,0.0
6610,0.9566666666666664,1.0,0.0,0.0,0.0,0.0
6611,0.9599999999999999,1.0,0.0,0.0,0.0,0.0
6612,0.9516666666666663,1.0,0.0,0.0,0.0,0.0
6613,0.9566666666666666,1.0,0.0,0.0,0.0,0.0
6614,1.0,1.0,0.0,0.0,0.0,0.0
6615,1.0,1.0,0.0,0.0,0.0,0.0
6616,1.0,0.99,0.0,0.0,0.01,0.0
6617,1.0,0.98,0.0,0.0,0.02,0.0
6618,1.0,0.98,0.0,0.0,0.02,0.0
6619,0.9499999999999998,0.99,0.01,0.0,0.01,0.0
6620,0.9466666666666664,1.0,0.01,0.0,0.0,0.0
6621,0.9599999999999995,1.0,0.01,0.0,0.0,0.0
6622,0.9416666666666663,1.0,0.02,0.0,0.0,0.0
6623,0.9533333333333331,1.0,0.02,0.0,0.0,0.0
6624,1.0,1.0,0.01,0.0,0.0,0.0
6625,1.0,1.0,0.01,0.0,0.0,0.0
6626,1.0,0.99,0.0,0.0,0.01,0.0
6627,0.9933333333333333,0.99,0.0,0.0,0.01,0.0
6628,1.0,0.99,0.0,0.0,0.01,0.0
6629,0.9583333333333333,0.99,0.0,0.0,0.01,0.0
6630,0.968333333333333,0.98,0.0,0.0,0.02,0.0
6631,0.9416666666666664,1.0,0.0,0.0,0.0,0.0
6632,0.9483333333333333,1.0,0.0,0.0,0.0,0.0
6633,0.9416666666666664,1.0,0.0,0.0,0.0,0.0
6634,1.0,1.0,0.0,0.0,0.0,0.0
6635,1.0,1.0,0.0,0.0,0.0,0.0
6636,1.0,1.0,0.0,0.0,0.0,0.0
6637,1.0,1.0,0.0,0.0,0.0,0.0
6638,1.0,1.0,0.0,0.0,0.0,0.0
6639,0.9549999999999997,0.98,0.0,0.02,0.0,0.0
6640,0.9516666666666669,0.98,0.0,0.02,0.0,0.0
6641,0.9416666666666663,0.99,0.0,0.01,0.0,0.0
6642,0.9466666666666664,0.97,0.0,0.03,0.0,0.0
6643,0.968333333333333,0.98,0.0,0.02,0.0,0.0
6644,0.9916666666666666,0.98,0.0,0.02,0.0,0.0
6645,0.9783333333333334,0.96,0.0,0.04,0.0,0.0
6646,1.0,1.0,0.0,0.0,0.0,0.0
6647,1.0,1.0,0.0,0.0,0.0,0.0
6648,0.99,0.99,0.0,0.01,0.0,0.0
6649,0.9733333333333334,1.0,0.0,0.0,0.0,0.0
6650,0.9683333333333334,1.0,0.0,0.0,0.0,0.0
6651,0.9583333333333331,1.0,0.0,0.0,0.0,0.0
6652,0.9566666666666664,1.0,0.0,0.0,0.0,0.0
6653,0.9533333333333333,0.99,0.0,0.01,0.0,0.0
6654,0.995,0.99,0.0,0.01,0.0,0.0
6655,1.0,1.0,0.0,0.0,0.0,0.0
6656,1.0,1.0,0.0,0.0,0.0,0.0
6657,1.0,1.0,0.0,0.0,0.0,0.0
6658,1.0,1.0,0.0,0.0,0.0,0.0
6659,0.9416666666666664,1.0,0.0,0.0,0.0,0.0
6660,0.9583333333333331,1.0,0.0,0.0,0.0,0.0
6661,0.9416666666666668,1.0,0.0,0.0,0.0,0.0
6662,0.9399999999999997,1.0,0.0,0.0,0.0,0.0
6663,0.9583333333333333,1.0,0.0,0.0,0.0,0.0
6664,1.0,1.0,0.0,0.0,0.0,0.0
6665,1.0,1.0,0.0,0.0,0.0,0.0
6666,1.0,1.0,0.0,0.0,0.0,0.0
6667,1.0,1.0,0.0,0.0,0.0,0.0
6668,1.0,1.0,0.0,0.0,0.0,0.0
6669,0.9533333333333331,1.0,0.0,0.0,0.0,0.0
6670,0.9583333333333331,1.0,0.0,0.0,0.0,0.0
6671,0.9549999999999993,1.0,0.0,0.0,0.0,0.0
6672,0.9449999999999997,1.0,0.0,0.0,0.0,0.0
6673,0.9649999999999999,1.0,0.0,0.0,0.0,0.0
6674,1.0,1.0,0.0,0.0,0.0,0.0
6675,1.0,1.0,0.0,0.0,0.0,0.0
6676,1.0,1.0,0.0,0.0,0.0,0.0
6677,1.0,1.0,0.0,0.0,0.0,0.0
6678,1.0,1.0,0.0,0.0,0.0,0.0
6679,0.9499999999999998,1.0,0.0,0.0,0.0,0.0
6680,0.9616666666666664,1.0,0.0,0.0,0.0,0.0
6681,0.945,1.0,0.0,0.0,0.0,0.0
6682,0.9599999999999997,1.0,0.0,0.0,0.0,0.0
6683,0.9483333333333331,0.99,0.0,0.0,0.01,0.0
6684,1.0,0.99,0.0,0.0,0.01,0.0
6685,1.0,1.0,0.0,0.0,0.0,0.0
6686,1.0,0.99,0.0,0.0,0.01,0.0
6687,1.0,0.99,0.0,0.0,0.01,0.0
6688,1.0,0.98,0.0,0.0,0.02,0.0
6689,0.9549999999999997,1.0,0.0,0.0,0.0,0.0
6690,0.9399999999999998,1.0,0.0,0.0,0.0,0.0
6691,0.9499999999999998,1.0,0.0,0.0,0.0,0.0
6692,0.9366666666666665,1.0,0.0,0.0,0.0,0.0
6693,0.9566666666666663,1.0,0.0,0.0,0.0,0.0
6694,1.0,1.0,0.0,0.0,0.0,0.0
6695,1.0,1.0,0.0,0.0,0.0,0.0
6696,1.0,1.0,0.0,0.0,0.0,0.0
6697,1.0,1.0,0.0,0.0,0.0,0.0
6698,1.0,1.0,0.0,0.0,0.0,0.0
6699,0.9466666666666665,1.0,0.0,0.0,0.0,0.0
6700,0.9499999999999997,0.99,0.0,0.01,0.0,0.0
6701,0.9599999999999999,1.0,0.0,0.0,0.0,0.0
6702,0.9566666666666666,1.0,0.0,0.0,0.0,0.0
6703,0.9566666666666666,1.0,0.0,0.0,0.0,0.0
6704,1.0,1.0,0.0,0.0,0.0,0.0
6705,1.0,1.0,0.0,0.0,0.0,0.0
6706,1.0,1.0,0.0,0.0,0.0,0.0
6707,1.0,1.0,0.0,0.0,0.0,0.0
6708,0.9983333333333334,0.99,0.0,0.01,0.0,0.0
6709,0.958333333333333,1.0,0.0,0.0,0.0,0.0
6710,0.9633333333333332,1.0,0.0,0.0,0.0,0.0
6711,0.9683333333333332,0.99,0.0,0.01,0.0,0.0
6712,0.9666666666666665,0.99,0.0,0.01,0.0,0.0
6713,0.9566666666666666,1.0,0.0,0.0,0.0,0.0
6714,1.0,1.0,0.0,0.0,0.0,0.0
6715,1.0,1.0,0.0,0.0,0.0,0.0
6716,1.0,0.99,0.0,0.0,0.01,0.0
6717,1.0,1.0,0.0,0.0,0.0,0.0
6718,1.0,1.0,0.0,0.0,0.0,0.0
6719,0.9566666666666664,1.0,0.0,0.0,0.0,0.0
6720,0.9452107320220071,1.0,0.0,0.0,0.0,0.0
6721,0.9533333333333333,0.99,0.0,0.01,0.0,0.0
6722,0.9516666666666665,0.97,0.0,0.02,0.01,0.0
6723,0.94,0.97,0.0,0.03,0.0,0.0
6724,0.995,0.97,0.0,0.03,0.0,0.0
6725,0.9966666666666667,0.98,0.0,0.02,0.0,0.0
6726,0.9966666666666666,0.98,0.0,0.02,0.0,0.0
6727,0.9833333333333333,0.95,0.0,0.05,0.0,0.0
6728,0.9983333333333333,0.99,0.0,0.01,0.0,0.0
6729,0.9516666666666663,1.0,0.0,0.0,0.0,0.0
6730,0.9616666666666666,1.0,0.0,0.0,0.0,0.0
6731,0.9749999999999998,1.0,0.0,0.0,0.0,0.0
6732,0.943333333333333,1.0,0.0,0.0,0.0,0.0
6733,0.9616666666666664,1.0,0.0,0.0,0.0,0.0
6734,0.9983333333333334,0.99,0.0,0.01,0.0,0.0
6735,1.0,1.0,0.0,0.0,0.0,0.0
6736,1.0,1.0,0.0,0.0,0.0,0.0
6737,1.0,1.0,0.0,0.0,0.0,0.0
6738,1.0,1.0,0.0,0.0,0.0,0.0
6739,0.9716666666666665,1.0,0.0,0.0,0.0,0.0
6740,0.9516666666666664,1.0,0.0,0.0,0.0,0.0
6741,0.9549999999999997,1.0,0.0,0.0,0.0,0.0
6742,0.948333333333333,1.0,0.0,0.0,0.0,0.0
6743,0.9533333333333331,1.0,0.0,0.0,0.0,0.0
6744,1.0,1.0,0.0,0.0,0.0,0.0
6745,0.9973964488854848,0.99,0.0,0.01,0.0,0.0
6746,0.9907297822188182,0.98,0.0,0.02,0.0,0.0
6747,1.0,1.0,0.0,0.0,0.0,0.0
6748,1.0,1.0,0.0,0.0,0.0,0.0
6749,0.9549999999999997,0.99,0.0,0.0,0.01,0.0
6750,0.9633333333333332,1.0,0.0,0.0,0.0,0.0
6751,0.9533333333333333,0.99,0.0,0.01,0.0,0.0
6752,0.9716666666666665,0.98,0.0,0.02,0.0,0.0
6753,0.95,0.97,0.0,0.03,0.0,0.0
6754,0.99,0.98,0.0,0.02,0.0,0.0
6755,0.9983333333333334,0.99,0.0,0.01,0.0,0.0
6756,0.9916666666666666,0.98,0.0,0.02,0.0,0.0
6757,1.0,1.0,0.0,0.0,0.0,0.0
6758,1.0,1.0,0.0,0.0,0.0,0.0
6759,0.9666666666666665,1.0,0.0,0.0,0.0,0.0
6760,0.9533333333333335,1.0,0.0,0.0,0.0,0.0
6761,0.948333333333333,1.0,0.0,0.0,0.0,0.0
6762,0.9533333333333328,1.0,0.0,0.0,0.0,0.0
6763,0.9599999999999997,1.0,0.0,0.0,0.0,0.0
6764,1.0,1.0,0.0,0.0,0.0,0.0
6765,1.0,1.0,0.0,0.0,0.0,0.0
6766,1.0,1.0,0.0,0.0,0.0,0.0
6767,1.0,1.0,0.0,0.0,0.0,0.0
6768,1.0,1.0,0.0,0.0,0.0,0.0
6769,0.9499999999999998,1.0,0.0,0.0,0.0,0.0
6770,0.9499999999999996,1.0,0.0,0.0,0.0,0.0
6771,0.9649999999999997,1.0,0.0,0.0,0.0,0.0
6772,0.9533333333333333,1.0,0.0,0.0,0.0,0.0
6773,0.9499999999999997,1.0,0.0,0.0,0.0,0.0
6774,1.0,1.0,0.0,0.0,0.0,0.0
6775,1.0,0.99,0.0,0.0,0.01,0.0
6776,1.0,1.0,0.0,0.0,0.0,0.0
6777,1.0,1.0,0.0,0.0,0.0,0.0
6778,1.0,1.0,0.0,0.0,0.0,0.0
6779,0.9499999999999998,1.0,0.0,0.0,0.0,0.0
6780,0.953333333333333,1.0,0.0,0.0,0.0,0.0
6781,0.9566666666666667,1.0,0.0,0.0,0.0,0.0
6782,0.9566666666666666,1.0,0.0,0.0,0.0,0.0
6783,0.9433333333333332,0.99,0.0,0.0,0.01,0.0
6784,1.0,0.99,0.0,0.0,0.01,0.0
6785,1.0,0.98,0.0,0.0,0.02,0.0
6786,1.0,0.97,0.0,0.0,0.03,0.0
6787,1.0,0.98,0.0,0.0,0.02,0.0
6788,1.0,0.98,0.0,0.0,0.02,0.0
6789,0.9316666666666664,0.95,0.0,0.0,0.05,0.0
6790,0.9383333333333331,0.98,0.0,0.0,0.02,0.0
6791,0.9416666666666664,0.99,0.0,0.0,0.01,0.0
6792,0.9516666666666664,0.98,0.0,0.0,0.02,0.0
6793,0.9683333333333334,1.0,0.0,0.0,0.0,0.0
6794,1.0,1.0,0.0,0.0,0.0,0.0
6795,1.0,1.0,0.0,0.0,0.0,0.0
6796,1.0,1.0,0.0,0.0,0.0,0.0
6797,1.0,1.0,0.0,0.0,0.0,0.0
6798,1.0,1.0,0.0,0.0,0.0,0.0
6799,0.9533333333333331,1.0,0.0,0.0,0.0,0.0
6800,0.9683333333333332,1.0,0.0,0.0,0.0,0.0
6801,0.948333333333333,1.0,0.0,0.0,0.0,0.0
6802,0.9566666666666666,1.0,0.0,0.0,0.0,0.0
6803,0.9449999999999994,1.0,0.0,0.0,0.0,0.0
6804,1.0,1.0,0.0,0.0,0.0,0.0
6805,1.0,1.0,0.0,0.0,0.0,0.0
6806,1.0,1.0,0.0,0.0,0.0,0.0
6807,1.0,1.0,0.0,0.0,0.0,0.0
6808,1.0,1.0,0.0,0.0,0.0,0.0
6809,0.9566666666666664,1.0,0.0,0.0,0.0,0.0
6810,0.9566666666666663,1.0,0.0,0.0,0.0,0.0
6811,0.9449999999999998,0.97,0.0,0.02,0.01,0.0
6812,0.9533333333333328,1.0,0.0,0.0,0.0,0.0
6813,0.9546808223609807,0.99,0.0,0.0,0.01,0.0
6814,1.0,1.0,0.0,0.0,0.0,0.0
6815,1.0,1.0,0.0,0.0,0.0,0.0
6816,1.0,1.0,0.0,0.0,0.0,0.0
6817,1.0,1.0,0.0,0.0,0.0,0.0
6818,1.0,1.0,0.0,0.0,0.0,0.0
6819,0.9499999999999998,1.0,0.0,0.0,0.0,0.0
6820,0.9716666666666666,1.0,0.0,0.0,0.0,0.0
6821,0.9516666666666664,1.0,0.0,0.0,0.0,0.0
6822,0.9549999999999998,1.0,0.0,0.0,0.0,0.0
6823,0.9583333333333333,1.0,0.0,0.0,0.0,0.0
6824,1.0,1.0,0.0,0.0,0.0,0.0
6825,1.0,1.0,0.0,0.0,0.0,0.0
6826,0.995,1.0,0.0,0.0,0.0,0.0
6827,0.9933333333333333,1.0,0.0,0.0,0.0,0.0
6828,0.9933333333333334,1.0,0.0,0.0,0.0,0.0
6829,0.9583333333333331,1.0,0.0,0.0,0.0,0.0
6830,0.9416666666666668,1.0,0.0,0.0,0.0,0.0
6831,0.9566666666666664,1.0,0.0,0.0,0.0,0.0
6832,0.9466666666666664,1.0,0.0,0.0,0.0,0.0
6833,0.9649999999999999,1.0,0.0,0.0,0.0,0.0
6834,1.0,1.0,0.0,0.0,0.0,0.0
6835,1.0,1.0,0.0,0.0,0.0,0.0
6836,1.0,1.0,0.0,0.0,0.0,0.0
6837,1.0,1.0,0.0,0.0,0.0,0.0
6838,1.0,1.0,0.0,0.0,0.0,0.0
6839,0.968333333333333,1.0,0.0,0.0,0.0,0.0
6840,0.9666666666666665,1.0,0.0,0.0,0.0,0.0
6841,0.9549999999999998,1.0,0.0,0.0,0.0,0.0
6842,0.945,1.0,0.0,0.0,0.0,0.0
6843,0.953333333333333,1.0,0.0,0.0,0.0,0.0
6844,1.0,1.0,0.0,0.0,0.0,0.0
6845,1.0,1.0,0.0,0.0,0.0,0.0
6846,1.0,1.0,0.0,0.0,0.0,0.0
6847,1.0,1.0,0.0,0.0,0.0,0.0
6848,1.0,1.0,0.0,0.0,0.0,0.0
6849,0.96,1.0,0.0,0.0,0.0,0.0
6850,0.9549999999999998,1.0,0.0,0.0,0.0,0.0
6851,0.9549999999999998,1.0,0.0,0.0,0.0,0.0
6852,0.9799999999999999,1.0,0.0,0.0,0.0,0.0
6853,0.965,1.0,0.0,0.0,0.0,0.0
6854,1.0,1.0,0.0,0.0,0.0,0.0
6855,1.0,1.0,0.0,0.0,0.0,0.0
6856,1.0,1.0,0.0,0.0,0.0,0.0
6857,1.0,1.0,0.0,0.0,0.0,0.0
6858,1.0,1.0,0.0,0.0,0.0,0.0
6859,0.9616666666666664,0.99,0.0,0.01,0.0,0.0
6860,0.9416666666666668,0.99,0.0,0.01,0.0,0.0
6861,0.9633333333333333,0.99,0.0,0.0,0.01,0.0
6862,0.9616666666666667,1.0,0.0,0.0,0.0,0.0
6863,0.9549999999999998,1.0,0.0,0.0,0.0,0.0
6864,1.0,1.0,0.0,0.0,0.0,0.0
6865,1.0,1.0,0.0,0.0,0.0,0.0
6866,0.9966666666666667,1.0,0.0,0.0,0.0,0.0
6867,1.0,1.0,0.0,0.0,0.0,0.0
6868,0.995,1.0,0.0,0.0,0.0,0.0
6869,0.9633333333333333,1.0,0.0,0.0,0.0,0.0
6870,0.9683333333333333,1.0,0.0,0.0,0.0,0.0
6871,0.9649999999999997,1.0,0.0,0.0,0.0,0.0
6872,0.9549999999999997,1.0,0.0,0.0,0.0,0.0
6873,0.9533333333333331,1.0,0.0,0.0,0.0,0.0
6874,0.9933333333333334,1.0,0.0,0.0,0.0,0.0
6875,1.0,1.0,0.0,0.0,0.0,0.0
6876,1.0,1.0,0.0,0.0,0.0,0.0
6877,1.0,1.0,0.0,0.0,0.0,0.0
6878,1.0,1.0,0.0,0.0,0.0,0.0
6879,0.9583333333333331,1.0,0.0,0.0,0.0,0.0
6880,0.9691165966051583,1.0,0.0,0.0,0.0,0.0
6881,0.9466666666666664,1.0,0.0,0.0,0.0,0.0
6882,0.9516666666666665,1.0,0.0,0.0,0.0,0.0
6883,0.96,1.0,0.0,0.0,0.0,0.0
6884,1.0,1.0,0.0,0.0,0.0,0.0
6885,1.0,1.0,0.0,0.0,0.0,0.0
6886,1.0,1.0,0.0,0.0,0.0,0.0
6887,1.0,0.99,0.0,0.0,0.01,0.0
6888,1.0,0.99,0.0,0.0,0.01,0.0
6889,0.9516666666666665,0.98,0.0,0.0,0.02,0.0
6890,0.9566666666666666,0.97,0.0,0.0,0.03,0.0
6891,0.9599999999999999,0.97,0.0,0.0,0.03,0.0
6892,0.95,0.98,0.0,0.0,0.02,0.0
6893,0.9649999999999999,0.96,0.0,0.0,0.04,0.0
6894,1.0,0.96,0.0,0.0,0.04,0.0
6895,1.0,0.96,0.0,0.0,0.04,0.0
6896,1.0,0.98,0.0,0.0,0.02,0.0
6897,1.0,0.96,0.0,0.0,0.04,0.0
6898,1.0,0.97,0.0,0.0,0.03,0.0
6899,0.9649999999999997,0.97,0.0,0.0,0.03,0.0
6900,0.9516666666666663,0.97,0.0,0.0,0.03,0.0
6901,0.948333333333333,0.97,0.0,0.0,0.03,0.0
6902,0.97,0.98,0.0,0.0,0.02,0.0
6903,0.9516666666666664,0.98,0.0,0.0,0.02,0.0
6904,0.9966666666666667,0.98,0.0,0.01,0.01,0.0
6905,1.0,0.99,0.0,0.0,0.01,0.0
6906,1.0,0.98,0.0,0.0,0.02,0.0
6907,1.0,0.98,0.0,0.0,0.02,0.0
6908,1.0,0.98,0.0,0.0,0.02,0.0
6909,0.9699999999999999,1.0,0.0,0.0,0.0,0.0
6910,0.9533333333333331,1.0,0.0,0.0,0.0,0.0
6911,0.953333333333333,0.99,0.0,0.01,0.0,0.0
6912,0.9549999999999997,0.99,0.0,0.01,0.0,0.0
6913,0.9599999999999999,0.99,0.0,0.01,0.0,0.0
6914,1.0,1.0,0.0,0.0,0.0,0.0
6915,1.0,1.0,0.0,0.0,0.0,0.0
6916,1.0,0.99,0.0,0.0,0.01,0.0
6917,1.0,0.99,0.0,0.0,0.01,0.0
6918,1.0,1.0,0.0,0.0,0.0,0.0
6919,0.9583333333333333,1.0,0.0,0.0,0.0,0.0
6920,0.9599999999999999,1.0,0.0,0.0,0.0,0.0
6921,0.9649999999999999,1.0,0.0,0.0,0.0,0.0
6922,0.9583333333333333,1.0,0.0,0.0,0.0,0.0
6923,0.9599999999999997,1.0,0.0,0.0,0.0,0.0
6924,1.0,1.0,0.0,0.0,0.0,0.0
6925,1.0,1.0,0.0,0.0,0.0,0.0
6926,1.0,1.0,0.0,0.0,0.0,0.0
6927,1.0,1.0,0.0,0.0,0.0,0.0
6928,1.0,1.0,0.0,0.0,0.0,0.0
6929,0.9516666666666664,1.0,0.0,0.0,0.0,0.0
6930,0.9566666666666663,1.0,0.0,0.0,0.0,0.0
6931,0.98,1.0,0.0,0.0,0.0,0.0
6932,0.97,1.0,0.0,0.0,0.0,0.0
6933,0.9566666666666666,1.0,0.0,0.0,0.0,0.0
6934,0.995,0.99,0.0,0.01,0.0,0.0
6935,0.995,0.99,0.0,0.01,0.0,0.0
6936,1.0,1.0,0.0,0.0,0.0,0.0
6937,1.0,1.0,0.0,0.0,0.0,0.0
6938,1.0,1.0,0.0,0.0,0.0,0.0
6939,0.9566666666666666,1.0,0.0,0.0,0.0,0.0
6940,0.9516666666666665,1.0,0.0,0.0,0.0,0.0
6941,0.9533333333333333,1.0,0.0,0.0,0.0,0.0
6942,0.9483333333333333,0.99,0.0,0.0,0.01,0.0
6943,0.9616666666666663,1.0,0.0,0.0,0.0,0.0
6944,1.0,1.0,0.0,0.0,0.0,0.0
6945,1.0,1.0,0.0,0.0,0.0,0.0
6946,1.0,0.99,0.0,0.0,0.01,0.0
6947,1.0,0.99,0.0,0.0,0.01,0.0
6948,1.0,1.0,0.0,0.0,0.0,0.0
6949,0.9616666666666666,1.0,0.0,0.0,0.0,0.0
6950,0.955,1.0,0.0,0.0,0.0,0.0
6951,0.9416666666666664,1.0,0.0,0.0,0.0,0.0
6952,0.9683333333333333,1.0,0.0,0.0,0.0,0.0
6953,0.9549999999999996,1.0,0.0,0.0,0.0,0.0
6954,1.0,1.0,0.0,0.0,0.0,0.0
6955,0.995,1.0,0.0,0.0,0.0,0.0
6956,1.0,1.0,0.0,0.0,0.0,0.0
6957,1.0,1.0,0.0,0.0,0.0,0.0
6958,0.9918981376095651,0.99,0.0,0.01,0.0,0.0
6959,0.9666666666666666,1.0,0.0,0.0,0.0,0.0
6960,0.9483333333333331,1.0,0.0,0.0,0.0,0.0
6961,0.9566666666666664,1.0,0.0,0.0,0.0,0.0
6962,0.9733333333333333,1.0,0.0,0.0,0.0,0.0
6963,0.9549999999999997,1.0,0.0,0.0,0.0,0.0
6964,1.0,1.0,0.0,0.0,0.0,0.0
6965,0.9933333333333334,0.99,0.0,0.01,0.0,0.0
6966,0.995,1.0,0.0,0.0,0.0,0.0
6967,1.0,1.0,0.0,0.0,0.0,0.0
6968,1.0,1.0,0.0,0.0,0.0,0.0
6969,0.9583333333333333,1.0,0.0,0.0,0.0,0.0
6970,0.9649999999999999,0.99,0.0,0.0,0.01,0.0
6971,0.9399999999999998,1.0,0.0,0.0,0.0,0.0
6972,0.9616666666666666,1.0,0.0,0.0,0.0,0.0
6973,0.9533333333333328,1.0,0.0,0.0,0.0,0.0
6974,1.0,1.0,0.0,0.0,0.0,0.0
6975,1.0,1.0,0.0,0.0,0.0,0.0
6976,1.0,1.0,0.0,0.0,0.0,0.0
6977,0.9966666666666666,1.0,0.0,0.0,0.0,0.0
6978,1.0,1.0,0.0,0.0,0.0,0.0
6979,0.9583333333333331,1.0,0.0,0.0,0.0,0.0
6980,0.9566666666666666,1.0,0.0,0.0,0.0,0.0
6981,0.9549999999999998,1.0,0.0,0.0,0.0,0.0
6982,0.9683333333333332,1.0,0.0,0.0,0.0,0.0
6983,0.9666666666666666,1.0,0.0,0.0,0.0,0.0
6984,1.0,1.0,0.0,0.0,0.0,0.0
6985,1.0,1.0,0.0,0.0,0.0,0.0
6986,1.0,1.0,0.0,0.0,0.0,0.0
6987,1.0,1.0,0.0,0.0,0.0,0.0
6988,0.9966666666666667,0.98,0.0,0.02,0.0,0.0
6989,0.9516666666666663,0.97,0.0,0.03,0.0,0.0
6990,0.9616666666666666,0.96,0.0,0.04,0.0,0.0
6991,0.9566666666666666,1.0,0.0,0.0,0.0,0.0
6992,0.943333333333333,1.0,0.0,0.0,0.0,0.0
6993,0.9599999999999997,1.0,0.0,0.0,0.0,0.0
6994,1.0,1.0,0.0,0.0,0.0,0.0
6995,1.0,0.99,0.0,0.0,0.01,0.0
6996,1.0,1.0,0.0,0.0,0.0,0.0
6997,1.0,1.0,0.0,0.0,0.0,0.0
6998,1.0,1.0,0.0,0.0,0.0,0.0
6999,0.9566666666666664,1.0,0.0,0.0,0.0,0.0
7000,0.9649999999999997,1.0,0.0,0.0,0.0,0.0
7001,0.9433333333333332,1.0,0.0,0.0,0.0,0.0
7002,0.9449999999999997,1.0,0.0,0.0,0.0,0.0
7003,0.9649999999999999,1.0,0.01,0.0,0.0,0.0
7004,1.0,1.0,0.01,0.0,0.0,0.0
7005,1.0,1.0,0.03,0.0,0.0,0.0
7006,1.0,1.0,0.07,0.0,0.0,0.0
7007,1.0,1.0,0.09,0.0,0.0,0.0
7008,1.0,1.0,0.08,0.0,0.0,0.0
7009,0.9583333333333331,0.99,0.1,0.01,0.0,0.0
7010,0.9683333333333333,1.0,0.15,0.0,0.0,0.0
7011,0.9666666666666665,1.0,0.13,0.0,0.0,0.0
7012,0.9649999999999995,1.0,0.16,0.0,0.0,0.0
7013,0.9716666666666665,1.0,0.14,0.0,0.0,0.0
7014,1.0,1.0,0.07,0.0,0.0,0.0
7015,1.0,1.0,0.05,0.0,0.0,0.0
7016,1.0,1.0,0.04,0.0,0.0,0.0
7017,1.0,1.0,0.04,0.0,0.0,0.0
7018,1.0,1.0,0.05,0.0,0.0,0.0
7019,0.9649999999999999,1.0,0.03,0.0,0.0,0.0
7020,0.9583333333333333,1.0,0.03,0.0,0.0,0.0
7021,0.9499999999999997,1.0,0.04,0.0,0.0,0.0
7022,0.9649999999999999,1.0,0.04,0.0,0.0,0.0
7023,0.9716666666666666,1.0,0.03,0.0,0.0,0.0
7024,1.0,1.0,0.03,0.0,0.0,0.0
7025,1.0,1.0,0.03,0.0,0.0,0.0
7026,1.0,1.0,0.03,0.0,0.0,0.0
7027,1.0,1.0,0.02,0.0,0.0,0.0
7028,1.0,1.0,0.0,0.0,0.0,0.0
7029,0.973333333333333,1.0,0.0,0.0,0.0,0.0
7030,0.9633333333333332,1.0,0.0,0.0,0.0,0.0
7031,0.9416666666666663,1.0,0.0,0.0,0.0,0.0
7032,0.9533333333333331,1.0,0.0,0.0,0.0,0.0
7033,0.9733333333333332,1.0,0.0,0.0,0.0,0.0
7034,1.0,1.0,0.0,0.0,0.0,0.0
7035,1.0,1.0,0.0,0.0,0.0,0.0
7036,1.0,1.0,0.0,0.0,0.0,0.0
7037,1.0,1.0,0.0,0.0,0.0,0.0
7038,0.9933333333333333,0.99,0.0,0.01,0.0,0.0
7039,0.96,1.0,0.0,0.0,0.0,0.0
7040,0.9616666666666664,1.0,0.0,0.0,0.0,0.0
7041,0.9733333333333332,1.0,0.0,0.0,0.0,0.0
7042,0.9533333333333331,1.0,0.0,0.0,0.0,0.0
7043,0.9516666666666661,1.0,0.0,0.0,0.0,0.0
7044,1.0,1.0,0.0,0.0,0.0,0.0
7045,1.0,1.0,0.0,0.0,0.0,0.0
7046,1.0,1.0,0.0,0.0,0.0,0.0
7047,1.0,1.0,0.0,0.0,0.0,0.0
7048,1.0,1.0,0.0,0.0,0.0,0.0
7049,0.9399999999999994,1.0,0.0,0.0,0.0,0.0
7050,0.9466666666666664,1.0,0.0,0.0,0.0,0.0
7051,0.9616666666666666,1.0,0.0,0.0,0.0,0.0
7052,0.9599999999999995,1.0,0.0,0.0,0.0,0.0
7053,0.9453126234457239,1.0,0.0,0.0,0.0,0.0
7054,1.0,1.0,0.0,0.0,0.0,0.0
7055,1.0,1.0,0.0,0.0,0.0,0.0
7056,1.0,1.0,0.0,0.0,0.0,0.0
7057,1.0,1.0,0.0,0.0,0.0,0.0
7058,1.0,1.0,0.0,0.0,0.0,0.0
7059,0.9449999999999998,1.0,0.0,0.0,0.0,0.0
7060,0.9649999999999999,1.0,0.0,0.0,0.0,0.0
7061,0.9599999999999995,1.0,0.0,0.0,0.0,0.0
7062,0.953333333333333,1.0,0.0,0.0,0.0,0.0
7063,0.9566666666666666,0.99,0.0,0.01,0.0,0.0
7064,0.9966666666666666,0.98,0.0,0.02,0.0,0.0
7065,0.9883333333333334,0.97,0.0,0.03,0.0,0.0
7066,0.9833333333333333,0.97,0.0,0.03,0.0,0.0
7067,0.9983333333333333,0.99,0.0,0.01,0.0,0.0
7068,0.9899999999999999,0.97,0.0,0.03,0.0,0.0
7069,0.9633333333333333,0.95,0.0,0.05,0.0,0.0
7070,0.9616666666666664,0.96,0.0,0.04,0.0,0.0
7071,0.9533333333333331,0.96,0.0,0.04,0.0,0.0
7072,0.9699999999999998,0.98,0.0,0.02,0.0,0.0
7073,0.9733333333333333,0.98,0.0,0.02,0.0,0.0
7074,0.99,0.98,0.0,0.02,0.0,0.0
7075,0.995,0.99,0.0,0.01,0.0,0.0
7076,0.995,0.99,0.0,0.01,0.0,0.0
7077,0.9996446716463376,1.0,0.0,0.0,0.0,0.0
7078,0.9998223358231688,1.0,0.0,0.0,0.0,0.0
7079,0.9566666666666664,1.0,0.0,0.0,0.0,0.0
7080,0.9533333333333331,1.0,0.0,0.0,0.0,0.0
7081,0.9433333333333331,1.0,0.0,0.0,0.0,0.0
7082,0.9599999999999997,1.0,0.0,0.0,0.0,0.0
7083,0.9466666666666664,1.0,0.0,0.0,0.0,0.0
7084,0.995,0.99,0.0,0.01,0.0,0.0
7085,0.9866666666666667,0.98,0.01,0.02,0.0,0.0
7086,0.9833333333333334,0.98,0.02,0.02,0.0,0.0
7087,0.99,0.98,0.01,0.02,0.0,0.0
7088,0.9866666666666667,0.98,0.02,0.02,0.0,0.0
7089,0.9549999999999998,0.98,0.04,0.02,0.0,0.0
7090,0.9566666666666666,0.95,0.03,0.05,0.0,0.0
7091,0.9516666666666663,0.94,0.06,0.06,0.0,0.0
7092,0.958333333333333,0.92,0.08,0.08,0.0,0.0
7093,0.9616666666666666,0.91,0.1,0.09,0.0,0.0
7094,0.9383333333333335,0.89,0.05,0.11,0.0,0.0
7095,0.975,0.95,0.09,0.05,0.0,0.0
7096,0.995,0.99,0.06,0.01,0.0,0.0
7097,0.995,0.99,0.09,0.01,0.0,0.0
7098,1.0,1.0,0.09,0.0,0.0,0.0
7099,0.9616666666666666,0.99,0.15,0.0,0.01,0.0
7100,0.9616666666666667,0.98,0.19,0.0,0.02,0.0
7101,0.9699999999999999,0.99,0.24,0.0,0.01,0.0
7102,0.9616666666666664,1.0,0.21,0.0,0.0,0.0
7103,0.973333333333333,1.0,0.22,0.0,0.0,0.0
7104,1.0,1.0,0.28,0.0,0.0,0.0
7105,1.0,1.0,0.27,0.0,0.0,0.0
7106,1.0,1.0,0.23,0.0,0.0,0.0
7107,0.995,0.99,0.29,0.01,0.0,0.0
7108,0.9833333333333333,0.97,0.22,0.03,0.0,0.0
7109,0.9633333333333332,0.98,0.19,0.02,0.0,0.0
7110,0.9633333333333332,0.98,0.15,0.02,0.0,0.0
7111,0.9583333333333335,0.98,0.17,0.02,0.0,0.0
7112,0.9716666666666662,0.97,0.14,0.03,0.0,0.0
7113,0.9599999999999997,0.97,0.14,0.03,0.0,0.0
7114,0.9916666666666666,0.98,0.11,0.02,0.0,0.0
7115,0.995,0.99,0.13,0.01,0.0,0.0
7116,0.9933333333333333,0.99,0.15,0.01,0.0,0.0
7117,1.0,1.0,0.17,0.0,0.0,0.0
7118,0.9916666666666666,1.0,0.23,0.0,0.0,0.0
7119,0.9766666666666665,1.0,0.23,0.0,0.0,0.0
7120,0.9666666666666661,1.0,0.27,0.0,0.0,0.0
7121,0.9583333333333331,1.0,0.26,0.0,0.0,0.0
7122,0.9699999999999998,1.0,0.24,0.0,0.0,0.0
7123,0.9599999999999999,1.0,0.27,0.0,0.0,0.0
7124,1.0,1.0,0.26,0.0,0.0,0.0
7125,0.9966975765089836,0.99,0.22,0.01,0.0,0.0
7126,0.9983642431756503,0.99,0.19,0.01,0.0,0.0
7127,1.0,1.0,0.21,0.0,0.0,0.0
7128,1.0,1.0,0.26,0.0,0.0,0.0
7129,0.9633333333333332,1.0,0.22,0.0,0.0,0.0
7130,0.9733333333333333,1.0,0.28,0.0,0.0,0.0
7131,0.9733333333333333,1.0,0.32,0.0,0.0,0.0
7132,0.9649999999999997,1.0,0.32,0.0,0.0,0.0
7133,0.9666666666666665,0.99,0.25,0.01,0.0,0.0
7134,0.9916666666666667,0.98,0.23,0.02,0.0,0.0
7135,0.9816666666666666,0.98,0.23,0.02,0.0,0.0
7136,0.9916666666666667,0.99,0.27,0.0,0.01,0.0
7137,1.0,0.99,0.3,0.0,0.01,0.0
7138,0.9916666666666667,0.94,0.31,0.01,0.05,0.0
7139,0.9583333333333333,0.93,0.38,0.0,0.07,0.0
7140,0.9649999999999997,0.96,0.35,0.0,0.04,0.0
7141,0.9549999999999998,0.96,0.32,0.0,0.04,0.0
7142,0.9633333333333332,0.99,0.32,0.0,0.01,0.0
7143,0.9483333333333331,1.0,0.27,0.0,0.0,0.0
7144,0.9916666666666667,1.0,0.29,0.0,0.0,0.0
7145,0.995,1.0,0.31,0.0,0.0,0.0
7146,0.985,1.0,0.3,0.0,0.0,0.0
7147,0.9916666666666667,1.0,0.33,0.0,0.0,0.0
7148,1.0,1.0,0.36,0.0,0.0,0.0
7149,0.9549999999999997,1.0,0.37,0.0,0.0,0.0
7150,0.9616666666666664,1.0,0.3,0.0,0.0,0.0
7151,0.9699999999999995,1.0,0.34,0.0,0.0,0.0
7152,0.9549999999999998,1.0,0.36,0.0,0.0,0.0
7153,0.9749999999999999,1.0,0.43,0.0,0.0,0.0
7154,1.0,1.0,0.33,0.0,0.0,0.0
7155,1.0,1.0,0.32,0.0,0.0,0.0
7156,1.0,1.0,0.36,0.0,0.0,0.0
7157,1.0,1.0,0.32,0.0,0.0,0.0
7158,0.9833333333333334,1.0,0.3,0.0,0.0,0.0
7159,0.9766666666666666,1.0,0.29,0.0,0.0,0.0
7160,0.9683333333333333,1.0,0.25,0.0,0.0,0.0
7161,0.9683333333333333,1.0,0.29,0.0,0.0,0.0
7162,0.9783333333333332,1.0,0.28,0.0,0.0,0.0
7163,0.9649999999999999,1.0,0.26,0.0,0.0,0.0
7164,1.0,1.0,0.17,0.0,0.0,0.0
7165,1.0,1.0,0.18,0.0,0.0,0.0
7166,1.0,1.0,0.17,0.0,0.0,0.0
7167,1.0,1.0,0.18,0.0,0.0,0.0
7168,0.9916666666666667,1.0,0.2,0.0,0.0,0.0
7169,0.9599999999999997,1.0,0.23,0.0,0.0,0.0
7170,0.9699999999999998,1.0,0.23,0.0,0.0,0.0
7171,0.9699999999999999,1.0,0.18,0.0,0.0,0.0
7172,0.9533333333333333,0.99,0.2,0.0,0.01,0.0
7173,0.98,1.0,0.19,0.0,0.0,0.0
7174,0.9916666666666666,1.0,0.18,0.0,0.0,0.0
7175,1.0,1.0,0.23,0.0,0.0,0.0
7176,0.9916666666666666,1.0,0.15,0.0,0.0,0.0
7177,1.0,1.0,0.16,0.0,0.0,0.0
7178,1.0,1.0,0.21,0.0,0.0,0.0
7179,0.96,1.0,0.22,0.0,0.0,0.0
7180,0.9799999999999999,1.0,0.22,0.0,0.0,0.0
7181,0.9666666666666666,1.0,0.2,0.0,0.0,0.0
7182,0.9716666666666666,1.0,0.29,0.0,0.0,0.0
7183,0.9816666666666665,1.0,0.21,0.0,0.0,0.0
7184,0.9933333333333334,1.0,0.21,0.0,0.0,0.0
7185,1.0,1.0,0.17,0.0,0.0,0.0
7186,1.0,1.0,0.17,0.0,0.0,0.0
7187,0.9983333333333333,1.0,0.18,0.0,0.0,0.0
7188,1.0,1.0,0.18,0.0,0.0,0.0
7189,0.9616666666666666,1.0,0.18,0.0,0.0,0.0
7190,0.958333333333333,1.0,0.19,0.0,0.0,0.0
7191,0.9549999999999998,1.0,0.14,0.0,0.0,0.0
7192,0.9549999999999998,1.0,0.15,0.0,0.0,0.0
7193,0.9499999999999998,1.0,0.18,0.0,0.0,0.0
7194,1.0,1.0,0.2,0.0,0.0,0.0
7195,1.0,1.0,0.26,0.0,0.0,0.0
7196,0.995,0.99,0.18,0.01,0.0,0.0
7197,0.995,1.0,0.22,0.0,0.0,0.0
7198,1.0,1.0,0.19,0.0,0.0,0.0
7199,0.9716666666666665,1.0,0.19,0.0,0.0,0.0
7200,0.9683333333333332,1.0,0.21,0.0,0.0,0.0
7201,0.9616666666666663,1.0,0.17,0.0,0.0,0.0
7202,0.9649999999999999,1.0,0.22,0.0,0.0,0.0
7203,0.9666666666666665,1.0,0.24,0.0,0.0,0.0
7204,1.0,1.0,0.2,0.0,0.0,0.0
7205,1.0,1.0,0.11,0.0,0.0,0.0
7206,1.0,1.0,0.09,0.0,0.0,0.0
7207,1.0,1.0,0.1,0.0,0.0,0.0
7208,0.9933333333333333,0.99,0.17,0.01,0.0,0.0
7209,0.9599999999999997,0.99,0.17,0.01,0.0,0.0
7210,0.9633333333333332,1.0,0.15,0.0,0.0,0.0
7211,0.9599999999999997,1.0,0.15,0.0,0.0,0.0
7212,0.9633333333333332,1.0,0.13,0.0,0.0,0.0
7213,0.9599999999999997,1.0,0.16,0.0,0.0,0.0
7214,1.0,1.0,0.15,0.0,0.0,0.0
7215,1.0,1.0,0.12,0.0,0.0,0.0
7216,0.995,1.0,0.1,0.0,0.0,0.0
7217,1.0,1.0,0.15,0.0,0.0,0.0
7218,0.9983333333333333,0.99,0.15,0.01,0.0,0.0
7219,0.9583333333333331,1.0,0.12,0.0,0.0,0.0
7220,0.9733333333333332,1.0,0.13,0.0,0.0,0.0
7221,0.9716666666666666,1.0,0.04,0.0,0.0,0.0
7222,0.9583333333333331,1.0,0.07,0.0,0.0,0.0
7223,0.9599999999999999,1.0,0.07,0.0,0.0,0.0
7224,1.0,1.0,0.09,0.0,0.0,0.0
7225,1.0,1.0,0.12,0.0,0.0,0.0
7226,1.0,1.0,0.08,0.0,0.0,0.0
7227,1.0,0.99,0.12,0.0,0.01,0.0
7228,0.9904059928679557,0.99,0.12,0.0,0.01,0.0
7229,0.9616666666666667,1.0,0.14,0.0,0.0,0.0
7230,0.9616666666666666,1.0,0.11,0.0,0.0,0.0
7231,0.9633333333333332,1.0,0.16,0.0,0.0,0.0
7232,0.9633333333333332,1.0,0.15,0.0,0.0,0.0
7233,0.9516666666666667,1.0,0.19,0.0,0.0,0.0
7234,1.0,1.0,0.22,0.0,0.0,0.0
7235,1.0,1.0,0.21,0.0,0.0,0.0
7236,0.9916666666666666,1.0,0.17,0.0,0.0,0.0
7237,1.0,1.0,0.18,0.0,0.0,0.0
7238,1.0,1.0,0.13,0.0,0.0,0.0
7239,0.9749999999999998,1.0,0.15,0.0,0.0,0.0
7240,0.9516666666666663,1.0,0.1,0.0,0.0,0.0
7241,0.9733333333333328,1.0,0.12,0.0,0.0,0.0
7242,0.9616666666666664,1.0,0.05,0.0,0.0,0.0
7243,0.9433333333333331,1.0,0.07,0.0,0.0,0.0
7244,0.995,0.99,0.05,0.01,0.0,0.0
7245,1.0,0.99,0.03,0.0,0.01,0.0
7246,1.0,1.0,0.02,0.0,0.0,0.0
7247,0.9933333333333333,1.0,0.02,0.0,0.0,0.0
7248,1.0,1.0,0.03,0.0,0.0,0.0
7249,0.965,1.0,0.0,0.0,0.0,0.0
7250,0.9449999999999996,1.0,0.0,0.0,0.0,0.0
7251,0.935,1.0,0.0,0.0,0.0,0.0
7252,0.9583333333333331,1.0,0.0,0.0,0.0,0.0
7253,0.9299999999999998,1.0,0.0,0.0,0.0,0.0
7254,1.0,0.99,0.0,0.0,0.01,0.0
7255,0.9883333333333333,0.99,0.0,0.0,0.01,0.0
7256,0.9883333333333334,0.98,0.0,0.01,0.01,0.0
7257,0.9933333333333333,0.99,0.0,0.0,0.01,0.0
7258,1.0,0.99,0.0,0.0,0.01,0.0
7259,0.9699999999999998,1.0,0.0,0.0,0.0,0.0
7260,0.9633333333333332,1.0,0.0,0.0,0.0,0.0
7261,0.9466666666666668,1.0,0.0,0.0,0.0,0.0
7262,0.9683333333333332,1.0,0.0,0.0,0.0,0.0
7263,0.9549999999999996,1.0,0.0,0.0,0.0,0.0
7264,1.0,1.0,0.0,0.0,0.0,0.0
7265,1.0,1.0,0.0,0.0,0.0,0.0
7266,1.0,0.99,0.0,0.0,0.01,0.0
7267,1.0,1.0,0.0,0.0,0.0,0.0
7268,1.0,1.0,0.0,0.0,0.0,0.0
7269,0.95,1.0,0.0,0.0,0.0,0.0
7270,0.9583333333333333,0.99,0.0,0.0,0.01,0.0
7271,0.9616666666666664,1.0,0.0,0.0,0.0,0.0
7272,0.9533333333333336,1.0,0.0,0.0,0.0,0.0
7273,0.9616666666666663,1.0,0.0,0.0,0.0,0.0
7274,1.0,1.0,0.0,0.0,0.0,0.0
7275,1.0,1.0,0.0,0.0,0.0,0.0
7276,1.0,1.0,0.0,0.0,0.0,0.0
7277,1.0,1.0,0.0,0.0,0.0,0.0
7278,1.0,1.0,0.0,0.0,0.0,0.0
7279,0.9566666666666664,1.0,0.0,0.0,0.0,0.0
7280,0.9566666666666666,1.0,0.0,0.0,0.0,0.0
7281,0.9599999999999997,1.0,0.0,0.0,0.0,0.0
7282,0.9499999999999997,1.0,0.0,0.0,0.0,0.0
7283,0.9399999999999998,1.0,0.0,0.0,0.0,0.0
7284,1.0,1.0,0.0,0.0,0.0,0.0
7285,1.0,1.0,0.0,0.0,0.0,0.0
7286,1.0,1.0,0.0,0.0,0.0,0.0
7287,1.0,1.0,0.0,0.0,0.0,0.0
7288,1.0,1.0,0.0,0.0,0.0,0.0
7289,0.9666666666666663,0.99,0.0,0.01,0.0,0.0
7290,0.96,0.98,0.0,0.02,0.0,0.0
7291,0.9549999999999996,0.96,0.0,0.04,0.0,0.0
7292,0.9649999999999999,0.99,0.0,0.01,0.0,0.0
7293,0.958333333333333,0.99,0.0,0.01,0.0,0.0
7294,1.0,1.0,0.0,0.0,0.0,0.0
7295,1.0,1.0,0.0,0.0,0.0,0.0
7296,1.0,1.0,0.0,0.0,0.0,0.0
7297,1.0,1.0,0.0,0.0,0.0,0.0
7298,1.0,1.0,0.0,0.0,0.0,0.0
7299,0.9533333333333333,1.0,0.0,0.0,0.0,0.0
7300,0.9549999999999998,1.0,0.0,0.0,0.0,0.0
7301,0.9499999999999998,1.0,0.0,0.0,0.0,0.0
7302,0.9616666666666666,1.0,0.0,0.0,0.0,0.0
7303,0.9366666666666664,1.0,0.0,0.0,0.0,0.0
7304,1.0,1.0,0.0,0.0,0.0,0.0
7305,1.0,1.0,0.0,0.0,0.0,0.0
7306,1.0,1.0,0.0,0.0,0.0,0.0
7307,1.0,1.0,0.0,0.0,0.0,0.0
7308,1.0,1.0,0.0,0.0,0.0,0.0
7309,0.9633333333333328,1.0,0.0,0.0,0.0,0.0
7310,0.9549999999999997,1.0,0.0,0.0,0.0,0.0
7311,0.9466666666666664,1.0,0.0,0.0,0.0,0.0
7312,0.9733333333333332,1.0,0.0,0.0,0.0,0.0
7313,0.9516666666666663,1.0,0.0,0.0,0.0,0.0
7314,1.0,1.0,0.0,0.0,0.0,0.0
7315,1.0,1.0,0.0,0.0,0.0,0.0
7316,1.0,0.99,0.0,0.0,0.01,0.0
7317,1.0,1.0,0.0,0.0,0.0,0.0
7318,1.0,1.0,0.0,0.0,0.0,0.0
7319,0.9366666666666664,1.0,0.0,0.0,0.0,0.0
7320,0.9616666666666664,1.0,0.0,0.0,0.0,0.0
7321,0.9599999999999997,1.0,0.0,0.0,0.0,0.0
7322,0.9633333333333333,1.0,0.0,0.0,0.0,0.0
7323,0.9583333333333331,0.99,0.0,0.01,0.0,0.0
7324,0.9816666666666666,0.97,0.0,0.03,0.0,0.0
7325,1.0,1.0,0.0,0.0,0.0,0.0
7326,1.0,1.0,0.0,0.0,0.0,0.0
7327,1.0,1.0,0.0,0.0,0.0,0.0
7328,1.0,1.0,0.0,0.0,0.0,0.0
7329,0.9533333333333331,1.0,0.0,0.0,0.0,0.0
7330,0.9649999999999999,1.0,0.0,0.0,0.0,0.0
7331,0.9449999999999996,1.0,0.0,0.0,0.0,0.0
7332,0.9533333333333333,1.0,0.0,0.0,0.0,0.0
7333,0.9699999999999998,1.0,0.0,0.0,0.0,0.0
7334,1.0,1.0,0.0,0.0,0.0,0.0
7335,1.0,1.0,0.0,0.0,0.0,0.0
7336,1.0,1.0,0.0,0.0,0.0,0.0
7337,1.0,1.0,0.0,0.0,0.0,0.0
7338,1.0,1.0,0.0,0.0,0.0,0.0
7339,0.9449999999999996,1.0,0.0,0.0,0.0,0.0
7340,0.9583333333333331,1.0,0.0,0.0,0.0,0.0
7341,0.9566666666666663,1.0,0.0,0.0,0.0,0.0
7342,0.958333333333333,1.0,0.0,0.0,0.0,0.0
7343,0.9633333333333332,1.0,0.0,0.0,0.0,0.0
7344,1.0,1.0,0.0,0.0,0.0,0.0
7345,1.0,1.0,0.0,0.0,0.0,0.0
7346,0.9983333333333333,1.0,0.0,0.0,0.0,0.0
7347,1.0,1.0,0.0,0.0,0.0,0.0
7348,1.0,1.0,0.0,0.0,0.0,0.0
7349,0.9466666666666663,1.0,0.0,0.0,0.0,0.0
7350,0.9549999999999997,1.0,0.0,0.0,0.0,0.0
7351,0.9599999999999997,1.0,0.0,0.0,0.0,0.0
7352,0.9483333333333328,1.0,0.0,0.0,0.0,0.0
7353,0.9666666666666665,1.0,0.0,0.0,0.0,0.0
7354,1.0,1.0,0.0,0.0,0.0,0.0
7355,1.0,1.0,0.0,0.0,0.0,0.0
7356,1.0,1.0,0.0,0.0,0.0,0.0
7357,1.0,1.0,0.0,0.0,0.0,0.0
7358,1.0,1.0,0.0,0.0,0.0,0.0
7359,0.9516666666666664,1.0,0.0,0.0,0.0,0.0
7360,0.9466666666666665,1.0,0.0,0.0,0.0,0.0
7361,0.963333333333333,1.0,0.0,0.0,0.0,0.0
7362,0.9499999999999997,1.0,0.0,0.0,0.0,0.0
7363,0.9583333333333331,1.0,0.0,0.0,0.0,0.0
7364,1.0,1.0,0.0,0.0,0.0,0.0
7365,1.0,1.0,0.0,0.0,0.0,0.0
7366,1.0,1.0,0.0,0.0,0.0,0.0
7367,1.0,1.0,0.0,0.0,0.0,0.0
7368,1.0,1.0,0.0,0.0,0.0,0.0
7369,0.9483333333333331,1.0,0.0,0.0,0.0,0.0
7370,0.9616666666666667,1.0,0.0,0.0,0.0,0.0
7371,0.9749999999999999,1.0,0.0,0.0,0.0,0.0
7372,0.9549999999999997,1.0,0.0,0.0,0.0,0.0
7373,0.9649999999999999,0.99,0.0,0.01,0.0,0.0
7374,0.9883333333333333,0.97,0.0,0.02,0.01,0.0
7375,1.0,0.99,0.0,0.0,0.01,0.0
7376,1.0,1.0,0.0,0.0,0.0,0.0
7377,1.0,1.0,0.0,0.0,0.0,0.0
7378,1.0,1.0,0.0,0.0,0.0,0.0
7379,0.955,1.0,0.0,0.0,0.0,0.0
7380,0.9599999999999995,1.0,0.0,0.0,0.0,0.0
7381,0.9566666666666664,1.0,0.0,0.0,0.0,0.0
7382,0.9599999999999997,1.0,0.0,0.0,0.0,0.0
7383,0.9733333333333332,1.0,0.0,0.0,0.0,0.0
7384,1.0,1.0,0.0,0.0,0.0,0.0
7385,1.0,1.0,0.0,0.0,0.0,0.0
7386,1.0,1.0,0.0,0.0,0.0,0.0
7387,1.0,1.0,0.0,0.0,0.0,0.0
7388,1.0,1.0,0.0,0.0,0.0,0.0
7389,0.9516666666666663,1.0,0.0,0.0,0.0,0.0
7390,0.97,1.0,0.0,0.0,0.0,0.0
7391,0.9549999999999998,1.0,0.0,0.0,0.0,0.0
7392,0.9549999999999998,1.0,0.0,0.0,0.0,0.0
7393,0.9516666666666665,1.0,0.0,0.0,0.0,0.0
7394,1.0,1.0,0.0,0.0,0.0,0.0
7395,1.0,1.0,0.0,0.0,0.0,0.0
7396,0.9989196000144095,0.99,0.0,0.01,0.0,0.0
7397,0.992839200028819,0.98,0.0,0.02,0.0,0.0
7398,0.9929313334053809,0.95,0.0,0.05,0.0,0.0
7399,0.9649999999999997,0.92,0.0,0.08,0.0,0.0
7400,0.9599999999999999,0.9,0.0,0.1,0.0,0.0
7401,0.9383333333333331,0.91,0.0,0.09,0.0,0.0
7402,0.9533333333333331,0.9,0.0,0.1,0.0,0.0
7403,0.9499999999999994,0.88,0.0,0.12,0.0,0.0
7404,0.9733333333333333,0.84,0.0,0.16,0.0,0.0
7405,0.9783333333333333,0.87,0.0,0.13,0.0,0.0
7406,0.9783333333333333,0.89,0.0,0.11,0.0,0.0
7407,0.9766666666666665,0.86,0.0,0.14,0.0,0.0
7408,0.9799999999999999,0.88,0.0,0.12,0.0,0.0
7409,0.948333333333333,0.91,0.0,0.09,0.0,0.0
7410,0.97,0.86,0.0,0.14,0.0,0.0
7411,0.9450000000000002,0.86,0.0,0.14,0.0,0.0
7412,0.9666666666666667,0.87,0.0,0.13,0.0,0.0
7413,0.9633333333333328,0.9,0.0,0.1,0.0,0.0
7414,0.9766666666666666,0.86,0.0,0.14,0.0,0.0
7415,0.9766666666666666,0.86,0.0,0.14,0.0,0.0
7416,0.9799999999999999,0.88,0.0,0.12,0.0,0.0
7417,0.9916666666666667,0.95,0.0,0.05,0.0,0.0
7418,0.9933333333333333,0.96,0.0,0.04,0.0,0.0
7419,0.9566666666666666,0.93,0.0,0.07,0.0,0.0
7420,0.9416666666666664,0.93,0.0,0.07,0.0,0.0
7421,0.9366666666666664,0.94,0.0,0.06,0.0,0.0
7422,0.9499999999999998,0.98,0.0,0.02,0.0,0.0
7423,0.9599999999999995,0.97,0.0,0.03,0.0,0.0
7424,0.9866666666666665,0.92,0.0,0.08,0.0,0.0
7425,0.9899999999999999,0.94,0.0,0.06,0.0,0.0
7426,0.995,0.97,0.0,0.03,0.0,0.0
7427,0.9983333333333333,0.99,0.0,0.01,0.0,0.0
7428,0.9966666666666667,0.98,0.0,0.02,0.0,0.0
7429,0.9566666666666664,1.0,0.0,0.0,0.0,0.0
7430,0.9616666666666667,1.0,0.0,0.0,0.0,0.0
7431,0.9616666666666666,1.0,0.0,0.0,0.0,0.0
7432,0.9699999999999995,1.0,0.0,0.0,0.0,0.0
7433,0.9616666666666669,1.0,0.0,0.0,0.0,0.0
7434,1.0,1.0,0.0,0.0,0.0,0.0
7435,1.0,1.0,0.0,0.0,0.0,0.0
7436,1.0,1.0,0.0,0.0,0.0,0.0
7437,0.9983333333333334,1.0,0.0,0.0,0.0,0.0
7438,1.0,1.0,0.0,0.0,0.0,0.0
7439,0.9516666666666665,1.0,0.0,0.0,0.0,0.0
7440,0.9566666666666664,1.0,0.0,0.0,0.0,0.0
7441,0.9466666666666665,1.0,0.0,0.0,0.0,0.0
7442,0.9633333333333333,1.0,0.0,0.0,0.0,0.0
7443,0.9566666666666664,1.0,0.0,0.0,0.0,0.0
7444,0.9933333333333333,1.0,0.0,0.0,0.0,0.0
7445,0.9716666666666667,0.99,0.0,0.01,0.0,0.0
7446,0.9866666666666667,1.0,0.0,0.0,0.0,0.0
7447,0.9766666666666666,1.0,0.0,0.0,0.0,0.0
7448,0.9833333333333333,1.0,0.0,0.0,0.0,0.0
7449,0.9466666666666663,1.0,0.0,0.0,0.0,0.0
7450,0.9649999999999999,1.0,0.0,0.0,0.0,0.0
7451,0.9666666666666665,1.0,0.0,0.0,0.0,0.0
7452,0.9566666666666664,1.0,0.0,0.0,0.0,0.0
7453,0.9566666666666664,0.99,0.0,0.01,0.0,0.0
7454,0.9766666666666666,0.97,0.0,0.03,0.0,0.0
7455,0.9849999999999999,0.98,0.0,0.02,0.0,0.0
7456,0.9733333333333334,0.98,0.0,0.02,0.0,0.0
7457,1.0,1.0,0.0,0.0,0.0,0.0
7458,0.99,1.0,0.0,0.0,0.0,0.0
7459,0.9699999999999999,1.0,0.0,0.0,0.0,0.0
7460,0.958333333333333,1.0,0.0,0.0,0.0,0.0
7461,0.9266666666666667,1.0,0.0,0.0,0.0,0.0
7462,0.9399999999999998,1.0,0.0,0.0,0.0,0.0
7463,0.973333333333333,0.99,0.0,0.01,0.0,0.0
7464,1.0,1.0,0.0,0.0,0.0,0.0
7465,1.0,1.0,0.0,0.0,0.0,0.0
7466,1.0,1.0,0.0,0.0,0.0,0.0
7467,1.0,1.0,0.0,0.0,0.0,0.0
7468,1.0,1.0,0.0,0.0,0.0,0.0
7469,0.9499999999999998,1.0,0.0,0.0,0.0,0.0
7470,0.9599999999999997,1.0,0.0,0.0,0.0,0.0
7471,0.9499999999999997,1.0,0.0,0.0,0.0,0.0
7472,0.9416666666666665,1.0,0.0,0.0,0.0,0.0
7473,0.9566666666666663,1.0,0.0,0.0,0.0,0.0
7474,1.0,1.0,0.0,0.0,0.0,0.0
7475,1.0,1.0,0.0,0.0,0.0,0.0
7476,1.0,1.0,0.0,0.0,0.0,0.0
7477,1.0,1.0,0.0,0.0,0.0,0.0
7478,1.0,1.0,0.0,0.0,0.0,0.0
7479,0.9516666666666664,1.0,0.0,0.0,0.0,0.0
7480,0.9616666666666664,1.0,0.0,0.0,0.0,0.0
7481,0.9499999999999998,1.0,0.0,0.0,0.0,0.0
7482,0.9549999999999996,1.0,0.0,0.0,0.0,0.0
7483,0.9566666666666664,1.0,0.0,0.0,0.0,0.0
7484,1.0,1.0,0.0,0.0,0.0,0.0
7485,1.0,1.0,0.0,0.0,0.0,0.0
7486,1.0,1.0,0.0,0.0,0.0,0.0
7487,1.0,1.0,0.0,0.0,0.0,0.0
7488,1.0,1.0,0.0,0.0,0.0,0.0
7489,0.9516666666666665,1.0,0.0,0.0,0.0,0.0
7490,0.9433333333333332,1.0,0.0,0.0,0.0,0.0
7491,0.9533333333333333,1.0,0.0,0.0,0.0,0.0
7492,0.9616666666666667,0.99,0.0,0.0,0.01,0.0
7493,0.9516666666666661,0.99,0.0,0.0,0.01,0.0
7494,1.0,1.0,0.0,0.0,0.0,0.0
7495,1.0,1.0,0.0,0.0,0.0,0.0
7496,1.0,1.0,0.0,0.0,0.0,0.0
7497,1.0,1.0,0.0,0.0,0.0,0.0
7498,1.0,1.0,0.0,0.0,0.0,0.0
7499,0.9483333333333331,1.0,0.0,0.0,0.0,0.0
7500,0.9666666666666666,1.0,0.0,0.0,0.0,0.0
7501,0.9616666666666661,1.0,0.0,0.0,0.0,0.0
7502,0.9616666666666663,1.0,0.0,0.0,0.0,0.0
7503,0.9566666666666663,1.0,0.0,0.0,0.0,0.0
7504,1.0,1.0,0.0,0.0,0.0,0.0
7505,1.0,1.0,0.0,0.0,0.0,0.0
7506,1.0,1.0,0.0,0.0,0.0,0.0
7507,1.0,1.0,0.0,0.0,0.0,0.0
7508,1.0,1.0,0.0,0.0,0.0,0.0
7509,0.958333333333333,1.0,0.0,0.0,0.0,0.0
7510,0.9699999999999995,1.0,0.0,0.0,0.0,0.0
7511,0.9549999999999997,1.0,0.0,0.0,0.0,0.0
7512,0.953333333333333,1.0,0.0,0.0,0.0,0.0
7513,0.953333333333333,1.0,0.0,0.0,0.0,0.0
7514,1.0,1.0,0.0,0.0,0.0,0.0
7515,1.0,1.0,0.0,0.0,0.0,0.0
7516,1.0,1.0,0.0,0.0,0.0,0.0
7517,1.0,1.0,0.0,0.0,0.0,0.0
7518,1.0,1.0,0.0,0.0,0.0,0.0
7519,0.965,1.0,0.0,0.0,0.0,0.0
7520,0.9549999999999998,1.0,0.0,0.0,0.0,0.0
7521,0.953333333333333,1.0,0.0,0.0,0.0,0.0
7522,0.9583333333333333,1.0,0.0,0.0,0.0,0.0
7523,0.9416666666666664,1.0,0.0,0.0,0.0,0.0
7524,1.0,1.0,0.0,0.0,0.0,0.0
7525,1.0,1.0,0.0,0.0,0.0,0.0
7526,1.0,1.0,0.0,0.0,0.0,0.0
7527,1.0,1.0,0.0,0.0,0.0,0.0
7528,1.0,1.0,0.0,0.0,0.0,0.0
7529,0.9649999999999999,0.99,0.0,0.01,0.0,0.0
7530,0.9666666666666665,0.98,0.0,0.02,0.0,0.0
7531,0.9516666666666663,0.98,0.0,0.02,0.0,0.0
7532,0.948333333333333,0.98,0.0,0.02,0.0,0.0
7533,0.9716666666666667,0.97,0.0,0.03,0.0,0.0
7534,0.9683333333333334,0.96,0.0,0.04,0.0,0.0
7535,1.0,1.0,0.0,0.0,0.0,0.0
7536,1.0,1.0,0.0,0.0,0.0,0.0
7537,1.0,1.0,0.0,0.0,0.0,0.0
7538,1.0,0.99,0.0,0.0,0.01,0.0
7539,0.9483333333333327,1.0,0.0,0.0,0.0,0.0
7540,0.9549999999999997,0.99,0.0,0.0,0.01,0.0
7541,0.9466666666666664,0.98,0.0,0.0,0.02,0.0
7542,0.9566666666666663,1.0,0.0,0.0,0.0,0.0
7543,0.9549999999999994,1.0,0.0,0.0,0.0,0.0
7544,1.0,1.0,0.0,0.0,0.0,0.0
7545,1.0,1.0,0.0,0.0,0.0,0.0
7546,1.0,1.0,0.0,0.0,0.0,0.0
7547,1.0,1.0,0.0,0.0,0.0,0.0
7548,1.0,1.0,0.0,0.0,0.0,0.0
7549,0.955,1.0,0.0,0.0,0.0,0.0
7550,0.9583333333333331,1.0,0.0,0.0,0.0,0.0
7551,0.9416666666666665,1.0,0.0,0.0,0.0,0.0
7552,0.9516666666666664,1.0,0.0,0.0,0.0,0.0
7553,0.9533333333333331,1.0,0.0,0.0,0.0,0.0
7554,1.0,1.0,0.0,0.0,0.0,0.0
7555,1.0,1.0,0.0,0.0,0.0,0.0
7556,1.0,1.0,0.0,0.0,0.0,0.0
7557,1.0,1.0,0.0,0.0,0.0,0.0
7558,1.0,1.0,0.0,0.0,0.0,0.0
7559,0.9699999999999995,1.0,0.0,0.0,0.0,0.0
7560,0.948333333333333,1.0,0.0,0.0,0.0,0.0
7561,0.938333333333333,0.99,0.0,0.0,0.01,0.0
7562,0.9549999999999997,1.0,0.0,0.0,0.0,0.0
7563,0.9599999999999999,1.0,0.0,0.0,0.0,0.0
7564,1.0,1.0,0.0,0.0,0.0,0.0
7565,0.9933333333333334,1.0,0.0,0.0,0.0,0.0
7566,1.0,1.0,0.0,0.0,0.0,0.0
7567,1.0,1.0,0.0,0.0,0.0,0.0
7568,1.0,1.0,0.0,0.0,0.0,0.0
7569,0.9716666666666669,1.0,0.0,0.0,0.0,0.0
7570,0.9649999999999999,1.0,0.0,0.0,0.0,0.0
7571,0.9633333333333333,1.0,0.0,0.0,0.0,0.0
7572,0.9716666666666666,1.0,0.0,0.0,0.0,0.0
7573,0.9383333333333331,1.0,0.0,0.0,0.0,0.0
7574,1.0,1.0,0.0,0.0,0.0,0.0
7575,1.0,1.0,0.0,0.0,0.0,0.0
7576,1.0,1.0,0.0,0.0,0.0,0.0
7577,0.9997109242928534,1.0,0.0,0.0,0.0,0.0
7578,1.0,1.0,0.0,0.0,0.0,0.0
7579,0.9616666666666666,1.0,0.0,0.0,0.0,0.0
7580,0.9633333333333333,1.0,0.0,0.0,0.0,0.0
7581,0.9599999999999999,1.0,0.0,0.0,0.0,0.0
7582,0.9700000000000002,1.0,0.0,0.0,0.0,0.0
7583,0.9533333333333331,1.0,0.0,0.0,0.0,0.0
7584,1.0,1.0,0.0,0.0,0.0,0.0
7585,1.0,1.0,0.0,0.0,0.0,0.0
7586,1.0,1.0,0.0,0.0,0.0,0.0
7587,1.0,1.0,0.0,0.0,0.0,0.0
7588,1.0,1.0,0.0,0.0,0.0,0.0
7589,0.9599999999999997,1.0,0.0,0.0,0.0,0.0
7590,0.9566666666666666,1.0,0.0,0.0,0.0,0.0
7591,0.9675102711114504,1.0,0.0,0.0,0.0,0.0
7592,0.9683333333333333,0.99,0.0,0.0,0.01,0.0
7593,0.9633333333333333,1.0,0.0,0.0,0.0,0.0
7594,1.0,1.0,0.0,0.0,0.0,0.0
7595,1.0,1.0,0.0,0.0,0.0,0.0
7596,1.0,1.0,0.0,0.0,0.0,0.0
7597,1.0,1.0,0.0,0.0,0.0,0.0
7598,1.0,1.0,0.0,0.0,0.0,0.0
7599,0.9550000000000002,1.0,0.0,0.0,0.0,0.0
7600,0.9449999999999997,1.0,0.0,0.0,0.0,0.0
7601,0.948333333333333,1.0,0.0,0.0,0.0,0.0
7602,0.9633333333333332,1.0,0.0,0.0,0.0,0.0
7603,0.9649999999999995,1.0,0.0,0.0,0.0,0.0
7604,1.0,1.0,0.0,0.0,0.0,0.0
7605,1.0,1.0,0.0,0.0,0.0,0.0
7606,1.0,1.0,0.0,0.0,0.0,0.0
7607,1.0,1.0,0.0,0.0,0.0,0.0
7608,1.0,1.0,0.0,0.0,0.0,0.0
7609,0.9533333333333331,1.0,0.0,0.0,0.0,0.0
7610,0.9649999999999999,1.0,0.0,0.0,0.0,0.0
7611,0.9516666666666664,1.0,0.0,0.0,0.0,0.0
7612,0.9549999999999998,1.0,0.0,0.0,0.0,0.0
7613,0.9483333333333335,1.0,0.0,0.0,0.0,0.0
7614,1.0,1.0,0.0,0.0,0.0,0.0
7615,1.0,1.0,0.0,0.0,0.0,0.0
7616,1.0,1.0,0.0,0.0,0.0,0.0
7617,1.0,1.0,0.0,0.0,0.0,0.0
7618,1.0,1.0,0.0,0.0,0.0,0.0
7619,0.9549999999999996,1.0,0.0,0.0,0.0,0.0
7620,0.958333333333333,1.0,0.0,0.0,0.0,0.0
7621,0.943333333333333,1.0,0.0,0.0,0.0,0.0
7622,0.958333333333333,1.0,0.0,0.0,0.0,0.0
7623,0.9599999999999999,1.0,0.0,0.0,0.0,0.0
7624,1.0,1.0,0.0,0.0,0.0,0.0
7625,1.0,1.0,0.0,0.0,0.0,0.0
7626,1.0,1.0,0.0,0.0,0.0,0.0
7627,1.0,1.0,0.0,0.0,0.0,0.0
7628,1.0,1.0,0.0,0.0,0.0,0.0
7629,0.9666666666666666,0.99,0.0,0.01,0.0,0.0
7630,0.933333333333333,0.99,0.0,0.01,0.0,0.0
7631,0.9616666666666667,1.0,0.0,0.0,0.0,0.0
7632,0.95,1.0,0.0,0.0,0.0,0.0
7633,0.9466666666666665,0.99,0.0,0.0,0.01,0.0
7634,1.0,1.0,0.0,0.0,0.0,0.0
7635,1.0,1.0,0.0,0.0,0.0,0.0
7636,1.0,1.0,0.0,0.0,0.0,0.0
7637,1.0,1.0,0.0,0.0,0.0,0.0
7638,0.9933333333333333,1.0,0.0,0.0,0.0,0.0
7639,0.9683333333333333,1.0,0.0,0.0,0.0,0.0
7640,0.9466666666666664,1.0,0.0,0.0,0.0,0.0
7641,0.9699999999999999,1.0,0.0,0.0,0.0,0.0
7642,0.9599999999999999,1.0,0.0,0.0,0.0,0.0
7643,0.9616666666666663,1.0,0.0,0.0,0.0,0.0
7644,1.0,1.0,0.0,0.0,0.0,0.0
7645,1.0,1.0,0.0,0.0,0.0,0.0
7646,1.0,1.0,0.0,0.0,0.0,0.0
7647,0.9983333333333334,0.99,0.0,0.01,0.0,0.0
7648,1.0,1.0,0.0,0.0,0.0,0.0
7649,0.9449999999999997,1.0,0.0,0.0,0.0,0.0
7650,0.9616666666666666,1.0,0.0,0.0,0.0,0.0
7651,0.9699999999999999,1.0,0.0,0.0,0.0,0.0
7652,0.9566666666666664,1.0,0.0,0.0,0.0,0.0
7653,0.9366666666666664,1.0,0.0,0.0,0.0,0.0
7654,1.0,1.0,0.0,0.0,0.0,0.0
7655,1.0,1.0,0.0,0.0,0.0,0.0
7656,1.0,1.0,0.0,0.0,0.0,0.0
7657,1.0,1.0,0.0,0.0,0.0,0.0
7658,1.0,1.0,0.0,0.0,0.0,0.0
7659,0.9549999999999998,1.0,0.0,0.0,0.0,0.0
7660,0.9366666666666664,1.0,0.0,0.0,0.0,0.0
7661,0.9599999999999997,1.0,0.0,0.0,0.0,0.0
7662,0.9399999999999994,0.99,0.0,0.01,0.0,0.0
7663,0.9599999999999997,1.0,0.0,0.0,0.0,0.0
7664,1.0,1.0,0.0,0.0,0.0,0.0
7665,1.0,1.0,0.0,0.0,0.0,0.0
7666,1.0,1.0,0.0,0.0,0.0,0.0
7667,1.0,1.0,0.0,0.0,0.0,0.0
7668,1.0,1.0,0.0,0.0,0.0,0.0
7669,0.9633333333333332,1.0,0.0,0.0,0.0,0.0
7670,0.9499999999999996,1.0,0.0,0.0,0.0,0.0
7671,0.9616666666666666,0.99,0.0,0.01,0.0,0.0
7672,0.9616666666666661,1.0,0.0,0.0,0.0,0.0
7673,0.9449999999999997,0.99,0.0,0.01,0.0,0.0
7674,0.9983333333333334,0.99,0.0,0.01,0.0,0.0
7675,0.9983333333333333,0.99,0.0,0.01,0.0,0.0
7676,0.99,0.97,0.0,0.02,0.01,0.0
7677,0.9966666666666667,0.98,0.0,0.02,0.0,0.0
7678,1.0,1.0,0.0,0.0,0.0,0.0
7679,0.9683333333333333,1.0,0.0,0.0,0.0,0.0
7680,0.9616666666666667,1.0,0.0,0.0,0.0,0.0
7681,0.9566666666666666,1.0,0.0,0.0,0.0,0.0
7682,0.9466666666666664,1.0,0.0,0.0,0.0,0.0
7683,0.9483333333333327,1.0,0.0,0.0,0.0,0.0
7684,1.0,1.0,0.0,0.0,0.0,0.0
7685,1.0,1.0,0.0,0.0,0.0,0.0
7686,1.0,1.0,0.0,0.0,0.0,0.0
7687,1.0,1.0,0.0,0.0,0.0,0.0
7688,1.0,1.0,0.0,0.0,0.0,0.0
7689,0.9483333333333331,1.0,0.0,0.0,0.0,0.0
7690,0.9566666666666663,1.0,0.0,0.0,0.0,0.0
7691,0.9616666666666664,1.0,0.0,0.0,0.0,0.0
7692,0.9683333333333333,1.0,0.0,0.0,0.0,0.0
7693,0.9599999999999995,1.0,0.0,0.0,0.0,0.0
7694,0.995,1.0,0.0,0.0,0.0,0.0
7695,1.0,1.0,0.0,0.0,0.0,0.0
7696,1.0,1.0,0.0,0.0,0.0,0.0
7697,1.0,1.0,0.0,0.0,0.0,0.0
7698,1.0,1.0,0.0,0.0,0.0,0.0
7699,0.9350000000000002,0.99,0.0,0.0,0.01,0.0
7700,0.9549999999999996,1.0,0.0,0.0,0.0,0.0
7701,0.9499999999999998,1.0,0.0,0.0,0.0,0.0
7702,0.9649999999999999,1.0,0.0,0.0,0.0,0.0
7703,0.948333333333333,1.0,0.0,0.0,0.0,0.0
7704,1.0,1.0,0.0,0.0,0.0,0.0
7705,1.0,1.0,0.0,0.0,0.0,0.0
7706,1.0,1.0,0.0,0.0,0.0,0.0
7707,1.0,1.0,0.0,0.0,0.0,0.0
7708,1.0,1.0,0.0,0.0,0.0,0.0
7709,0.9733333333333333,1.0,0.0,0.0,0.0,0.0
7710,0.9599999999999997,1.0,0.0,0.0,0.0,0.0
7711,0.9449999999999997,1.0,0.0,0.0,0.0,0.0
7712,0.9549999999999998,1.0,0.0,0.0,0.0,0.0
7713,0.96,1.0,0.0,0.0,0.0,0.0
7714,1.0,1.0,0.0,0.0,0.0,0.0
7715,1.0,1.0,0.0,0.0,0.0,0.0
7716,1.0,1.0,0.0,0.0,0.0,0.0
7717,1.0,1.0,0.0,0.0,0.0,0.0
7718,1.0,1.0,0.0,0.0,0.0,0.0
7719,0.9666666666666665,1.0,0.0,0.0,0.0,0.0
7720,0.963333333333333,1.0,0.0,0.0,0.0,0.0
7721,0.9566666666666664,1.0,0.0,0.0,0.0,0.0
7722,0.9616666666666666,1.0,0.0,0.0,0.0,0.0
7723,0.933333333333333,1.0,0.0,0.0,0.0,0.0
7724,1.0,1.0,0.0,0.0,0.0,0.0
7725,1.0,1.0,0.0,0.0,0.0,0.0
7726,0.9918018034284016,1.0,0.0,0.0,0.0,0.0
7727,1.0,1.0,0.0,0.0,0.0,0.0
7728,1.0,1.0,0.0,0.0,0.0,0.0
7729,0.9483333333333333,1.0,0.0,0.0,0.0,0.0
7730,0.9666666666666665,1.0,0.0,0.0,0.0,0.0
7731,0.9566666666666666,1.0,0.0,0.0,0.0,0.0
7732,0.9499999999999997,0.99,0.0,0.0,0.01,0.0
7733,0.948333333333333,1.0,0.0,0.0,0.0,0.0
7734,1.0,1.0,0.0,0.0,0.0,0.0
7735,1.0,1.0,0.0,0.0,0.0,0.0
7736,1.0,1.0,0.0,0.0,0.0,0.0
7737,1.0,1.0,0.0,0.0,0.0,0.0
7738,0.9933333333333334,1.0,0.0,0.0,0.0,0.0
7739,0.9499999999999997,1.0,0.0,0.0,0.0,0.0
7740,0.9583333333333331,1.0,0.0,0.0,0.0,0.0
7741,0.9699999999999999,1.0,0.0,0.0,0.0,0.0
7742,0.9499999999999994,1.0,0.0,0.0,0.0,0.0
7743,0.9599999999999997,1.0,0.0,0.0,0.0,0.0
7744,1.0,1.0,0.0,0.0,0.0,0.0
7745,1.0,1.0,0.0,0.0,0.0,0.0
7746,1.0,1.0,0.0,0.0,0.0,0.0
7747,1.0,1.0,0.0,0.0,0.0,0.0
7748,1.0,1.0,0.0,0.0,0.0,0.0
7749,0.948333333333333,0.99,0.0,0.0,0.01,0.0
7750,0.9599999999999999,0.99,0.0,0.0,0.01,0.0
7751,0.9449999999999997,0.99,0.0,0.0,0.01,0.0
7752,0.9583333333333331,1.0,0.0,0.0,0.0,0.0
7753,0.963333333333333,1.0,0.0,0.0,0.0,0.0
7754,0.995,1.0,0.0,0.0,0.0,0.0
7755,1.0,1.0,0.0,0.0,0.0,0.0
7756,1.0,0.99,0.0,0.0,0.01,0.0
7757,1.0,0.98,0.0,0.0,0.02,0.0
7758,1.0,0.99,0.0,0.0,0.01,0.0
7759,0.9549999999999998,0.98,0.0,0.0,0.02,0.0
7760,0.9433333333333335,0.98,0.0,0.0,0.02,0.0
7761,0.9516666666666663,1.0,0.0,0.0,0.0,0.0
7762,0.9516666666666665,1.0,0.0,0.0,0.0,0.0
7763,0.9483333333333327,0.99,0.0,0.01,0.0,0.0
7764,0.9950000000000001,0.98,0.0,0.02,0.0,0.0
7765,0.995,0.98,0.0,0.01,0.01,0.0
7766,0.995,0.99,0.0,0.01,0.0,0.0
7767,0.99,0.98,0.0,0.02,0.0,0.0
7768,0.9966666666666667,0.99,0.0,0.01,0.0,0.0
7769,0.958333333333333,0.99,0.0,0.01,0.0,0.0
7770,0.9583333333333331,0.99,0.0,0.01,0.0,0.0
7771,0.9633333333333332,1.0,0.0,0.0,0.0,0.0
7772,0.9566666666666664,1.0,0.0,0.0,0.0,0.0
7773,0.9583333333333331,1.0,0.0,0.0,0.0,0.0
7774,1.0,1.0,0.0,0.0,0.0,0.0
7775,1.0,1.0,0.0,0.0,0.0,0.0
7776,1.0,1.0,0.0,0.0,0.0,0.0
7777,1.0,1.0,0.0,0.0,0.0,0.0
7778,1.0,1.0,0.0,0.0,0.0,0.0
7779,0.9566666666666666,1.0,0.0,0.0,0.0,0.0
7780,0.9616666666666666,1.0,0.0,0.0,0.0,0.0
7781,0.9766666666666666,1.0,0.0,0.0,0.0,0.0
7782,0.9516666666666663,1.0,0.0,0.0,0.0,0.0
7783,0.9349999999999997,1.0,0.0,0.0,0.0,0.0
7784,1.0,1.0,0.0,0.0,0.0,0.0
7785,1.0,1.0,0.0,0.0,0.0,0.0
7786,1.0,1.0,0.0,0.0,0.0,0.0
7787,1.0,1.0,0.0,0.0,0.0,0.0
7788,1.0,1.0,0.0,0.0,0.0,0.0
7789,0.9616666666666664,0.99,0.0,0.0,0.01,0.0
7790,0.9749999999999998,1.0,0.0,0.0,0.0,0.0
7791,0.9499999999999998,1.0,0.0,0.0,0.0,0.0
7792,0.9616666666666663,1.0,0.0,0.0,0.0,0.0
7793,0.9633333333333334,1.0,0.0,0.0,0.0,0.0
7794,1.0,1.0,0.0,0.0,0.0,0.0
7795,1.0,0.99,0.0,0.0,0.01,0.0
7796,1.0,0.99,0.0,0.0,0.01,0.0
7797,1.0,0.97,0.0,0.0,0.03,0.0
7798,1.0,0.94,0.0,0.0,0.06,0.0
7799,0.9383333333333332,0.97,0.0,0.0,0.03,0.0
7800,0.958333333333333,0.99,0.0,0.0,0.01,0.0
7801,0.9633333333333332,0.99,0.0,0.01,0.0,0.0
7802,0.9599999999999999,0.99,0.0,0.01,0.0,0.0
7803,0.9458634379716471,0.99,0.0,0.01,0.0,0.0
7804,1.0,1.0,0.0,0.0,0.0,0.0
7805,1.0,1.0,0.0,0.0,0.0,0.0
7806,1.0,1.0,0.0,0.0,0.0,0.0
7807,1.0,1.0,0.0,0.0,0.0,0.0
7808,0.995,0.99,0.0,0.01,0.0,0.0
7809,0.9633333333333332,1.0,0.0,0.0,0.0,0.0
7810,0.9433333333333331,1.0,0.0,0.0,0.0,0.0
7811,0.9616666666666666,1.0,0.0,0.0,0.0,0.0
7812,0.9449999999999998,1.0,0.0,0.0,0.0,0.0
7813,0.9599999999999997,1.0,0.0,0.0,0.0,0.0
7814,1.0,1.0,0.0,0.0,0.0,0.0
7815,0.9933333333333333,1.0,0.0,0.0,0.0,0.0
7816,1.0,1.0,0.0,0.0,0.0,0.0
7817,1.0,1.0,0.0,0.0,0.0,0.0
7818,1.0,1.0,0.0,0.0,0.0,0.0
7819,0.9716666666666662,1.0,0.0,0.0,0.0,0.0
7820,0.9499999999999997,1.0,0.0,0.0,0.0,0.0
7821,0.9433333333333331,1.0,0.0,0.0,0.0,0.0
7822,0.9566666666666663,1.0,0.0,0.0,0.0,0.0
7823,0.9616666666666667,1.0,0.0,0.0,0.0,0.0
7824,1.0,1.0,0.0,0.0,0.0,0.0
7825,1.0,1.0,0.0,0.0,0.0,0.0
7826,1.0,1.0,0.0,0.0,0.0,0.0
7827,0.9939135543565304,1.0,0.0,0.0,0.0,0.0
7828,1.0,1.0,0.0,0.0,0.0,0.0
7829,0.9433333333333331,1.0,0.0,0.0,0.0,0.0
7830,0.9533333333333331,1.0,0.0,0.0,0.0,0.0
7831,0.9466666666666665,1.0,0.0,0.0,0.0,0.0
7832,0.938333333333333,1.0,0.0,0.0,0.0,0.0
7833,0.9549999999999998,1.0,0.0,0.0,0.0,0.0
7834,1.0,1.0,0.0,0.0,0.0,0.0
7835,1.0,1.0,0.0,0.0,0.0,0.0
7836,1.0,1.0,0.0,0.0,0.0,0.0
7837,1.0,1.0,0.0,0.0,0.0,0.0
7838,1.0,1.0,0.0,0.0,0.0,0.0
7839,0.965,1.0,0.0,0.0,0.0,0.0
7840,0.9583333333333331,1.0,0.0,0.0,0.0,0.0
7841,0.9666666666666666,1.0,0.0,0.0,0.0,0.0
7842,0.9599999999999995,1.0,0.0,0.0,0.0,0.0
7843,0.9449999999999997,1.0,0.0,0.0,0.0,0.0
7844,1.0,1.0,0.0,0.0,0.0,0.0
7845,1.0,1.0,0.0,0.0,0.0,0.0
7846,1.0,1.0,0.0,0.0,0.0,0.0
7847,1.0,0.99,0.0,0.0,0.01,0.0
7848,1.0,1.0,0.0,0.0,0.0,0.0
7849,0.9666666666666661,1.0,0.0,0.0,0.0,0.0
7850,0.9416666666666663,1.0,0.0,0.0,0.0,0.0
7851,0.9533333333333331,1.0,0.0,0.0,0.0,0.0
7852,0.9583333333333331,1.0,0.0,0.0,0.0,0.0
7853,0.948333333333333,1.0,0.0,0.0,0.0,0.0
7854,1.0,1.0,0.0,0.0,0.0,0.0
7855,1.0,1.0,0.0,0.0,0.0,0.0
7856,1.0,1.0,0.0,0.0,0.0,0.0
7857,1.0,1.0,0.0,0.0,0.0,0.0
7858,1.0,1.0,0.0,0.0,0.0,0.0
7859,0.9633333333333333,1.0,0.0,0.0,0.0,0.0
7860,0.9499999999999996,1.0,0.0,0.0,0.0,0.0
7861,0.958333333333333,1.0,0.0,0.0,0.0,0.0
7862,0.9549999999999998,1.0,0.0,0.0,0.0,0.0
7863,0.9649999999999999,1.0,0.0,0.0,0.0,0.0
7864,1.0,1.0,0.0,0.0,0.0,0.0
7865,0.995,1.0,0.0,0.0,0.0,0.0
7866,0.9933333333333334,1.0,0.0,0.0,0.0,0.0
7867,0.995,0.99,0.0,0.0,0.01,0.0
7868,1.0,0.97,0.0,0.0,0.03,0.0
7869,0.9599999999999999,0.95,0.0,0.0,0.05,0.0
7870,0.9383333333333332,0.97,0.0,0.0,0.03,0.0
7871,0.9499999999999996,0.97,0.0,0.0,0.03,0.0
7872,0.9533333333333331,0.97,0.0,0.0,0.03,0.0
7873,0.9749999999999999,0.98,0.0,0.0,0.02,0.0
7874,1.0,0.98,0.0,0.0,0.02,0.0
7875,1.0,0.97,0.0,0.0,0.03,0.0
7876,1.0,0.99,0.0,0.0,0.01,0.0
7877,1.0,0.99,0.0,0.0,0.01,0.0
7878,1.0,0.99,0.0,0.0,0.01,0.0
7879,0.943333333333333,1.0,0.0,0.0,0.0,0.0
7880,0.965,1.0,0.0,0.0,0.0,0.0
7881,0.9533333333333331,1.0,0.0,0.0,0.0,0.0
7882,0.9566666666666664,1.0,0.0,0.0,0.0,0.0
7883,0.9416666666666664,1.0,0.0,0.0,0.0,0.0
7884,1.0,1.0,0.0,0.0,0.0,0.0
7885,1.0,1.0,0.0,0.0,0.0,0.0
7886,1.0,1.0,0.0,0.0,0.0,0.0
7887,1.0,1.0,0.0,0.0,0.0,0.0
7888,1.0,1.0,0.0,0.0,0.0,0.0
7889,0.9649999999999999,0.99,0.0,0.01,0.0,0.0
7890,0.9566666666666666,0.99,0.0,0.01,0.0,0.0
7891,0.9666666666666663,0.97,0.0,0.03,0.0,0.0
7892,0.9633333333333328,0.96,0.0,0.04,0.0,0.0
7893,0.9766666666666666,0.95,0.0,0.05,0.0,0.0
7894,0.9683333333333332,0.91,0.0,0.09,0.0,0.0
7895,0.99,0.97,0.0,0.03,0.0,0.0
7896,0.99,0.98,0.0,0.02,0.0,0.0
7897,0.995,0.98,0.0,0.01,0.01,0.0
7898,0.9983333333333333,0.99,0.0,0.01,0.0,0.0
7899,0.9649999999999999,0.99,0.0,0.01,0.0,0.0
7900,0.9766666666666665,0.99,0.0,0.01,0.0,0.0
7901,0.9649999999999999,0.98,0.0,0.02,0.0,0.0
7902,0.9499999999999998,1.0,0.0,0.0,0.0,0.0
7903,0.9366666666666668,1.0,0.0,0.0,0.0,0.0
7904,1.0,1.0,0.0,0.0,0.0,0.0
7905,1.0,1.0,0.0,0.0,0.0,0.0
7906,1.0,1.0,0.0,0.0,0.0,0.0
7907,1.0,1.0,0.0,0.0,0.0,0.0
7908,1.0,1.0,0.0,0.0,0.0,0.0
7909,0.96,0.99,0.0,0.01,0.0,0.0
7910,0.9616666666666666,0.99,0.0,0.01,0.0,0.0
7911,0.9666666666666665,1.0,0.0,0.0,0.0,0.0
7912,0.9583333333333333,1.0,0.0,0.0,0.0,0.0
7913,0.9499999999999998,1.0,0.0,0.0,0.0,0.0
7914,1.0,1.0,0.0,0.0,0.0,0.0
7915,1.0,1.0,0.0,0.0,0.0,0.0
7916,1.0,1.0,0.0,0.0,0.0,0.0
7917,1.0,0.99,0.0,0.0,0.01,0.0
7918,1.0,0.98,0.0,0.0,0.02,0.0
7919,0.9633333333333332,0.98,0.0,0.0,0.02,0.0
7920,0.953333333333333,0.99,0.0,0.0,0.01,0.0
7921,0.9683333333333332,1.0,0.0,0.0,0.0,0.0
7922,0.9396460823910208,1.0,0.0,0.0,0.0,0.0
7923,0.9499999999999997,1.0,0.0,0.0,0.0,0.0
7924,1.0,1.0,0.0,0.0,0.0,0.0
7925,1.0,1.0,0.0,0.0,0.0,0.0
7926,1.0,1.0,0.0,0.0,0.0,0.0
7927,1.0,1.0,0.0,0.0,0.0,0.0
7928,1.0,1.0,0.0,0.0,0.0,0.0
7929,0.9733333333333332,1.0,0.0,0.0,0.0,0.0
7930,0.9566666666666664,1.0,0.0,0.0,0.0,0.0
7931,0.9533333333333333,1.0,0.0,0.0,0.0,0.0
7932,0.9766666666666667,1.0,0.0,0.0,0.0,0.0
7933,0.9599999999999995,1.0,0.0,0.0,0.0,0.0
7934,1.0,1.0,0.0,0.0,0.0,0.0
7935,1.0,1.0,0.0,0.0,0.0,0.0
7936,1.0,1.0,0.0,0.0,0.0,0.0
7937,1.0,1.0,0.0,0.0,0.0,0.0
7938,1.0,1.0,0.0,0.0,0.0,0.0
7939,0.943333333333333,1.0,0.0,0.0,0.0,0.0
7940,0.9616666666666663,0.99,0.0,0.01,0.0,0.0
7941,0.9566666666666667,0.98,0.0,0.02,0.0,0.0
7942,0.9499999999999997,1.0,0.0,0.0,0.0,0.0
7943,0.9366666666666665,1.0,0.0,0.0,0.0,0.0
7944,1.0,1.0,0.0,0.0,0.0,0.0
7945,1.0,1.0,0.0,0.0,0.0,0.0
7946,1.0,1.0,0.0,0.0,0.0,0.0
7947,1.0,1.0,0.0,0.0,0.0,0.0
7948,1.0,1.0,0.0,0.0,0.0,0.0
7949,0.9499999999999996,1.0,0.0,0.0,0.0,0.0
7950,0.9499999999999997,1.0,0.0,0.0,0.0,0.0
7951,0.9583333333333333,1.0,0.0,0.0,0.0,0.0
7952,0.9733333333333332,1.0,0.0,0.0,0.0,0.0
7953,0.9533333333333331,0.99,0.0,0.01,0.0,0.0
7954,0.9933333333333333,0.99,0.0,0.01,0.0,0.0
7955,1.0,1.0,0.0,0.0,0.0,0.0
7956,1.0,1.0,0.0,0.0,0.0,0.0
7957,1.0,1.0,0.0,0.0,0.0,0.0
7958,1.0,1.0,0.0,0.0,0.0,0.0
7959,0.9549999999999997,1.0,0.0,0.0,0.0,0.0
7960,0.9433333333333331,1.0,0.0,0.0,0.0,0.0
7961,0.9449999999999998,1.0,0.0,0.0,0.0,0.0
7962,0.9616666666666664,1.0,0.0,0.0,0.0,0.0
7963,0.9483333333333333,1.0,0.0,0.0,0.0,0.0
7964,1.0,1.0,0.0,0.0,0.0,0.0
7965,1.0,1.0,0.0,0.0,0.0,0.0
7966,1.0,1.0,0.0,0.0,0.0,0.0
7967,0.995,1.0,0.0,0.0,0.0,0.0
7968,1.0,1.0,0.0,0.0,0.0,0.0
7969,0.9633333333333333,0.99,0.0,0.01,0.0,0.0
7970,0.9649999999999997,0.99,0.0,0.01,0.0,0.0
7971,0.9349999999999998,0.98,0.0,0.02,0.0,0.0
7972,0.9533333333333331,1.0,0.0,0.0,0.0,0.0
7973,0.965,1.0,0.0,0.0,0.0,0.0
7974,1.0,1.0,0.0,0.0,0.0,0.0
7975,1.0,1.0,0.0,0.0,0.0,0.0
7976,1.0,1.0,0.01,0.0,0.0,0.0
7977,1.0,1.0,0.02,0.0,0.0,0.0
7978,1.0,1.0,0.01,0.0,0.0,0.0
7979,0.9616666666666664,1.0,0.01,0.0,0.0,0.0
7980,0.9566666666666666,1.0,0.0,0.0,0.0,0.0
7981,0.9599999999999995,1.0,0.0,0.0,0.0,0.0
7982,0.9649999999999997,1.0,0.0,0.0,0.0,0.0
7983,0.9599999999999997,1.0,0.0,0.0,0.0,0.0
7984,1.0,1.0,0.0,0.0,0.0,0.0
7985,1.0,1.0,0.0,0.0,0.0,0.0
7986,1.0,1.0,0.0,0.0,0.0,0.0
7987,1.0,1.0,0.0,0.0,0.0,0.0
7988,1.0,1.0,0.0,0.0,0.0,0.0
7989,0.9449999999999998,1.0,0.0,0.0,0.0,0.0
7990,0.9516666666666665,1.0,0.0,0.0,0.0,0.0
7991,0.9599999999999997,1.0,0.0,0.0,0.0,0.0
7992,0.9416666666666663,1.0,0.0,0.0,0.0,0.0
7993,0.945,1.0,0.0,0.0,0.0,0.0
7994,1.0,1.0,0.0,0.0,0.0,0.0
7995,1.0,1.0,0.0,0.0,0.0,0.0
7996,1.0,1.0,0.0,0.0,0.0,0.0
7997,1.0,1.0,0.0,0.0,0.0,0.0
7998,1.0,1.0,0.0,0.0,0.0,0.0
7999,0.9549999999999998,1.0,0.0,0.0,0.0,0.0
8000,0.9483333333333333,1.0,0.0,0.0,0.0,0.0
8001,0.9616666666666664,1.0,0.0,0.0,0.0,0.0
8002,0.9583333333333331,0.99,0.0,0.0,0.01,0.0
8003,0.9366666666666663,0.98,0.0,0.0,0.02,0.0
8004,1.0,0.98,0.0,0.0,0.02,0.0
8005,1.0,0.98,0.0,0.0,0.02,0.0
8006,1.0,0.95,0.0,0.0,0.05,0.0
8007,1.0,0.95,0.0,0.0,0.05,0.0
8008,1.0,0.97,0.0,0.0,0.03,0.0
8009,0.9683333333333332,0.99,0.0,0.0,0.01,0.0
8010,0.9616666666666666,1.0,0.0,0.0,0.0,0.0
8011,0.9583333333333335,1.0,0.0,0.0,0.0,0.0
8012,0.9549999999999997,1.0,0.0,0.0,0.0,0.0
8013,0.9666666666666667,1.0,0.0,0.0,0.0,0.0
8014,1.0,0.99,0.0,0.0,0.01,0.0
8015,1.0,0.99,0.0,0.0,0.01,0.0
8016,1.0,1.0,0.0,0.0,0.0,0.0
8017,1.0,1.0,0.0,0.0,0.0,0.0
8018,1.0,1.0,0.0,0.0,0.0,0.0
8019,0.9566666666666664,1.0,0.0,0.0,0.0,0.0
8020,0.9483333333333335,1.0,0.0,0.0,0.0,0.0
8021,0.9349999999999997,1.0,0.0,0.0,0.0,0.0
8022,0.918333333333333,1.0,0.0,0.0,0.0,0.0
8023,0.9483333333333333,1.0,0.0,0.0,0.0,0.0
8024,1.0,1.0,0.0,0.0,0.0,0.0
8025,1.0,1.0,0.0,0.0,0.0,0.0
8026,1.0,1.0,0.0,0.0,0.0,0.0
8027,1.0,1.0,0.0,0.0,0.0,0.0
8028,1.0,1.0,0.0,0.0,0.0,0.0
8029,0.9516666666666664,1.0,0.0,0.0,0.0,0.0
8030,0.9549999999999998,1.0,0.0,0.0,0.0,0.0
8031,0.9583333333333333,1.0,0.0,0.0,0.0,0.0
8032,0.9583333333333331,1.0,0.0,0.0,0.0,0.0
8033,0.9683333333333332,1.0,0.0,0.0,0.0,0.0
8034,1.0,1.0,0.0,0.0,0.0,0.0
8035,1.0,1.0,0.0,0.0,0.0,0.0
8036,1.0,0.99,0.0,0.0,0.01,0.0
8037,1.0,0.98,0.0,0.0,0.02,0.0
8038,1.0,0.98,0.0,0.0,0.02,0.0
8039,0.955,0.99,0.0,0.01,0.0,0.0
8040,0.9366666666666664,0.99,0.0,0.01,0.0,0.0
8041,0.9516666666666665,0.98,0.0,0.02,0.0,0.0
8042,0.9333333333333331,0.97,0.0,0.03,0.0,0.0
8043,0.9716666666666665,0.99,0.0,0.01,0.0,0.0
8044,0.9983333333333334,0.99,0.0,0.01,0.0,0.0
8045,1.0,1.0,0.0,0.0,0.0,0.0
8046,1.0,1.0,0.0,0.0,0.0,0.0
8047,1.0,1.0,0.0,0.0,0.0,0.0
8048,1.0,1.0,0.0,0.0,0.0,0.0
8049,0.9183333333333333,1.0,0.0,0.0,0.0,0.0
8050,0.9433333333333335,1.0,0.0,0.0,0.0,0.0
8051,0.9633333333333327,1.0,0.0,0.0,0.0,0.0
8052,0.9433333333333331,1.0,0.0,0.0,0.0,0.0
8053,0.9516666666666663,1.0,0.0,0.0,0.0,0.0
8054,1.0,1.0,0.0,0.0,0.0,0.0
8055,1.0,1.0,0.0,0.0,0.0,0.0
8056,1.0,1.0,0.0,0.0,0.0,0.0
8057,1.0,1.0,0.0,0.0,0.0,0.0
8058,1.0,1.0,0.0,0.0,0.0,0.0
8059,0.958333333333333,1.0,0.0,0.0,0.0,0.0
8060,0.9666666666666663,1.0,0.0,0.0,0.0,0.0
8061,0.9649999999999999,1.0,0.0,0.0,0.0,0.0
8062,0.9516666666666664,1.0,0.0,0.0,0.0,0.0
8063,0.9599999999999997,1.0,0.0,0.0,0.0,0.0
8064,1.0,1.0,0.0,0.0,0.0,0.0
8065,1.0,1.0,0.0,0.0,0.0,0.0
8066,1.0,1.0,0.0,0.0,0.0,0.0
8067,1.0,1.0,0.0,0.0,0.0,0.0
8068,1.0,1.0,0.0,0.0,0.0,0.0
8069,0.9466666666666664,0.98,0.0,0.01,0.01,0.0
8070,0.943333333333333,0.98,0.0,0.01,0.01,0.0
8071,0.9483333333333331,0.98,0.0,0.01,0.01,0.0
8072,0.9383333333333332,0.98,0.0,0.01,0.01,0.0
8073,0.9616666666666664,0.98,0.0,0.01,0.01,0.0
8074,0.9883333333333333,0.94,0.0,0.03,0.03,0.0
8075,0.99,0.97,0.0,0.02,0.01,0.0
8076,1.0,0.98,0.0,0.0,0.02,0.0
8077,1.0,0.95,0.0,0.0,0.05,0.0
8078,1.0,0.95,0.0,0.0,0.05,0.0
8079,0.943333333333333,0.96,0.0,0.0,0.04,0.0
8080,0.9333333333333331,0.98,0.0,0.0,0.02,0.0
8081,0.9599999999999999,0.99,0.0,0.0,0.01,0.0
8082,0.9483333333333331,1.0,0.0,0.0,0.0,0.0
8083,0.9733333333333332,1.0,0.0,0.0,0.0,0.0
8084,1.0,1.0,0.0,0.0,0.0,0.0
8085,1.0,1.0,0.0,0.0,0.0,0.0
8086,1.0,1.0,0.0,0.0,0.0,0.0
8087,1.0,1.0,0.0,0.0,0.0,0.0
8088,1.0,1.0,0.0,0.0,0.0,0.0
8089,0.9599999999999999,1.0,0.0,0.0,0.0,0.0
8090,0.9449999999999996,1.0,0.0,0.0,0.0,0.0
8091,0.9483333333333331,0.99,0.0,0.0,0.01,0.0
8092,0.948333333333333,1.0,0.0,0.0,0.0,0.0
8093,0.9466666666666668,1.0,0.0,0.0,0.0,0.0
8094,1.0,1.0,0.0,0.0,0.0,0.0
8095,1.0,1.0,0.0,0.0,0.0,0.0
8096,1.0,1.0,0.0,0.0,0.0,0.0
8097,0.9995989820125619,0.99,0.0,0.01,0.0,0.0
8098,0.9991979640251238,0.98,0.0,0.02,0.0,0.0
8099,0.9616666666666663,1.0,0.0,0.0,0.0,0.0
8100,0.9499999999999997,1.0,0.0,0.0,0.0,0.0
8101,0.9516666666666669,1.0,0.0,0.0,0.0,0.0
8102,0.9666666666666665,1.0,0.0,0.0,0.0,0.0
8103,0.9649999999999999,1.0,0.0,0.0,0.0,0.0
8104,1.0,1.0,0.0,0.0,0.0,0.0
8105,1.0,1.0,0.0,0.0,0.0,0.0
8106,0.995,1.0,0.0,0.0,0.0,0.0
8107,0.995,1.0,0.0,0.0,0.0,0.0
8108,1.0,1.0,0.0,0.0,0.0,0.0
8109,0.9449999999999996,1.0,0.0,0.0,0.0,0.0
8110,0.968333333333333,1.0,0.0,0.0,0.0,0.0
8111,0.9516666666666664,1.0,0.0,0.0,0.0,0.0
8112,0.9499999999999998,1.0,0.0,0.0,0.0,0.0
8113,0.9349999999999998,1.0,0.0,0.0,0.0,0.0
8114,1.0,1.0,0.0,0.0,0.0,0.0
8115,1.0,1.0,0.0,0.0,0.0,0.0
8116,1.0,1.0,0.0,0.0,0.0,0.0
8117,1.0,1.0,0.0,0.0,0.0,0.0
8118,1.0,1.0,0.0,0.0,0.0,0.0
8119,0.963333333333333,1.0,0.0,0.0,0.0,0.0
8120,0.9666666666666663,1.0,0.0,0.0,0.0,0.0
8121,0.9433333333333331,1.0,0.0,0.0,0.0,0.0
8122,0.9416666666666665,1.0,0.0,0.0,0.0,0.0
8123,0.9633333333333334,1.0,0.0,0.0,0.0,0.0
8124,1.0,1.0,0.0,0.0,0.0,0.0
8125,1.0,1.0,0.0,0.0,0.0,0.0
8126,1.0,1.0,0.0,0.0,0.0,0.0
8127,1.0,1.0,0.0,0.0,0.0,0.0
8128,1.0,1.0,0.0,0.0,0.0,0.0
8129,0.9499999999999998,1.0,0.0,0.0,0.0,0.0
8130,0.9599999999999999,1.0,0.0,0.0,0.0,0.0
8131,0.9583333333333333,1.0,0.0,0.0,0.0,0.0
8132,0.9583333333333331,0.99,0.0,0.01,0.0,0.0
8133,0.9399999999999996,0.99,0.0,0.01,0.0,0.0
8134,0.9883333333333333,0.97,0.0,0.03,0.0,0.0
8135,0.9816666666666669,0.95,0.0,0.05,0.0,0.0
8136,0.995,0.99,0.0,0.01,0.0,0.0
8137,1.0,1.0,0.0,0.0,0.0,0.0
8138,1.0,1.0,0.0,0.0,0.0,0.0
8139,0.9566666666666666,1.0,0.0,0.0,0.0,0.0
8140,0.9516666666666664,1.0,0.0,0.0,0.0,0.0
8141,0.9561454437902773,0.99,0.0,0.0,0.01,0.0
8142,0.9366666666666665,0.98,0.0,0.0,0.02,0.0
8143,0.9549999999999998,1.0,0.0,0.0,0.0,0.0
8144,1.0,1.0,0.0,0.0,0.0,0.0
8145,1.0,1.0,0.0,0.0,0.0,0.0
8146,1.0,1.0,0.0,0.0,0.0,0.0
8147,1.0,1.0,0.0,0.0,0.0,0.0
8148,1.0,1.0,0.0,0.0,0.0,0.0
8149,0.948333333333333,1.0,0.0,0.0,0.0,0.0
8150,0.9566666666666661,1.0,0.0,0.0,0.0,0.0
8151,0.9616666666666664,1.0,0.0,0.0,0.0,0.0
8152,0.9499999999999996,1.0,0.0,0.0,0.0,0.0
8153,0.9383333333333331,1.0,0.0,0.0,0.0,0.0
8154,1.0,1.0,0.0,0.0,0.0,0.0
8155,1.0,1.0,0.0,0.0,0.0,0.0
8156,1.0,1.0,0.0,0.0,0.0,0.0
8157,1.0,1.0,0.0,0.0,0.0,0.0
8158,1.0,1.0,0.0,0.0,0.0,0.0
8159,0.9699999999999998,1.0,0.0,0.0,0.0,0.0
8160,0.9549999999999997,1.0,0.0,0.0,0.0,0.0
8161,0.9533333333333333,1.0,0.01,0.0,0.0,0.0
8162,0.9516666666666664,1.0,0.01,0.0,0.0,0.0
8163,0.9749999999999998,1.0,0.0,0.0,0.0,0.0
8164,1.0,1.0,0.0,0.0,0.0,0.0
8165,1.0,1.0,0.0,0.0,0.0,0.0
8166,1.0,0.99,0.0,0.0,0.01,0.0
8167,0.9933333333333333,0.99,0.0,0.01,0.0,0.0
8168,1.0,1.0,0.0,0.0,0.0,0.0
8169,0.953333333333333,0.99,0.0,0.0,0.01,0.0
8170,0.9549999999999998,1.0,0.0,0.0,0.0,0.0
8171,0.9466666666666664,1.0,0.0,0.0,0.0,0.0
8172,0.9516666666666664,1.0,0.0,0.0,0.0,0.0
8173,0.9599999999999999,1.0,0.0,0.0,0.0,0.0
8174,0.9933333333333333,1.0,0.0,0.0,0.0,0.0
8175,1.0,1.0,0.0,0.0,0.0,0.0
8176,1.0,1.0,0.0,0.0,0.0,0.0
8177,1.0,1.0,0.0,0.0,0.0,0.0
8178,1.0,0.99,0.0,0.0,0.01,0.0
8179,0.968333333333333,0.99,0.0,0.0,0.01,0.0
8180,0.9449999999999996,0.99,0.0,0.0,0.01,0.0
8181,0.9549999999999998,1.0,0.0,0.0,0.0,0.0
8182,0.953333333333333,0.99,0.0,0.01,0.0,0.0
8183,0.9599999999999999,1.0,0.0,0.0,0.0,0.0
8184,1.0,1.0,0.0,0.0,0.0,0.0
8185,1.0,1.0,0.0,0.0,0.0,0.0
8186,1.0,1.0,0.0,0.0,0.0,0.0
8187,1.0,1.0,0.0,0.0,0.0,0.0
8188,1.0,1.0,0.0,0.0,0.0,0.0
8189,0.948333333333333,1.0,0.0,0.0,0.0,0.0
8190,0.9666666666666665,1.0,0.0,0.0,0.0,0.0
8191,0.9499999999999998,1.0,0.0,0.0,0.0,0.0
8192,0.9583333333333333,1.0,0.0,0.0,0.0,0.0
8193,0.9649999999999997,1.0,0.0,0.0,0.0,0.0
8194,1.0,1.0,0.0,0.0,0.0,0.0
8195,1.0,1.0,0.0,0.0,0.0,0.0
8196,1.0,1.0,0.0,0.0,0.0,0.0
8197,1.0,1.0,0.0,0.0,0.0,0.0
8198,1.0,1.0,0.0,0.0,0.0,0.0
8199,0.955,1.0,0.0,0.0,0.0,0.0
8200,0.9733333333333334,1.0,0.0,0.0,0.0,0.0
8201,0.9749999999999999,1.0,0.0,0.0,0.0,0.0
8202,0.9549999999999997,1.0,0.0,0.0,0.0,0.0
8203,0.9516666666666664,1.0,0.0,0.0,0.0,0.0
8204,1.0,1.0,0.0,0.0,0.0,0.0
8205,1.0,1.0,0.0,0.0,0.0,0.0
8206,1.0,1.0,0.0,0.0,0.0,0.0
8207,1.0,1.0,0.0,0.0,0.0,0.0
8208,1.0,0.99,0.0,0.0,0.01,0.0
8209,0.9616666666666664,1.0,0.0,0.0,0.0,0.0
8210,0.9666666666666666,1.0,0.0,0.0,0.0,0.0
8211,0.96,1.0,0.0,0.0,0.0,0.0
8212,0.9549999999999998,1.0,0.0,0.0,0.0,0.0
8213,0.9583333333333331,1.0,0.0,0.0,0.0,0.0
8214,1.0,1.0,0.0,0.0,0.0,0.0
8215,0.9983333333333334,0.99,0.0,0.01,0.0,0.0
8216,0.9983333333333334,0.99,0.0,0.01,0.0,0.0
8217,0.995,0.99,0.0,0.01,0.0,0.0
8218,1.0,1.0,0.0,0.0,0.0,0.0
8219,0.955,0.99,0.0,0.0,0.01,0.0
8220,0.9666666666666666,1.0,0.0,0.0,0.0,0.0
8221,0.9616666666666667,1.0,0.0,0.0,0.0,0.0
8222,0.9616666666666666,1.0,0.0,0.0,0.0,0.0
8223,0.9416666666666665,1.0,0.0,0.0,0.0,0.0
8224,1.0,1.0,0.0,0.0,0.0,0.0
8225,1.0,0.99,0.0,0.0,0.01,0.0
8226,1.0,0.99,0.0,0.0,0.01,0.0
8227,1.0,0.99,0.0,0.0,0.01,0.0
8228,1.0,0.99,0.0,0.0,0.01,0.0
8229,0.9399999999999996,1.0,0.0,0.0,0.0,0.0
8230,0.955,1.0,0.0,0.0,0.0,0.0
8231,0.9299999999999996,1.0,0.0,0.0,0.0,0.0
8232,0.9466666666666665,1.0,0.0,0.0,0.0,0.0
8233,0.9599999999999999,0.99,0.0,0.01,0.0,0.0
8234,0.9966666666666667,0.98,0.0,0.01,0.01,0.0
8235,1.0,0.99,0.0,0.0,0.01,0.0
8236,1.0,0.98,0.0,0.0,0.02,0.0
8237,1.0,0.99,0.0,0.0,0.01,0.0
8238,1.0,0.98,0.0,0.0,0.02,0.0
8239,0.958333333333333,0.99,0.0,0.0,0.01,0.0
8240,0.9516666666666665,1.0,0.0,0.0,0.0,0.0
8241,0.9466666666666664,0.99,0.0,0.01,0.0,0.0
8242,0.9683333333333333,1.0,0.0,0.0,0.0,0.0
8243,0.9499999999999996,1.0,0.0,0.0,0.0,0.0
8244,1.0,1.0,0.0,0.0,0.0,0.0
8245,0.9933333333333334,1.0,0.0,0.0,0.0,0.0
8246,1.0,1.0,0.0,0.0,0.0,0.0
8247,1.0,1.0,0.0,0.0,0.0,0.0
8248,1.0,1.0,0.0,0.0,0.0,0.0
8249,0.9699999999999999,1.0,0.0,0.0,0.0,0.0
8250,0.953333333333333,1.0,0.0,0.0,0.0,0.0
8251,0.9669099235141932,0.99,0.0,0.0,0.01,0.0
8252,0.9535765901808597,0.99,0.0,0.0,0.01,0.0
8253,0.9316666666666662,0.98,0.0,0.0,0.02,0.0
8254,1.0,0.98,0.0,0.0,0.02,0.0
8255,1.0,0.99,0.0,0.0,0.01,0.0
8256,1.0,1.0,0.0,0.0,0.0,0.0
8257,1.0,1.0,0.0,0.0,0.0,0.0
8258,1.0,1.0,0.0,0.0,0.0,0.0
8259,0.9466666666666664,1.0,0.0,0.0,0.0,0.0
8260,0.9716666666666666,1.0,0.0,0.0,0.0,0.0
8261,0.9649999999999999,1.0,0.0,0.0,0.0,0.0
8262,0.9466666666666663,1.0,0.0,0.0,0.0,0.0
8263,0.9499999999999998,1.0,0.0,0.0,0.0,0.0
8264,1.0,1.0,0.0,0.0,0.0,0.0
8265,1.0,1.0,0.0,0.0,0.0,0.0
8266,1.0,1.0,0.0,0.0,0.0,0.0
8267,1.0,1.0,0.0,0.0,0.0,0.0
8268,1.0,1.0,0.0,0.0,0.0,0.0
8269,0.9516666666666665,1.0,0.0,0.0,0.0,0.0
8270,0.9566666666666663,1.0,0.0,0.0,0.0,0.0
8271,0.9566666666666663,1.0,0.0,0.0,0.0,0.0
8272,0.9483333333333328,1.0,0.0,0.0,0.0,0.0
8273,0.9566666666666664,1.0,0.0,0.0,0.0,0.0
8274,0.9766666666666667,1.0,0.0,0.0,0.0,0.0
8275,0.98,1.0,0.0,0.0,0.0,0.0
8276,0.995,1.0,0.0,0.0,0.0,0.0
8277,0.995,1.0,0.0,0.0,0.0,0.0
8278,1.0,1.0,0.0,0.0,0.0,0.0
8279,0.9633333333333333,1.0,0.0,0.0,0.0,0.0
8280,0.9599999999999999,1.0,0.0,0.0,0.0,0.0
8281,0.943333333333333,1.0,0.0,0.0,0.0,0.0
8282,0.9566666666666661,1.0,0.0,0.0,0.0,0.0
8283,0.9516666666666663,1.0,0.0,0.0,0.0,0.0
8284,1.0,1.0,0.0,0.0,0.0,0.0
8285,0.9866666666666666,0.99,0.0,0.01,0.0,0.0
8286,0.9883333333333334,0.98,0.0,0.02,0.0,0.0
8287,0.9983333333333333,0.99,0.0,0.01,0.0,0.0
8288,0.9966666666666666,0.99,0.0,0.01,0.0,0.0
8289,0.9683333333333332,0.99,0.0,0.01,0.0,0.0
8290,0.96,0.99,0.0,0.01,0.0,0.0
8291,0.955,1.0,0.0,0.0,0.0,0.0
8292,0.948333333333333,1.0,0.0,0.0,0.0,0.0
8293,0.9449999999999998,1.0,0.0,0.0,0.0,0.0
8294,1.0,1.0,0.0,0.0,0.0,0.0
8295,1.0,1.0,0.0,0.0,0.0,0.0
8296,1.0,1.0,0.0,0.0,0.0,0.0
8297,1.0,1.0,0.0,0.0,0.0,0.0
8298,1.0,1.0,0.0,0.0,0.0,0.0
8299,0.9683333333333333,1.0,0.0,0.0,0.0,0.0
8300,0.965,1.0,0.0,0.0,0.0,0.0
8301,0.9583333333333333,1.0,0.0,0.0,0.0,0.0
8302,0.9566666666666663,1.0,0.0,0.0,0.0,0.0
8303,0.9316666666666669,1.0,0.0,0.0,0.0,0.0
8304,1.0,1.0,0.0,0.0,0.0,0.0
8305,1.0,1.0,0.0,0.0,0.0,0.0
8306,1.0,1.0,0.0,0.0,0.0,0.0
8307,1.0,1.0,0.0,0.0,0.0,0.0
8308,1.0,1.0,0.0,0.0,0.0,0.0
8309,0.9516666666666664,1.0,0.0,0.0,0.0,0.0
8310,0.9533333333333333,1.0,0.0,0.0,0.0,0.0
8311,0.9566666666666666,1.0,0.0,0.0,0.0,0.0
8312,0.9633333333333332,1.0,0.0,0.0,0.0,0.0
8313,0.9483333333333333,1.0,0.0,0.0,0.0,0.0
8314,1.0,1.0,0.0,0.0,0.0,0.0
8315,1.0,1.0,0.0,0.0,0.0,0.0
8316,1.0,1.0,0.0,0.0,0.0,0.0
8317,1.0,1.0,0.0,0.0,0.0,0.0
8318,1.0,1.0,0.0,0.0,0.0,0.0
8319,0.9516666666666664,1.0,0.0,0.0,0.0,0.0
8320,0.9699999999999998,1.0,0.0,0.0,0.0,0.0
8321,0.9499999999999997,1.0,0.0,0.0,0.0,0.0
8322,0.9649999999999997,1.0,0.0,0.0,0.0,0.0
8323,0.9666666666666666,1.0,0.0,0.0,0.0,0.0
8324,1.0,1.0,0.0,0.0,0.0,0.0
8325,1.0,1.0,0.0,0.0,0.0,0.0
8326,1.0,1.0,0.0,0.0,0.0,0.0
8327,0.9983333333333333,1.0,0.0,0.0,0.0,0.0
8328,1.0,1.0,0.0,0.0,0.0,0.0
8329,0.9366666666666669,0.99,0.0,0.0,0.01,0.0
8330,0.953333333333333,1.0,0.0,0.0,0.0,0.0
8331,0.9599999999999997,1.0,0.0,0.0,0.0,0.0
8332,0.9583333333333331,1.0,0.0,0.0,0.0,0.0
8333,0.953333333333333,1.0,0.0,0.0,0.0,0.0
8334,1.0,1.0,0.0,0.0,0.0,0.0
8335,1.0,1.0,0.0,0.0,0.0,0.0
8336,1.0,1.0,0.0,0.0,0.0,0.0
8337,1.0,0.99,0.0,0.0,0.01,0.0
8338,1.0,0.99,0.0,0.0,0.01,0.0
8339,0.9516666666666663,0.99,0.0,0.0,0.01,0.0
8340,0.9583333333333328,0.99,0.0,0.0,0.01,0.0
8341,0.9599999999999995,1.0,0.0,0.0,0.0,0.0
8342,0.9649999999999999,1.0,0.01,0.0,0.0,0.0
8343,0.9500000000000002,0.99,0.02,0.0,0.01,0.0
8344,1.0,1.0,0.06,0.0,0.0,0.0
8345,1.0,1.0,0.05,0.0,0.0,0.0
8346,1.0,1.0,0.02,0.0,0.0,0.0
8347,1.0,1.0,0.02,0.0,0.0,0.0
8348,1.0,1.0,0.01,0.0,0.0,0.0
8349,0.9699999999999995,1.0,0.02,0.0,0.0,0.0
8350,0.963333333333333,1.0,0.05,0.0,0.0,0.0
8351,0.9599999999999995,1.0,0.02,0.0,0.0,0.0
8352,0.945,1.0,0.05,0.0,0.0,0.0
8353,0.9666666666666666,1.0,0.11,0.0,0.0,0.0
8354,0.995,1.0,0.18,0.0,0.0,0.0
8355,1.0,1.0,0.18,0.0,0.0,0.0
8356,0.9933333333333334,1.0,0.19,0.0,0.0,0.0
8357,0.9983333333333333,1.0,0.16,0.0,0.0,0.0
8358,0.9933333333333333,1.0,0.2,0.0,0.0,0.0
8359,0.9783333333333332,1.0,0.24,0.0,0.0,0.0
8360,0.9549999999999997,1.0,0.24,0.0,0.0,0.0
8361,0.9716666666666666,1.0,0.26,0.0,0.0,0.0
8362,0.9633333333333328,1.0,0.24,0.0,0.0,0.0
8363,0.9650000000000002,1.0,0.26,0.0,0.0,0.0
8364,0.9916666666666666,1.0,0.18,0.0,0.0,0.0
8365,0.995,1.0,0.24,0.0,0.0,0.0
8366,0.9933333333333334,1.0,0.36,0.0,0.0,0.0
8367,0.995,1.0,0.35,0.0,0.0,0.0
8368,0.9916666666666666,1.0,0.3,0.0,0.0,0.0
8369,0.9783333333333332,1.0,0.27,0.0,0.0,0.0
8370,0.9766666666666666,1.0,0.31,0.0,0.0,0.0
8371,0.9699999999999998,1.0,0.33,0.0,0.0,0.0
8372,0.9716666666666665,1.0,0.36,0.0,0.0,0.0
8373,0.9749999999999999,1.0,0.4,0.0,0.0,0.0
8374,0.9933333333333333,1.0,0.39,0.0,0.0,0.0
8375,1.0,1.0,0.35,0.0,0.0,0.0
8376,1.0,1.0,0.35,0.0,0.0,0.0
8377,0.9933333333333334,1.0,0.36,0.0,0.0,0.0
8378,0.9916666666666666,1.0,0.39,0.0,0.0,0.0
8379,0.958333333333333,1.0,0.35,0.0,0.0,0.0
8380,0.9699999999999998,1.0,0.43,0.0,0.0,0.0
8381,0.9816666666666665,1.0,0.45,0.0,0.0,0.0
8382,0.9733333333333332,1.0,0.5,0.0,0.0,0.0
8383,0.9699999999999999,0.99,0.51,0.0,0.01,0.0
8384,0.9783333333333334,0.99,0.53,0.0,0.01,0.0
8385,0.985,0.99,0.56,0.0,0.01,0.0
8386,0.98,1.0,0.62,0.0,0.0,0.0
8387,0.995,1.0,0.62,0.0,0.0,0.0
8388,0.9833333333333332,1.0,0.64,0.0,0.0,0.0
8389,0.9833333333333334,1.0,0.62,0.0,0.0,0.0
8390,0.978333333333333,1.0,0.59,0.0,0.0,0.0
8391,0.965,1.0,0.53,0.0,0.0,0.0
8392,0.9633333333333333,1.0,0.48,0.0,0.0,0.0
8393,0.97,1.0,0.44,0.0,0.0,0.0
8394,0.9866666666666667,1.0,0.37,0.0,0.0,0.0
8395,0.98,1.0,0.34,0.0,0.0,0.0
8396,0.9866666666666666,1.0,0.32,0.0,0.0,0.0
8397,0.985,1.0,0.35,0.0,0.0,0.0
8398,1.0,1.0,0.28,0.0,0.0,0.0
8399,0.9766666666666667,1.0,0.28,0.0,0.0,0.0
8400,0.9649999999999997,1.0,0.27,0.0,0.0,0.0
8401,0.9716666666666665,1.0,0.26,0.0,0.0,0.0
8402,0.9649999999999999,1.0,0.31,0.0,0.0,0.0
8403,0.9816666666666666,1.0,0.36,0.0,0.0,0.0
8404,0.9916666666666667,1.0,0.34,0.0,0.0,0.0
8405,0.9983333333333333,1.0,0.34,0.0,0.0,0.0
8406,0.9983333333333333,0.99,0.32,0.01,0.0,0.0
8407,0.995,1.0,0.36,0.0,0.0,0.0
8408,0.9983333333333334,1.0,0.37,0.0,0.0,0.0
8409,0.985,1.0,0.37,0.0,0.0,0.0
8410,0.9583333333333333,0.99,0.32,0.01,0.0,0.0
8411,0.96,0.97,0.25,0.03,0.0,0.0
8412,0.9733333333333332,0.98,0.23,0.02,0.0,0.0
8413,0.9566666666666666,0.99,0.23,0.01,0.0,0.0
8414,0.9883333333333333,0.98,0.23,0.02,0.0,0.0
8415,0.9816666666666666,0.98,0.24,0.02,0.0,0.0
8416,0.9866666666666666,0.98,0.22,0.02,0.0,0.0
8417,0.9933333333333333,0.99,0.18,0.01,0.0,0.0
8418,1.0,1.0,0.18,0.0,0.0,0.0
8419,0.9666666666666667,1.0,0.18,0.0,0.0,0.0
8420,0.9483333333333331,1.0,0.19,0.0,0.0,0.0
8421,0.9683333333333332,1.0,0.13,0.0,0.0,0.0
8422,0.9683333333333332,1.0,0.14,0.0,0.0,0.0
8423,0.9649999999999997,1.0,0.14,0.0,0.0,0.0
8424,1.0,1.0,0.13,0.0,0.0,0.0
8425,0.9916666666666667,1.0,0.12,0.0,0.0,0.0
8426,1.0,1.0,0.08,0.0,0.0,0.0
8427,0.995,1.0,0.09,0.0,0.0,0.0
8428,1.0,1.0,0.1,0.0,0.0,0.0
8429,0.9499999999999998,1.0,0.1,0.0,0.0,0.0
8430,0.9666666666666666,0.99,0.15,0.01,0.0,0.0
8431,0.9516666666666664,1.0,0.14,0.0,0.0,0.0
8432,0.9599999999999997,1.0,0.16,0.0,0.0,0.0
8433,0.9549999999999998,1.0,0.12,0.0,0.0,0.0
8434,0.9916666666666666,1.0,0.09,0.0,0.0,0.0
8435,1.0,1.0,0.07,0.0,0.0,0.0
8436,1.0,1.0,0.07,0.0,0.0,0.0
8437,1.0,1.0,0.06,0.0,0.0,0.0
8438,1.0,1.0,0.07,0.0,0.0,0.0
8439,0.9633333333333332,1.0,0.07,0.0,0.0,0.0
8440,0.9683333333333332,1.0,0.06,0.0,0.0,0.0
8441,0.9633333333333332,1.0,0.08,0.0,0.0,0.0
8442,0.9516666666666664,1.0,0.04,0.0,0.0,0.0
8443,0.9733333333333334,1.0,0.03,0.0,0.0,0.0
8444,1.0,0.99,0.02,0.0,0.01,0.0
8445,1.0,1.0,0.02,0.0,0.0,0.0
8446,1.0,1.0,0.01,0.0,0.0,0.0
8447,0.995,1.0,0.03,0.0,0.0,0.0
8448,1.0,1.0,0.02,0.0,0.0,0.0
8449,0.9516666666666665,1.0,0.01,0.0,0.0,0.0
8450,0.9666666666666665,1.0,0.0,0.0,0.0,0.0
8451,0.9449999999999998,1.0,0.0,0.0,0.0,0.0
8452,0.9599999999999995,1.0,0.0,0.0,0.0,0.0
8453,0.9633333333333333,1.0,0.0,0.0,0.0,0.0
8454,1.0,1.0,0.0,0.0,0.0,0.0
8455,1.0,1.0,0.0,0.0,0.0,0.0
8456,1.0,1.0,0.0,0.0,0.0,0.0
8457,1.0,1.0,0.0,0.0,0.0,0.0
8458,1.0,1.0,0.0,0.0,0.0,0.0
8459,0.96,1.0,0.0,0.0,0.0,0.0
8460,0.9649999999999999,1.0,0.0,0.0,0.0,0.0
8461,0.9566666666666664,1.0,0.0,0.0,0.0,0.0
8462,0.9616666666666664,1.0,0.0,0.0,0.0,0.0
8463,0.9616666666666664,1.0,0.0,0.0,0.0,0.0
8464,0.99,0.99,0.0,0.01,0.0,0.0
8465,0.995,1.0,0.0,0.0,0.0,0.0
8466,1.0,1.0,0.0,0.0,0.0,0.0
8467,1.0,1.0,0.0,0.0,0.0,0.0
8468,1.0,1.0,0.0,0.0,0.0,0.0
8469,0.9549999999999996,1.0,0.0,0.0,0.0,0.0
8470,0.9533333333333331,1.0,0.0,0.0,0.0,0.0
8471,0.9633333333333333,1.0,0.0,0.0,0.0,0.0
8472,0.9666666666666666,1.0,0.0,0.0,0.0,0.0
8473,0.9499999999999998,1.0,0.0,0.0,0.0,0.0
8474,1.0,1.0,0.0,0.0,0.0,0.0
8475,1.0,1.0,0.0,0.0,0.0,0.0
8476,1.0,1.0,0.0,0.0,0.0,0.0
8477,1.0,1.0,0.0,0.0,0.0,0.0
8478,1.0,1.0,0.0,0.0,0.0,0.0
8479,0.9566666666666663,1.0,0.0,0.0,0.0,0.0
8480,0.9616666666666666,1.0,0.0,0.0,0.0,0.0
8481,0.9499999999999996,1.0,0.0,0.0,0.0,0.0
8482,0.9533333333333333,1.0,0.0,0.0,0.0,0.0
8483,0.9483333333333331,1.0,0.0,0.0,0.0,0.0
8484,1.0,1.0,0.0,0.0,0.0,0.0
8485,1.0,1.0,0.0,0.0,0.0,0.0
8486,1.0,1.0,0.0,0.0,0.0,0.0
8487,1.0,1.0,0.0,0.0,0.0,0.0
8488,1.0,1.0,0.0,0.0,0.0,0.0
8489,0.9683333333333332,1.0,0.0,0.0,0.0,0.0
8490,0.9533333333333331,1.0,0.0,0.0,0.0,0.0
8491,0.953333333333333,0.99,0.0,0.0,0.01,0.0
8492,0.9583333333333331,1.0,0.0,0.0,0.0,0.0
8493,0.9633333333333332,1.0,0.0,0.0,0.0,0.0
8494,1.0,0.99,0.0,0.0,0.01,0.0
8495,1.0,0.99,0.0,0.0,0.01,0.0
8496,1.0,1.0,0.0,0.0,0.0,0.0
8497,1.0,1.0,0.0,0.0,0.0,0.0
8498,1.0,1.0,0.0,0.0,0.0,0.0
8499,0.9583333333333333,1.0,0.0,0.0,0.0,0.0
8500,0.9633333333333332,1.0,0.0,0.0,0.0,0.0
8501,0.9666666666666666,1.0,0.0,0.0,0.0,0.0
8502,0.9533333333333333,1.0,0.0,0.0,0.0,0.0
8503,0.9499999999999997,1.0,0.0,0.0,0.0,0.0
8504,1.0,1.0,0.0,0.0,0.0,0.0
8505,1.0,0.99,0.0,0.0,0.01,0.0
8506,1.0,0.98,0.0,0.0,0.02,0.0
8507,0.9933333333333333,0.98,0.0,0.0,0.02,0.0
8508,1.0,0.97,0.0,0.0,0.03,0.0
8509,0.9633333333333332,0.99,0.0,0.0,0.01,0.0
8510,0.9516666666666661,1.0,0.0,0.0,0.0,0.0
8511,0.9416666666666665,1.0,0.0,0.0,0.0,0.0
8512,0.9516666666666665,1.0,0.0,0.0,0.0,0.0
8513,0.9466666666666663,1.0,0.0,0.0,0.0,0.0
8514,1.0,1.0,0.0,0.0,0.0,0.0
8515,1.0,1.0,0.0,0.0,0.0,0.0
8516,1.0,1.0,0.0,0.0,0.0,0.0
8517,1.0,1.0,0.0,0.0,0.0,0.0
8518,1.0,1.0,0.0,0.0,0.0,0.0
8519,0.9616666666666667,1.0,0.0,0.0,0.0,0.0
8520,0.9449999999999998,1.0,0.0,0.0,0.0,0.0
8521,0.9416666666666661,1.0,0.0,0.0,0.0,0.0
8522,0.9516666666666664,1.0,0.0,0.0,0.0,0.0
8523,0.9533333333333333,1.0,0.0,0.0,0.0,0.0
8524,1.0,1.0,0.0,0.0,0.0,0.0
8525,1.0,1.0,0.0,0.0,0.0,0.0
8526,1.0,1.0,0.0,0.0,0.0,0.0
8527,1.0,1.0,0.0,0.0,0.0,0.0
8528,1.0,1.0,0.01,0.0,0.0,0.0
8529,0.9466666666666664,1.0,0.06,0.0,0.0,0.0
8530,0.968333333333333,1.0,0.07,0.0,0.0,0.0
8531,0.9616666666666667,1.0,0.08,0.0,0.0,0.0
8532,0.9549999999999997,1.0,0.09,0.0,0.0,0.0
8533,0.9466666666666664,1.0,0.09,0.0,0.0,0.0
8534,0.99,1.0,0.12,0.0,0.0,0.0
8535,1.0,1.0,0.14,0.0,0.0,0.0
8536,1.0,1.0,0.11,0.0,0.0,0.0
8537,0.9933333333333334,1.0,0.11,0.0,0.0,0.0
8538,1.0,1.0,0.07,0.0,0.0,0.0
8539,0.9699999999999999,1.0,0.07,0.0,0.0,0.0
8540,0.958333333333333,0.99,0.08,0.0,0.01,0.0
8541,0.958333333333333,1.0,0.14,0.0,0.0,0.0
8542,0.958333333333333,1.0,0.13,0.0,0.0,0.0
8543,0.9583333333333328,0.99,0.17,0.01,0.0,0.0
8544,0.995,0.99,0.12,0.01,0.0,0.0
8545,1.0,1.0,0.14,0.0,0.0,0.0
8546,0.9933333333333333,1.0,0.12,0.0,0.0,0.0
8547,1.0,1.0,0.12,0.0,0.0,0.0
8548,0.995,1.0,0.11,0.0,0.0,0.0
8549,0.9733333333333332,1.0,0.1,0.0,0.0,0.0
8550,0.9766666666666665,1.0,0.14,0.0,0.0,0.0
8551,0.9683333333333332,1.0,0.13,0.0,0.0,0.0
8552,0.9666666666666665,1.0,0.12,0.0,0.0,0.0
8553,0.9783333333333332,1.0,0.13,0.0,0.0,0.0
8554,1.0,1.0,0.18,0.0,0.0,0.0
8555,1.0,1.0,0.18,0.0,0.0,0.0
8556,1.0,1.0,0.14,0.0,0.0,0.0
8557,0.9933333333333333,1.0,0.18,0.0,0.0,0.0
8558,1.0,1.0,0.14,0.0,0.0,0.0
8559,0.9516666666666663,1.0,0.15,0.0,0.0,0.0
8560,0.9599999999999997,1.0,0.17,0.0,0.0,0.0
8561,0.9683333333333332,1.0,0.15,0.0,0.0,0.0
8562,0.9666666666666666,1.0,0.14,0.0,0.0,0.0
8563,0.9549999999999996,1.0,0.09,0.0,0.0,0.0
8564,1.0,1.0,0.13,0.0,0.0,0.0
8565,0.9966666666666666,1.0,0.12,0.0,0.0,0.0
8566,1.0,1.0,0.16,0.0,0.0,0.0
8567,1.0,1.0,0.12,0.0,0.0,0.0
8568,1.0,1.0,0.19,0.0,0.0,0.0
8569,0.9716666666666666,1.0,0.2,0.0,0.0,0.0
8570,0.9666666666666666,1.0,0.21,0.0,0.0,0.0
8571,0.9716666666666666,1.0,0.26,0.0,0.0,0.0
8572,0.9666666666666666,1.0,0.25,0.0,0.0,0.0
8573,0.9619242177221824,0.98,0.23,0.0,0.02,0.0
8574,0.995,0.98,0.26,0.0,0.02,0.0
8575,1.0,0.98,0.22,0.0,0.02,0.0
8576,1.0,0.98,0.29,0.0,0.02,0.0
8577,1.0,0.99,0.23,0.0,0.01,0.0
8578,1.0,0.99,0.29,0.0,0.01,0.0
8579,0.9566666666666667,0.98,0.28,0.0,0.02,0.0
8580,0.9649999999999997,0.96,0.29,0.01,0.03,0.0
8581,0.9533333333333333,0.94,0.17,0.01,0.05,0.0
8582,0.9483333333333331,0.93,0.16,0.02,0.05,0.0
8583,0.9549999999999998,0.94,0.23,0.0,0.06,0.0
8584,1.0,0.94,0.16,0.0,0.06,0.0
8585,1.0,0.92,0.13,0.0,0.08,0.0
8586,1.0,0.92,0.14,0.0,0.08,0.0
8587,1.0,0.89,0.08,0.0,0.11,0.0
8588,0.995,0.89,0.06,0.0,0.11,0.0
8589,0.9283333333333331,0.84,0.06,0.0,0.16,0.0
8590,0.9299999999999997,0.88,0.07,0.0,0.12,0.0
8591,0.9499999999999997,0.91,0.12,0.0,0.09,0.0
8592,0.9449999999999998,0.89,0.08,0.0,0.11,0.0
8593,0.9566666666666664,0.95,0.11,0.0,0.05,0.0
8594,1.0,0.95,0.11,0.0,0.05,0.0
8595,1.0,0.96,0.08,0.0,0.04,0.0
8596,1.0,0.97,0.07,0.0,0.03,0.0
8597,1.0,1.0,0.05,0.0,0.0,0.0
8598,1.0,1.0,0.05,0.0,0.0,0.0
8599,0.9633333333333332,1.0,0.04,0.0,0.0,0.0
8600,0.9599999999999999,1.0,0.02,0.0,0.0,0.0
8601,0.9466666666666665,1.0,0.05,0.0,0.0,0.0
8602,0.9649999999999999,1.0,0.03,0.0,0.0,0.0
8603,0.9566666666666664,1.0,0.01,0.0,0.0,0.0
8604,1.0,1.0,0.02,0.0,0.0,0.0
8605,1.0,1.0,0.01,0.0,0.0,0.0
8606,1.0,1.0,0.0,0.0,0.0,0.0
8607,1.0,1.0,0.0,0.0,0.0,0.0
8608,1.0,1.0,0.0,0.0,0.0,0.0
8609,0.9566666666666666,1.0,0.0,0.0,0.0,0.0
8610,0.938333333333333,1.0,0.0,0.0,0.0,0.0
8611,0.9549999999999996,0.99,0.0,0.0,0.01,0.0
8612,0.9416666666666665,1.0,0.0,0.0,0.0,0.0
8613,0.9516666666666664,1.0,0.0,0.0,0.0,0.0
8614,1.0,1.0,0.0,0.0,0.0,0.0
8615,1.0,1.0,0.0,0.0,0.0,0.0
8616,1.0,1.0,0.0,0.0,0.0,0.0
8617,1.0,1.0,0.01,0.0,0.0,0.0
8618,0.9927293807010221,0.99,0.0,0.01,0.0,0.0
8619,0.9549999999999996,1.0,0.0,0.0,0.0,0.0
8620,0.9533333333333331,1.0,0.0,0.0,0.0,0.0
8621,0.9549999999999997,1.0,0.0,0.0,0.0,0.0
8622,0.9433333333333331,1.0,0.0,0.0,0.0,0.0
8623,0.9666666666666667,0.99,0.0,0.01,0.0,0.0
8624,1.0,1.0,0.0,0.0,0.0,0.0
8625,1.0,1.0,0.0,0.0,0.0,0.0
8626,1.0,1.0,0.0,0.0,0.0,0.0
8627,1.0,1.0,0.0,0.0,0.0,0.0
8628,1.0,1.0,0.0,0.0,0.0,0.0
8629,0.9483333333333333,1.0,0.0,0.0,0.0,0.0
8630,0.9483333333333335,1.0,0.0,0.0,0.0,0.0
8631,0.9649999999999999,1.0,0.0,0.0,0.0,0.0
8632,0.9399999999999996,1.0,0.0,0.0,0.0,0.0
8633,0.9616666666666666,1.0,0.0,0.0,0.0,0.0
8634,1.0,1.0,0.0,0.0,0.0,0.0
8635,0.9936946271504339,1.0,0.0,0.0,0.0,0.0
8636,1.0,1.0,0.0,0.0,0.0,0.0
8637,1.0,0.99,0.0,0.0,0.01,0.0
8638,1.0,0.98,0.0,0.0,0.02,0.0
8639,0.9400000000000002,0.96,0.0,0.0,0.04,0.0
8640,0.9433333333333331,0.97,0.0,0.0,0.03,0.0
8641,0.95,0.99,0.0,0.0,0.01,0.0
8642,0.9549999999999996,0.99,0.0,0.0,0.01,0.0
8643,0.9516666666666665,1.0,0.0,0.0,0.0,0.0
8644,1.0,1.0,0.0,0.0,0.0,0.0
8645,0.9983333333333333,0.99,0.0,0.01,0.0,0.0
8646,0.9933333333333333,0.98,0.0,0.02,0.0,0.0
8647,0.9933333333333333,0.98,0.0,0.02,0.0,0.0
8648,0.9983333333333334,0.99,0.0,0.01,0.0,0.0
8649,0.9733333333333333,1.0,0.0,0.0,0.0,0.0
8650,0.958333333333333,1.0,0.0,0.0,0.0,0.0
8651,0.9583333333333331,1.0,0.0,0.0,0.0,0.0
8652,0.9433333333333332,0.99,0.0,0.0,0.01,0.0
8653,0.943333333333333,0.98,0.0,0.0,0.02,0.0
8654,1.0,0.99,0.0,0.0,0.01,0.0
8655,1.0,1.0,0.0,0.0,0.0,0.0
8656,1.0,1.0,0.0,0.0,0.0,0.0
8657,1.0,1.0,0.0,0.0,0.0,0.0
8658,1.0,1.0,0.0,0.0,0.0,0.0
8659,0.96,1.0,0.0,0.0,0.0,0.0
8660,0.938333333333333,1.0,0.0,0.0,0.0,0.0
8661,0.9366666666666663,0.99,0.0,0.01,0.0,0.0
8662,0.9666666666666663,0.99,0.0,0.01,0.0,0.0
8663,0.9566666666666666,0.99,0.0,0.01,0.0,0.0
8664,1.0,1.0,0.0,0.0,0.0,0.0
8665,1.0,1.0,0.0,0.0,0.0,0.0
8666,1.0,1.0,0.0,0.0,0.0,0.0
8667,1.0,1.0,0.0,0.0,0.0,0.0
8668,1.0,1.0,0.0,0.0,0.0,0.0
8669,0.9650000000000002,1.0,0.0,0.0,0.0,0.0
8670,0.9749999999999999,1.0,0.0,0.0,0.0,0.0
8671,0.945,1.0,0.0,0.0,0.0,0.0
8672,0.97,1.0,0.0,0.0,0.0,0.0
8673,0.9483333333333335,0.99,0.0,0.01,0.0,0.0
8674,1.0,1.0,0.0,0.0,0.0,0.0
8675,1.0,1.0,0.0,0.0,0.0,0.0
8676,1.0,1.0,0.0,0.0,0.0,0.0
8677,1.0,1.0,0.0,0.0,0.0,0.0
8678,1.0,1.0,0.0,0.0,0.0,0.0
8679,0.9716666666666667,1.0,0.0,0.0,0.0,0.0
8680,0.958333333333333,1.0,0.0,0.0,0.0,0.0
8681,0.9516666666666664,1.0,0.0,0.0,0.0,0.0
8682,0.9699999999999999,1.0,0.0,0.0,0.0,0.0
8683,0.9666666666666666,1.0,0.0,0.0,0.0,0.0
8684,1.0,1.0,0.0,0.0,0.0,0.0
8685,1.0,1.0,0.0,0.0,0.0,0.0
8686,1.0,1.0,0.0,0.0,0.0,0.0
8687,1.0,1.0,0.0,0.0,0.0,0.0
8688,1.0,1.0,0.0,0.0,0.0,0.0
8689,0.9549999999999997,1.0,0.0,0.0,0.0,0.0
8690,0.9516666666666664,1.0,0.0,0.0,0.0,0.0
8691,0.9466666666666665,1.0,0.0,0.0,0.0,0.0
8692,0.958333333333333,1.0,0.0,0.0,0.0,0.0
8693,0.9683333333333333,1.0,0.0,0.0,0.0,0.0
8694,1.0,1.0,0.0,0.0,0.0,0.0
8695,1.0,1.0,0.0,0.0,0.0,0.0
8696,0.995,1.0,0.0,0.0,0.0,0.0
8697,1.0,1.0,0.0,0.0,0.0,0.0
8698,1.0,1.0,0.0,0.0,0.0,0.0
8699,0.9466666666666663,1.0,0.0,0.0,0.0,0.0
8700,0.9666666666666667,1.0,0.0,0.0,0.0,0.0
8701,0.9483333333333331,1.0,0.0,0.0,0.0,0.0
8702,0.9516666666666664,1.0,0.0,0.0,0.0,0.0
8703,0.963333333333333,0.99,0.0,0.01,0.0,0.0
8704,0.995,0.99,0.0,0.01,0.0,0.0
8705,1.0,1.0,0.0,0.0,0.0,0.0
8706,1.0,1.0,0.0,0.0,0.0,0.0
8707,1.0,1.0,0.0,0.0,0.0,0.0
8708,1.0,1.0,0.0,0.0,0.0,0.0
8709,0.9666666666666665,1.0,0.0,0.0,0.0,0.0
8710,0.9566666666666666,1.0,0.0,0.0,0.0,0.0
8711,0.948333333333333,0.99,0.0,0.0,0.01,0.0
8712,0.9666666666666665,1.0,0.0,0.0,0.0,0.0
8713,0.95,1.0,0.0,0.0,0.0,0.0
8714,1.0,1.0,0.0,0.0,0.0,0.0
8715,1.0,1.0,0.0,0.0,0.0,0.0
8716,1.0,1.0,0.0,0.0,0.0,0.0
8717,1.0,1.0,0.0,0.0,0.0,0.0
8718,1.0,1.0,0.0,0.0,0.0,0.0
8719,0.9616666666666666,1.0,0.0,0.0,0.0,0.0
8720,0.9616666666666663,1.0,0.0,0.0,0.0,0.0
8721,0.973333333333333,1.0,0.0,0.0,0.0,0.0
8722,0.9566666666666666,1.0,0.0,0.0,0.0,0.0
8723,0.9416666666666664,1.0,0.0,0.0,0.0,0.0
8724,1.0,1.0,0.0,0.0,0.0,0.0
8725,1.0,1.0,0.0,0.0,0.0,0.0
8726,1.0,1.0,0.0,0.0,0.0,0.0
8727,1.0,1.0,0.0,0.0,0.0,0.0
8728,1.0,1.0,0.0,0.0,0.0,0.0
8729,0.9466666666666664,1.0,0.0,0.0,0.0,0.0
8730,0.9666666666666666,1.0,0.0,0.0,0.0,0.0
8731,0.955,1.0,0.0,0.0,0.0,0.0
8732,0.958333333333333,1.0,0.0,0.0,0.0,0.0
8733,0.9666666666666666,1.0,0.0,0.0,0.0,0.0
8734,1.0,1.0,0.0,0.0,0.0,0.0
8735,1.0,1.0,0.0,0.0,0.0,0.0
8736,1.0,1.0,0.0,0.0,0.0,0.0
8737,1.0,1.0,0.0,0.0,0.0,0.0
8738,1.0,1.0,0.0,0.0,0.0,0.0
8739,0.953333333333333,1.0,0.0,0.0,0.0,0.0
8740,0.9566666666666664,1.0,0.0,0.0,0.0,0.0
8741,0.9549999999999997,1.0,0.0,0.0,0.0,0.0
8742,0.9549999999999997,1.0,0.0,0.0,0.0,0.0
8743,0.9583333333333333,1.0,0.0,0.0,0.0,0.0
8744,1.0,1.0,0.0,0.0,0.0,0.0
8745,1.0,1.0,0.0,0.0,0.0,0.0
8746,1.0,1.0,0.0,0.0,0.0,0.0
8747,1.0,1.0,0.0,0.0,0.0,0.0
8748,1.0,1.0,0.0,0.0,0.0,0.0
8749,0.9583333333333328,1.0,0.0,0.0,0.0,0.0
8750,0.9566666666666667,1.0,0.0,0.0,0.0,0.0
8751,0.9549999999999996,1.0,0.0,0.0,0.0,0.0
8752,0.9466666666666665,1.0,0.0,0.0,0.0,0.0
8753,0.9599999999999997,1.0,0.0,0.0,0.0,0.0
8754,1.0,0.99,0.0,0.0,0.01,0.0
8755,1.0,0.99,0.0,0.0,0.01,0.0
8756,1.0,0.99,0.0,0.0,0.01,0.0
8757,0.9933333333333334,1.0,0.0,0.0,0.0,0.0
8758,1.0,1.0,0.0,0.0,0.0,0.0
8759,0.9516666666666664,1.0,0.0,0.0,0.0,0.0
8760,0.9566666666666663,1.0,0.0,0.0,0.0,0.0
8761,0.9383333333333331,1.0,0.0,0.0,0.0,0.0
8762,0.935,1.0,0.0,0.0,0.0,0.0
8763,0.9516666666666663,1.0,0.0,0.0,0.0,0.0
8764,1.0,1.0,0.0,0.0,0.0,0.0
8765,1.0,1.0,0.0,0.0,0.0,0.0
8766,1.0,1.0,0.0,0.0,0.0,0.0
8767,1.0,0.99,0.0,0.0,0.01,0.0
8768,1.0,0.99,0.0,0.0,0.01,0.0
8769,0.9466666666666664,0.99,0.0,0.0,0.01,0.0
8770,0.9549999999999997,1.0,0.0,0.0,0.0,0.0
8771,0.9549999999999998,1.0,0.0,0.0,0.0,0.0
8772,0.9499999999999997,1.0,0.0,0.0,0.0,0.0
8773,0.96,1.0,0.0,0.0,0.0,0.0
8774,0.9933333333333334,0.99,0.0,0.01,0.0,0.0
8775,1.0,1.0,0.0,0.0,0.0,0.0
8776,1.0,1.0,0.0,0.0,0.0,0.0
8777,1.0,1.0,0.0,0.0,0.0,0.0
8778,1.0,1.0,0.0,0.0,0.0,0.0
8779,0.9449999999999998,1.0,0.0,0.0,0.0,0.0
8780,0.9683333333333332,1.0,0.0,0.0,0.0,0.0
8781,0.9499999999999997,1.0,0.0,0.0,0.0,0.0
8782,0.9599999999999999,1.0,0.0,0.0,0.0,0.0
8783,0.9516666666666661,1.0,0.0,0.0,0.0,0.0
8784,1.0,1.0,0.0,0.0,0.0,0.0
8785,0.9957406179366052,0.99,0.0,0.01,0.0,0.0
8786,1.0,1.0,0.0,0.0,0.0,0.0
8787,0.9983333333333334,0.99,0.0,0.01,0.0,0.0
8788,0.9945609356607793,0.98,0.0,0.02,0.0,0.0
8789,0.9599999999999999,0.97,0.0,0.03,0.0,0.0
8790,0.953333333333333,0.97,0.0,0.03,0.0,0.0
8791,0.9549999999999997,0.99,0.0,0.0,0.01,0.0
8792,0.9566666666666664,1.0,0.0,0.0,0.0,0.0
8793,0.9683333333333332,1.0,0.0,0.0,0.0,0.0
8794,0.995,0.99,0.0,0.01,0.0,0.0
8795,1.0,1.0,0.0,0.0,0.0,0.0
8796,1.0,1.0,0.0,0.0,0.0,0.0
8797,1.0,1.0,0.0,0.0,0.0,0.0
8798,1.0,0.99,0.0,0.0,0.01,0.0
8799,0.9516666666666665,0.99,0.0,0.0,0.01,0.0
8800,0.9649999999999999,0.99,0.0,0.0,0.01,0.0
8801,0.9466666666666663,1.0,0.0,0.0,0.0,0.0
8802,0.9399999999999997,1.0,0.0,0.0,0.0,0.0
8803,0.9382508077956014,1.0,0.0,0.0,0.0,0.0
8804,0.9866666666666666,1.0,0.0,0.0,0.0,0.0
8805,0.98,1.0,0.0,0.0,0.0,0.0
8806,0.98,1.0,0.0,0.0,0.0,0.0
8807,1.0,1.0,0.0,0.0,0.0,0.0
8808,0.9866666666666666,1.0,0.0,0.0,0.0,0.0
8809,0.9483333333333331,0.99,0.0,0.0,0.01,0.0
8810,0.9483333333333331,0.98,0.0,0.0,0.02,0.0
8811,0.96,0.97,0.0,0.0,0.03,0.0
8812,0.9483333333333331,0.98,0.0,0.0,0.02,0.0
8813,0.9599999999999999,0.98,0.0,0.0,0.02,0.0
8814,1.0,0.97,0.0,0.0,0.03,0.0
8815,1.0,0.99,0.0,0.0,0.01,0.0
8816,1.0,1.0,0.0,0.0,0.0,0.0
8817,1.0,1.0,0.0,0.0,0.0,0.0
8818,1.0,1.0,0.0,0.0,0.0,0.0
8819,0.9633333333333334,1.0,0.0,0.0,0.0,0.0
8820,0.9516666666666664,1.0,0.0,0.0,0.0,0.0
8821,0.9283333333333332,1.0,0.0,0.0,0.0,0.0
8822,0.9499999999999996,1.0,0.0,0.0,0.0,0.0
8823,0.958333333333333,1.0,0.0,0.0,0.0,0.0
8824,1.0,1.0,0.0,0.0,0.0,0.0
8825,1.0,1.0,0.0,0.0,0.0,0.0
8826,1.0,1.0,0.0,0.0,0.0,0.0
8827,1.0,1.0,0.0,0.0,0.0,0.0
8828,1.0,1.0,0.0,0.0,0.0,0.0
8829,0.9516666666666664,1.0,0.0,0.0,0.0,0.0
8830,0.9549999999999997,1.0,0.0,0.0,0.0,0.0
8831,0.9283333333333329,0.99,0.0,0.01,0.0,0.0
8832,0.9499999999999997,0.98,0.0,0.02,0.0,0.0
8833,0.9566666666666666,1.0,0.0,0.0,0.0,0.0
8834,1.0,1.0,0.0,0.0,0.0,0.0
8835,0.9916666666666667,1.0,0.0,0.0,0.0,0.0
8836,1.0,1.0,0.0,0.0,0.0,0.0
8837,1.0,1.0,0.0,0.0,0.0,0.0
8838,1.0,1.0,0.0,0.0,0.0,0.0
8839,0.9483333333333333,1.0,0.0,0.0,0.0,0.0
8840,0.9416666666666664,1.0,0.0,0.0,0.0,0.0
8841,0.9633333333333332,1.0,0.0,0.0,0.0,0.0
8842,0.9533333333333328,1.0,0.0,0.0,0.0,0.0
8843,0.9666666666666665,1.0,0.0,0.0,0.0,0.0
8844,1.0,1.0,0.0,0.0,0.0,0.0
8845,1.0,0.99,0.0,0.0,0.01,0.0
8846,1.0,0.99,0.0,0.0,0.01,0.0
8847,1.0,0.99,0.0,0.0,0.01,0.0
8848,1.0,0.98,0.0,0.0,0.02,0.0
8849,0.9433333333333332,0.98,0.0,0.0,0.02,0.0
8850,0.9633333333333332,0.99,0.0,0.0,0.01,0.0
8851,0.9533333333333333,0.98,0.0,0.0,0.02,0.0
8852,0.9433333333333331,0.99,0.0,0.0,0.01,0.0
8853,0.9483333333333333,0.99,0.0,0.0,0.01,0.0
8854,1.0,1.0,0.0,0.0,0.0,0.0
8855,1.0,1.0,0.0,0.0,0.0,0.0
8856,1.0,1.0,0.0,0.0,0.0,0.0
8857,1.0,1.0,0.0,0.0,0.0,0.0
8858,1.0,1.0,0.0,0.0,0.0,0.0
8859,0.955,1.0,0.0,0.0,0.0,0.0
8860,0.948333333333333,1.0,0.0,0.0,0.0,0.0
8861,0.9516666666666664,1.0,0.0,0.0,0.0,0.0
8862,0.9616666666666666,1.0,0.0,0.0,0.0,0.0
8863,0.9649999999999999,1.0,0.0,0.0,0.0,0.0
8864,1.0,1.0,0.0,0.0,0.0,0.0
8865,1.0,1.0,0.0,0.0,0.0,0.0
8866,1.0,1.0,0.0,0.0,0.0,0.0
8867,1.0,1.0,0.0,0.0,0.0,0.0
8868,1.0,1.0,0.0,0.0,0.0,0.0
8869,0.9483333333333331,1.0,0.0,0.0,0.0,0.0
8870,0.9599999999999997,0.99,0.0,0.0,0.01,0.0
8871,0.9549999999999996,1.0,0.0,0.0,0.0,0.0
8872,0.9516666666666664,1.0,0.0,0.0,0.0,0.0
8873,0.965,1.0,0.0,0.0,0.0,0.0
8874,1.0,1.0,0.0,0.0,0.0,0.0
8875,1.0,1.0,0.0,0.0,0.0,0.0
8876,1.0,1.0,0.0,0.0,0.0,0.0
8877,0.995,0.99,0.0,0.01,0.0,0.0
8878,1.0,1.0,0.0,0.0,0.0,0.0
8879,0.9416666666666668,1.0,0.0,0.0,0.0,0.0
8880,0.9333333333333331,1.0,0.0,0.0,0.0,0.0
8881,0.9366666666666665,1.0,0.0,0.0,0.0,0.0
8882,0.9233333333333333,1.0,0.0,0.0,0.0,0.0
8883,0.9316666666666665,1.0,0.0,0.0,0.0,0.0
8884,1.0,1.0,0.0,0.0,0.0,0.0
8885,1.0,1.0,0.0,0.0,0.0,0.0
8886,1.0,1.0,0.0,0.0,0.0,0.0
8887,1.0,1.0,0.0,0.0,0.0,0.0
8888,1.0,1.0,0.0,0.0,0.0,0.0
8889,0.948333333333333,1.0,0.0,0.0,0.0,0.0
8890,0.9449999999999997,1.0,0.0,0.0,0.0,0.0
8891,0.9466666666666663,1.0,0.0,0.0,0.0,0.0
8892,0.9533333333333333,1.0,0.0,0.0,0.0,0.0
8893,0.9566666666666664,0.99,0.0,0.0,0.01,0.0
8894,1.0,1.0,0.0,0.0,0.0,0.0
8895,1.0,1.0,0.0,0.0,0.0,0.0
8896,1.0,1.0,0.0,0.0,0.0,0.0
8897,1.0,1.0,0.0,0.0,0.0,0.0
8898,1.0,1.0,0.0,0.0,0.0,0.0
8899,0.9616666666666666,1.0,0.0,0.0,0.0,0.0
8900,0.9616666666666664,1.0,0.0,0.0,0.0,0.0
8901,0.9516666666666664,1.0,0.0,0.0,0.0,0.0
8902,0.9216666666666665,1.0,0.0,0.0,0.0,0.0
8903,0.9616666666666666,1.0,0.0,0.0,0.0,0.0
8904,1.0,1.0,0.0,0.0,0.0,0.0
8905,1.0,1.0,0.0,0.0,0.0,0.0
8906,1.0,1.0,0.0,0.0,0.0,0.0
8907,1.0,1.0,0.0,0.0,0.0,0.0
8908,1.0,1.0,0.0,0.0,0.0,0.0
8909,0.9466666666666665,1.0,0.0,0.0,0.0,0.0
8910,0.9566666666666663,1.0,0.0,0.0,0.0,0.0
8911,0.9599999999999999,1.0,0.0,0.0,0.0,0.0
8912,0.9483333333333333,1.0,0.0,0.0,0.0,0.0
8913,0.9549999999999998,1.0,0.0,0.0,0.0,0.0
8914,1.0,1.0,0.0,0.0,0.0,0.0
8915,1.0,1.0,0.0,0.0,0.0,0.0
8916,1.0,1.0,0.0,0.0,0.0,0.0
8917,1.0,1.0,0.0,0.0,0.0,0.0
8918,1.0,1.0,0.0,0.0,0.0,0.0
8919,0.9566666666666663,1.0,0.0,0.0,0.0,0.0
8920,0.9499999999999996,1.0,0.0,0.0,0.0,0.0
8921,0.9633333333333332,1.0,0.0,0.0,0.0,0.0
8922,0.945,1.0,0.0,0.0,0.0,0.0
8923,0.918333333333333,0.99,0.0,0.0,0.01,0.0
8924,1.0,1.0,0.0,0.0,0.0,0.0
8925,0.9983333333333334,0.99,0.0,0.01,0.0,0.0
8926,1.0,1.0,0.0,0.0,0.0,0.0
8927,1.0,1.0,0.0,0.0,0.0,0.0
8928,1.0,1.0,0.0,0.0,0.0,0.0
8929,0.9399999999999997,1.0,0.0,0.0,0.0,0.0
8930,0.9566666666666664,1.0,0.0,0.0,0.0,0.0
8931,0.9633333333333332,1.0,0.0,0.0,0.0,0.0
8932,0.953333333333333,1.0,0.0,0.0,0.0,0.0
8933,0.9566666666666666,1.0,0.0,0.0,0.0,0.0
8934,1.0,1.0,0.0,0.0,0.0,0.0
8935,1.0,1.0,0.0,0.0,0.0,0.0
8936,1.0,1.0,0.0,0.0,0.0,0.0
8937,1.0,1.0,0.0,0.0,0.0,0.0
8938,0.995,1.0,0.0,0.0,0.0,0.0
8939,0.933333333333333,1.0,0.0,0.0,0.0,0.0
8940,0.963333333333333,1.0,0.0,0.0,0.0,0.0
8941,0.9499999999999997,1.0,0.0,0.0,0.0,0.0
8942,0.973333333333333,1.0,0.0,0.0,0.0,0.0
8943,0.9633333333333332,1.0,0.0,0.0,0.0,0.0
8944,1.0,1.0,0.0,0.0,0.0,0.0
8945,1.0,1.0,0.0,0.0,0.0,0.0
8946,1.0,1.0,0.0,0.0,0.0,0.0
8947,1.0,1.0,0.0,0.0,0.0,0.0
8948,1.0,1.0,0.0,0.0,0.0,0.0
8949,0.9599999999999997,1.0,0.0,0.0,0.0,0.0
8950,0.9466666666666664,1.0,0.0,0.0,0.0,0.0
8951,0.95,0.99,0.0,0.01,0.0,0.0
8952,0.9566666666666664,0.99,0.0,0.01,0.0,0.0
8953,0.9499999999999998,1.0,0.0,0.0,0.0,0.0
8954,1.0,1.0,0.0,0.0,0.0,0.0
8955,1.0,1.0,0.0,0.0,0.0,0.0
8956,1.0,1.0,0.0,0.0,0.0,0.0
8957,1.0,1.0,0.0,0.0,0.0,0.0
8958,1.0,1.0,0.0,0.0,0.0,0.0
8959,0.9416666666666668,0.98,0.0,0.01,0.01,0.0
8960,0.953333333333333,0.98,0.0,0.02,0.0,0.0
8961,0.9588490937034955,0.95,0.0,0.04,0.01,0.0
8962,0.9488490937034956,0.94,0.0,0.04,0.02,0.0
8963,0.9588490937034954,0.97,0.0,0.01,0.02,0.0
8964,1.0,0.98,0.0,0.0,0.02,0.0
8965,1.0,0.99,0.0,0.0,0.01,0.0
8966,1.0,1.0,0.0,0.0,0.0,0.0
8967,1.0,1.0,0.0,0.0,0.0,0.0
8968,1.0,1.0,0.0,0.0,0.0,0.0
8969,0.9383333333333331,1.0,0.0,0.0,0.0,0.0
8970,0.9650000000000002,1.0,0.0,0.0,0.0,0.0
8971,0.9516666666666665,0.99,0.0,0.0,0.01,0.0
8972,0.94,1.0,0.0,0.0,0.0,0.0
8973,0.9599999999999997,1.0,0.0,0.0,0.0,0.0
8974,0.9983333333333333,0.99,0.0,0.01,0.0,0.0
8975,1.0,1.0,0.0,0.0,0.0,0.0
8976,1.0,1.0,0.0,0.0,0.0,0.0
8977,1.0,1.0,0.0,0.0,0.0,0.0
8978,1.0,1.0,0.0,0.0,0.0,0.0
8979,0.9516666666666665,1.0,0.0,0.0,0.0,0.0
8980,0.9749999999999998,0.99,0.0,0.01,0.0,0.0
8981,0.9599999999999997,0.99,0.0,0.01,0.0,0.0
8982,0.9649999999999997,1.0,0.0,0.0,0.0,0.0
8983,0.9633333333333333,1.0,0.0,0.0,0.0,0.0
8984,1.0,1.0,0.0,0.0,0.0,0.0
8985,1.0,1.0,0.0,0.0,0.0,0.0
8986,1.0,1.0,0.0,0.0,0.0,0.0
8987,1.0,0.99,0.0,0.0,0.01,0.0
8988,1.0,0.99,0.01,0.0,0.01,0.0
8989,0.9633333333333333,0.99,0.01,0.0,0.01,0.0
8990,0.9449999999999996,1.0,0.01,0.0,0.0,0.0
8991,0.9483333333333333,1.0,0.0,0.0,0.0,0.0
8992,0.9433333333333331,1.0,0.0,0.0,0.0,0.0
8993,0.963333333333333,1.0,0.0,0.0,0.0,0.0
8994,1.0,1.0,0.0,0.0,0.0,0.0
8995,1.0,0.99,0.0,0.0,0.01,0.0
8996,1.0,0.97,0.0,0.0,0.03,0.0
8997,1.0,0.96,0.0,0.0,0.04,0.0
8998,1.0,0.96,0.0,0.0,0.04,0.0
8999,0.9433333333333335,0.97,0.0,0.0,0.03,0.0
9000,0.9433333333333331,0.97,0.0,0.0,0.03,0.0
9001,0.9616666666666663,0.98,0.0,0.0,0.02,0.0
9002,0.9633333333333332,0.98,0.0,0.0,0.02,0.0
9003,0.9566666666666663,0.99,0.0,0.0,0.01,0.0
9004,1.0,0.99,0.0,0.0,0.01,0.0
9005,1.0,0.99,0.0,0.0,0.01,0.0
9006,1.0,0.99,0.01,0.0,0.01,0.0
9007,1.0,0.99,0.01,0.0,0.01,0.0
9008,1.0,0.98,0.01,0.0,0.02,0.0
9009,0.9566666666666664,0.99,0.03,0.0,0.01,0.0
9010,0.9533333333333331,1.0,0.01,0.0,0.0,0.0
9011,0.9449999999999996,1.0,0.0,0.0,0.0,0.0
9012,0.9583333333333331,1.0,0.0,0.0,0.0,0.0
9013,0.945,1.0,0.0,0.0,0.0,0.0
9014,0.9933333333333333,0.99,0.0,0.01,0.0,0.0
9015,0.995,0.99,0.0,0.01,0.0,0.0
9016,0.995,0.99,0.0,0.01,0.0,0.0
9017,0.995,0.99,0.0,0.01,0.0,0.0
9018,0.9933333333333333,0.99,0.0,0.01,0.0,0.0
9019,0.9599999999999997,1.0,0.0,0.0,0.0,0.0
9020,0.943333333333333,1.0,0.0,0.0,0.0,0.0
9021,0.9466666666666663,1.0,0.0,0.0,0.0,0.0
9022,0.9683333333333332,1.0,0.0,0.0,0.0,0.0
9023,0.9516666666666664,1.0,0.0,0.0,0.0,0.0
9024,1.0,1.0,0.0,0.0,0.0,0.0
9025,1.0,1.0,0.0,0.0,0.0,0.0
9026,1.0,1.0,0.0,0.0,0.0,0.0
9027,1.0,1.0,0.0,0.0,0.0,0.0
9028,1.0,1.0,0.0,0.0,0.0,0.0
9029,0.9649999999999999,1.0,0.0,0.0,0.0,0.0
9030,0.9566666666666664,1.0,0.0,0.0,0.0,0.0
9031,0.95,1.0,0.0,0.0,0.0,0.0
9032,0.9583333333333331,1.0,0.0,0.0,0.0,0.0
9033,0.9566666666666669,1.0,0.0,0.0,0.0,0.0
9034,1.0,1.0,0.0,0.0,0.0,0.0
9035,1.0,1.0,0.0,0.0,0.0,0.0
9036,1.0,1.0,0.0,0.0,0.0,0.0
9037,1.0,1.0,0.0,0.0,0.0,0.0
9038,1.0,1.0,0.0,0.0,0.0,0.0
9039,0.9583333333333331,1.0,0.0,0.0,0.0,0.0
9040,0.9549999999999998,1.0,0.0,0.0,0.0,0.0
9041,0.94,1.0,0.0,0.0,0.0,0.0
9042,0.9566666666666663,1.0,0.0,0.0,0.0,0.0
9043,0.9499999999999997,1.0,0.0,0.0,0.0,0.0
9044,1.0,1.0,0.0,0.0,0.0,0.0
9045,1.0,1.0,0.0,0.0,0.0,0.0
9046,1.0,1.0,0.0,0.0,0.0,0.0
9047,1.0,1.0,0.0,0.0,0.0,0.0
9048,0.9916666666666666,0.99,0.0,0.01,0.0,0.0
9049,0.9466666666666668,1.0,0.0,0.0,0.0,0.0
9050,0.9516666666666664,0.99,0.0,0.01,0.0,0.0
9051,0.9399999999999998,1.0,0.0,0.0,0.0,0.0
9052,0.9416666666666661,0.99,0.0,0.0,0.01,0.0
9053,0.9616666666666663,1.0,0.0,0.0,0.0,0.0
9054,1.0,1.0,0.0,0.0,0.0,0.0
9055,1.0,1.0,0.0,0.0,0.0,0.0
9056,1.0,1.0,0.0,0.0,0.0,0.0
9057,0.9916666666666666,1.0,0.0,0.0,0.0,0.0
9058,0.9916666666666667,1.0,0.0,0.0,0.0,0.0
9059,0.9516666666666663,1.0,0.0,0.0,0.0,0.0
9060,0.9666666666666665,1.0,0.0,0.0,0.0,0.0
9061,0.9383333333333329,1.0,0.0,0.0,0.0,0.0
9062,0.9599999999999999,1.0,0.0,0.0,0.0,0.0
9063,0.9599999999999997,1.0,0.0,0.0,0.0,0.0
9064,0.995,1.0,0.0,0.0,0.0,0.0
9065,1.0,1.0,0.0,0.0,0.0,0.0
9066,1.0,1.0,0.0,0.0,0.0,0.0
9067,0.99674715622339,0.99,0.0,0.01,0.0,0.0
9068,1.0,1.0,0.0,0.0,0.0,0.0
9069,0.9666666666666667,0.99,0.0,0.01,0.0,0.0
9070,0.9566666666666666,1.0,0.0,0.0,0.0,0.0
9071,0.9466666666666664,1.0,0.0,0.0,0.0,0.0
9072,0.9466666666666663,0.99,0.0,0.01,0.0,0.0
9073,0.968333333333333,0.99,0.0,0.01,0.0,0.0
9074,0.9949999999999999,0.98,0.0,0.02,0.0,0.0
9075,0.9966666666666666,0.97,0.0,0.02,0.01,0.0
9076,1.0,0.99,0.0,0.0,0.01,0.0
9077,1.0,0.99,0.0,0.0,0.01,0.0
9078,1.0,0.99,0.0,0.0,0.01,0.0
9079,0.9449999999999998,0.99,0.0,0.01,0.0,0.0
9080,0.958333333333333,0.99,0.0,0.01,0.0,0.0
9081,0.9516666666666669,1.0,0.0,0.0,0.0,0.0
9082,0.9533333333333333,1.0,0.0,0.0,0.0,0.0
9083,0.9533333333333328,1.0,0.0,0.0,0.0,0.0
9084,1.0,1.0,0.0,0.0,0.0,0.0
9085,1.0,1.0,0.0,0.0,0.0,0.0
9086,1.0,1.0,0.0,0.0,0.0,0.0
9087,1.0,1.0,0.0,0.0,0.0,0.0
9088,1.0,1.0,0.0,0.0,0.0,0.0
9089,0.9366666666666663,1.0,0.0,0.0,0.0,0.0
9090,0.9399999999999997,1.0,0.0,0.0,0.0,0.0
9091,0.9566666666666667,1.0,0.0,0.0,0.0,0.0
9092,0.9649999999999999,1.0,0.0,0.0,0.0,0.0
9093,0.9599999999999999,1.0,0.0,0.0,0.0,0.0
9094,1.0,1.0,0.0,0.0,0.0,0.0
9095,1.0,1.0,0.0,0.0,0.0,0.0
9096,1.0,1.0,0.0,0.0,0.0,0.0
9097,1.0,1.0,0.0,0.0,0.0,0.0
9098,1.0,1.0,0.0,0.0,0.0,0.0
9099,0.9449999999999997,0.99,0.0,0.01,0.0,0.0
9100,0.9533333333333328,1.0,0.0,0.0,0.0,0.0
9101,0.9616666666666664,1.0,0.0,0.0,0.0,0.0
9102,0.938333333333333,1.0,0.0,0.0,0.0,0.0
9103,0.9633333333333333,0.99,0.0,0.01,0.0,0.0
9104,0.9983333333333333,0.99,0.0,0.01,0.0,0.0
9105,0.995,0.99,0.0,0.01,0.0,0.0
9106,0.9916666666666667,0.98,0.0,0.02,0.0,0.0
9107,0.995,0.99,0.0,0.01,0.0,0.0
9108,0.9983333333333334,0.99,0.0,0.01,0.0,0.0
9109,0.9483333333333331,0.99,0.0,0.01,0.0,0.0
9110,0.9516666666666664,1.0,0.0,0.0,0.0,0.0
9111,0.9499999999999998,1.0,0.0,0.0,0.0,0.0
9112,0.9533333333333328,1.0,0.0,0.0,0.0,0.0
9113,0.9399999999999997,1.0,0.0,0.0,0.0,0.0
9114,1.0,1.0,0.0,0.0,0.0,0.0
9115,1.0,1.0,0.0,0.0,0.0,0.0
9116,1.0,1.0,0.0,0.0,0.0,0.0
9117,1.0,1.0,0.0,0.0,0.0,0.0
9118,1.0,0.99,0.0,0.0,0.01,0.0
9119,0.938333333333333,0.98,0.0,0.0,0.02,0.0
9120,0.9566666666666666,1.0,0.0,0.0,0.0,0.0
9121,0.9466666666666665,1.0,0.0,0.0,0.0,0.0
9122,0.9316666666666664,1.0,0.0,0.0,0.0,0.0
9123,0.9599999999999999,0.99,0.0,0.01,0.0,0.0
9124,1.0,1.0,0.0,0.0,0.0,0.0
9125,0.9983333333333333,1.0,0.0,0.0,0.0,0.0
9126,1.0,1.0,0.0,0.0,0.0,0.0
9127,0.995,1.0,0.0,0.0,0.0,0.0
9128,1.0,1.0,0.0,0.0,0.0,0.0
9129,0.9616666666666664,1.0,0.0,0.0,0.0,0.0
9130,0.9483333333333333,1.0,0.0,0.0,0.0,0.0
9131,0.9583333333333333,1.0,0.0,0.0,0.0,0.0
9132,0.9716666666666662,1.0,0.0,0.0,0.0,0.0
9133,0.9466666666666668,1.0,0.0,0.0,0.0,0.0
9134,1.0,1.0,0.0,0.0,0.0,0.0
9135,1.0,1.0,0.0,0.0,0.0,0.0
9136,1.0,1.0,0.0,0.0,0.0,0.0
9137,1.0,1.0,0.0,0.0,0.0,0.0
9138,0.9961467819540222,0.99,0.0,0.01,0.0,0.0
9139,0.9466666666666664,0.99,0.0,0.0,0.01,0.0
9140,0.9699999999999998,0.99,0.0,0.0,0.01,0.0
9141,0.9566666666666667,1.0,0.0,0.0,0.0,0.0
9142,0.9499999999999997,1.0,0.0,0.0,0.0,0.0
9143,0.9583333333333333,1.0,0.0,0.0,0.0,0.0
9144,1.0,1.0,0.0,0.0,0.0,0.0
9145,1.0,1.0,0.0,0.0,0.0,0.0
9146,1.0,1.0,0.0,0.0,0.0,0.0
9147,1.0,1.0,0.0,0.0,0.0,0.0
9148,0.995,0.99,0.0,0.01,0.0,0.0
9149,0.9649999999999999,0.98,0.0,0.01,0.01,0.0
9150,0.9449999999999998,0.99,0.0,0.0,0.01,0.0
9151,0.97,1.0,0.0,0.0,0.0,0.0
9152,0.9649999999999997,1.0,0.0,0.0,0.0,0.0
9153,0.9583333333333335,1.0,0.0,0.0,0.0,0.0
9154,1.0,1.0,0.0,0.0,0.0,0.0
9155,1.0,1.0,0.0,0.0,0.0,0.0
9156,1.0,1.0,0.0,0.0,0.0,0.0
9157,1.0,1.0,0.0,0.0,0.0,0.0
9158,1.0,1.0,0.0,0.0,0.0,0.0
9159,0.9633333333333328,1.0,0.0,0.0,0.0,0.0
9160,0.9583333333333331,1.0,0.0,0.0,0.0,0.0
9161,0.9616666666666664,1.0,0.0,0.0,0.0,0.0
9162,0.9466666666666665,1.0,0.0,0.0,0.0,0.0
9163,0.9649999999999999,1.0,0.0,0.0,0.0,0.0
9164,1.0,1.0,0.0,0.0,0.0,0.0
9165,1.0,1.0,0.0,0.0,0.0,0.0
9166,1.0,1.0,0.0,0.0,0.0,0.0
9167,1.0,1.0,0.0,0.0,0.0,0.0
9168,1.0,1.0,0.0,0.0,0.0,0.0
9169,0.9616666666666666,1.0,0.0,0.0,0.0,0.0
9170,0.9549999999999997,1.0,0.0,0.0,0.0,0.0
9171,0.9583333333333331,1.0,0.0,0.0,0.0,0.0
9172,0.9549999999999997,1.0,0.0,0.0,0.0,0.0
9173,0.9399999999999997,1.0,0.0,0.0,0.0,0.0
9174,1.0,0.99,0.0,0.0,0.01,0.0
9175,1.0,0.95,0.0,0.0,0.05,0.0
9176,1.0,0.95,0.0,0.0,0.05,0.0
9177,1.0,0.93,0.0,0.0,0.07,0.0
9178,1.0,0.9,0.0,0.0,0.1,0.0
9179,0.9416666666666664,0.9,0.0,0.0,0.1,0.0
9180,0.9333333333333331,0.94,0.0,0.0,0.06,0.0
9181,0.9549999999999998,0.95,0.0,0.0,0.05,0.0
9182,0.9349999999999996,0.96,0.0,0.0,0.04,0.0
9183,0.9599999999999997,0.97,0.0,0.0,0.03,0.0
9184,1.0,0.98,0.0,0.0,0.02,0.0
9185,1.0,0.98,0.0,0.0,0.02,0.0
9186,1.0,1.0,0.0,0.0,0.0,0.0
9187,1.0,1.0,0.0,0.0,0.0,0.0
9188,1.0,1.0,0.0,0.0,0.0,0.0
9189,0.9666666666666665,1.0,0.0,0.0,0.0,0.0
9190,0.9699999999999999,0.99,0.0,0.0,0.01,0.0
9191,0.9666666666666667,1.0,0.0,0.0,0.0,0.0
9192,0.9499999999999997,0.99,0.0,0.01,0.0,0.0
9193,0.96,0.99,0.0,0.01,0.0,0.0
9194,0.9866666666666667,0.98,0.0,0.02,0.0,0.0
9195,0.985,0.97,0.0,0.03,0.0,0.0
9196,0.9983333333333334,0.99,0.0,0.01,0.0,0.0
9197,1.0,1.0,0.0,0.0,0.0,0.0
9198,1.0,1.0,0.0,0.0,0.0,0.0
9199,0.9683333333333332,1.0,0.0,0.0,0.0,0.0
9200,0.9616666666666664,1.0,0.0,0.0,0.0,0.0
9201,0.9516666666666665,1.0,0.01,0.0,0.0,0.0
9202,0.9649999999999997,1.0,0.02,0.0,0.0,0.0
9203,0.95,1.0,0.03,0.0,0.0,0.0
9204,1.0,0.99,0.02,0.0,0.01,0.0
9205,1.0,0.99,0.0,0.0,0.01,0.0
9206,1.0,1.0,0.0,0.0,0.0,0.0
9207,1.0,1.0,0.0,0.0,0.0,0.0
9208,1.0,1.0,0.0,0.0,0.0,0.0
9209,0.9583333333333328,1.0,0.0,0.0,0.0,0.0
9210,0.9416666666666665,1.0,0.0,0.0,0.0,0.0
9211,0.9666666666666665,0.99,0.0,0.01,0.0,0.0
9212,0.9716666666666662,0.98,0.0,0.02,0.0,0.0
9213,0.9516666666666665,0.98,0.0,0.02,0.0,0.0
9214,0.9883333333333334,0.97,0.0,0.03,0.0,0.0
9215,0.985,0.97,0.0,0.03,0.0,0.0
9216,1.0,1.0,0.0,0.0,0.0,0.0
9217,1.0,1.0,0.0,0.0,0.0,0.0
9218,1.0,1.0,0.0,0.0,0.0,0.0
9219,0.9683333333333333,1.0,0.0,0.0,0.0,0.0
9220,0.9533333333333333,1.0,0.0,0.0,0.0,0.0
9221,0.9533333333333331,1.0,0.0,0.0,0.0,0.0
9222,0.9499999999999996,1.0,0.0,0.0,0.0,0.0
9223,0.9616666666666666,1.0,0.0,0.0,0.0,0.0
9224,1.0,1.0,0.0,0.0,0.0,0.0
9225,1.0,1.0,0.0,0.0,0.0,0.0
9226,1.0,1.0,0.0,0.0,0.0,0.0
9227,1.0,1.0,0.0,0.0,0.0,0.0
9228,1.0,1.0,0.0,0.0,0.0,0.0
9229,0.9533333333333331,1.0,0.0,0.0,0.0,0.0
9230,0.9599999999999997,1.0,0.0,0.0,0.0,0.0
9231,0.9583333333333333,1.0,0.0,0.0,0.0,0.0
9232,0.9433333333333329,1.0,0.0,0.0,0.0,0.0
9233,0.9399999999999997,1.0,0.0,0.0,0.0,0.0
9234,0.9983333333333333,0.99,0.0,0.01,0.0,0.0
9235,1.0,1.0,0.0,0.0,0.0,0.0
9236,0.997462235947509,0.99,0.0,0.01,0.0,0.0
9237,1.0,1.0,0.0,0.0,0.0,0.0
9238,1.0,1.0,0.0,0.0,0.0,0.0
9239,0.9583333333333328,1.0,0.0,0.0,0.0,0.0
9240,0.9666666666666663,1.0,0.0,0.0,0.0,0.0
9241,0.9499999999999998,1.0,0.0,0.0,0.0,0.0
9242,0.9616666666666664,1.0,0.0,0.0,0.0,0.0
9243,0.9583333333333328,1.0,0.0,0.0,0.0,0.0
9244,1.0,1.0,0.0,0.0,0.0,0.0
9245,1.0,1.0,0.0,0.0,0.0,0.0
9246,1.0,1.0,0.0,0.0,0.0,0.0
9247,1.0,1.0,0.0,0.0,0.0,0.0
9248,1.0,1.0,0.0,0.0,0.0,0.0
9249,0.9500000000000002,1.0,0.0,0.0,0.0,0.0
9250,0.9516666666666667,1.0,0.0,0.0,0.0,0.0
9251,0.9483333333333333,1.0,0.0,0.0,0.0,0.0
9252,0.9466666666666665,1.0,0.0,0.0,0.0,0.0
9253,0.948333333333333,0.99,0.0,0.01,0.0,0.0
9254,0.995,0.97,0.0,0.03,0.0,0.0
9255,0.995,0.97,0.0,0.03,0.0,0.0
9256,0.995,0.97,0.0,0.03,0.0,0.0
9257,0.9927780445994262,0.96,0.0,0.04,0.0,0.0
9258,0.9911113779327594,0.95,0.0,0.05,0.0,0.0
9259,0.9616666666666663,0.98,0.0,0.02,0.0,0.0
9260,0.9399999999999997,1.0,0.01,0.0,0.0,0.0
9261,0.9666666666666665,1.0,0.0,0.0,0.0,0.0
9262,0.9349999999999997,1.0,0.0,0.0,0.0,0.0
9263,0.9716666666666665,1.0,0.0,0.0,0.0,0.0
9264,1.0,1.0,0.0,0.0,0.0,0.0
9265,1.0,1.0,0.0,0.0,0.0,0.0
9266,1.0,1.0,0.0,0.0,0.0,0.0
9267,1.0,1.0,0.0,0.0,0.0,0.0
9268,1.0,1.0,0.0,0.0,0.0,0.0
9269,0.953333333333333,1.0,0.0,0.0,0.0,0.0
9270,0.9633333333333328,1.0,0.0,0.0,0.0,0.0
9271,0.9566666666666666,0.99,0.0,0.01,0.0,0.0
9272,0.9449999999999997,0.99,0.0,0.01,0.0,0.0
9273,0.9483333333333333,0.99,0.0,0.01,0.0,0.0
9274,0.9866666666666667,0.98,0.0,0.02,0.0,0.0
9275,0.995,0.99,0.0,0.01,0.0,0.0
9276,1.0,1.0,0.0,0.0,0.0,0.0
9277,1.0,1.0,0.0,0.0,0.0,0.0
9278,1.0,1.0,0.0,0.0,0.0,0.0
9279,0.9683333333333333,1.0,0.0,0.0,0.0,0.0
9280,0.9549999999999998,1.0,0.0,0.0,0.0,0.0
9281,0.9516666666666665,1.0,0.0,0.0,0.0,0.0
9282,0.945,1.0,0.0,0.0,0.0,0.0
9283,0.9483333333333331,1.0,0.0,0.0,0.0,0.0
9284,1.0,1.0,0.0,0.0,0.0,0.0
9285,1.0,1.0,0.0,0.0,0.0,0.0
9286,0.9933333333333333,1.0,0.0,0.0,0.0,0.0
9287,1.0,1.0,0.0,0.0,0.0,0.0
9288,0.9933333333333334,1.0,0.0,0.0,0.0,0.0
9289,0.9333333333333331,1.0,0.0,0.0,0.0,0.0
9290,0.9566666666666666,1.0,0.0,0.0,0.0,0.0
9291,0.9599999999999995,1.0,0.0,0.0,0.0,0.0
9292,0.9616666666666664,1.0,0.0,0.0,0.0,0.0
9293,0.9566666666666666,1.0,0.0,0.0,0.0,0.0
9294,1.0,1.0,0.0,0.0,0.0,0.0
9295,1.0,1.0,0.0,0.0,0.0,0.0
9296,1.0,1.0,0.0,0.0,0.0,0.0
9297,1.0,1.0,0.0,0.0,0.0,0.0
9298,1.0,1.0,0.0,0.0,0.0,0.0
9299,0.9566666666666669,1.0,0.0,0.0,0.0,0.0
9300,0.9483333333333331,1.0,0.0,0.0,0.0,0.0
9301,0.9349999999999998,1.0,0.0,0.0,0.0,0.0
9302,0.9466666666666664,1.0,0.0,0.0,0.0,0.0
9303,0.9366666666666664,1.0,0.0,0.0,0.0,0.0
9304,1.0,1.0,0.0,0.0,0.0,0.0
9305,1.0,1.0,0.0,0.0,0.0,0.0
9306,1.0,1.0,0.0,0.0,0.0,0.0
9307,1.0,1.0,0.0,0.0,0.0,0.0
9308,0.9983333333333333,1.0,0.0,0.0,0.0,0.0
9309,0.9566666666666664,1.0,0.0,0.0,0.0,0.0
9310,0.9449999999999996,1.0,0.0,0.0,0.0,0.0
9311,0.9566666666666666,1.0,0.0,0.0,0.0,0.0
9312,0.9566666666666666,1.0,0.0,0.0,0.0,0.0
9313,0.9383333333333332,1.0,0.0,0.0,0.0,0.0
9314,1.0,1.0,0.01,0.0,0.0,0.0
9315,1.0,1.0,0.0,0.0,0.0,0.0
9316,1.0,1.0,0.0,0.0,0.0,0.0
9317,1.0,1.0,0.0,0.0,0.0,0.0
9318,1.0,1.0,0.0,0.0,0.0,0.0
9319,0.958333333333333,1.0,0.0,0.0,0.0,0.0
9320,0.948333333333333,1.0,0.0,0.0,0.0,0.0
9321,0.9583333333333331,1.0,0.0,0.0,0.0,0.0
9322,0.9533333333333331,1.0,0.0,0.0,0.0,0.0
9323,0.953333333333333,0.99,0.0,0.0,0.01,0.0
9324,0.995,0.98,0.0,0.01,0.01,0.0
9325,1.0,0.99,0.0,0.0,0.01,0.0
9326,1.0,0.99,0.0,0.0,0.01,0.0
9327,1.0,0.99,0.0,0.0,0.01,0.0
9328,1.0,1.0,0.0,0.0,0.0,0.0
9329,0.9499999999999997,1.0,0.0,0.0,0.0,0.0
9330,0.9583333333333331,1.0,0.0,0.0,0.0,0.0
9331,0.9666666666666661,1.0,0.0,0.0,0.0,0.0
9332,0.9533333333333331,1.0,0.0,0.0,0.0,0.0
9333,0.9549999999999996,1.0,0.0,0.0,0.0,0.0
9334,1.0,1.0,0.0,0.0,0.0,0.0
9335,1.0,1.0,0.0,0.0,0.0,0.0
9336,1.0,1.0,0.0,0.0,0.0,0.0
9337,1.0,1.0,0.0,0.0,0.0,0.0
9338,1.0,1.0,0.0,0.0,0.0,0.0
9339,0.9599999999999997,1.0,0.0,0.0,0.0,0.0
9340,0.9483333333333333,1.0,0.0,0.0,0.0,0.0
9341,0.9333333333333336,1.0,0.0,0.0,0.0,0.0
9342,0.9516666666666665,1.0,0.0,0.0,0.0,0.0
9343,0.9599999999999995,1.0,0.0,0.0,0.0,0.0
9344,1.0,1.0,0.0,0.0,0.0,0.0
9345,0.995,0.99,0.0,0.01,0.0,0.0
9346,0.9933333333333333,0.99,0.0,0.01,0.0,0.0
9347,0.995,0.99,0.0,0.01,0.0,0.0
9348,1.0,1.0,0.0,0.0,0.0,0.0
9349,0.9583333333333333,1.0,0.0,0.0,0.0,0.0
9350,0.9649999999999999,1.0,0.0,0.0,0.0,0.0
9351,0.9549999999999996,1.0,0.0,0.0,0.0,0.0
9352,0.9599999999999999,1.0,0.0,0.0,0.0,0.0
9353,0.9666666666666667,1.0,0.0,0.0,0.0,0.0
9354,1.0,1.0,0.0,0.0,0.0,0.0
9355,1.0,1.0,0.0,0.0,0.0,0.0
9356,1.0,1.0,0.0,0.0,0.0,0.0
9357,1.0,1.0,0.0,0.0,0.0,0.0
9358,1.0,1.0,0.0,0.0,0.0,0.0
9359,0.9599999999999999,1.0,0.0,0.0,0.0,0.0
9360,0.9633333333333333,1.0,0.0,0.0,0.0,0.0
9361,0.9599999999999997,1.0,0.0,0.0,0.0,0.0
9362,0.9583333333333335,1.0,0.0,0.0,0.0,0.0
9363,0.9533333333333328,1.0,0.0,0.0,0.0,0.0
9364,1.0,1.0,0.0,0.0,0.0,0.0
9365,1.0,0.99,0.0,0.0,0.01,0.0
9366,0.995,0.96,0.0,0.0,0.04,0.0
9367,1.0,0.92,0.0,0.0,0.08,0.0
9368,1.0,0.94,0.0,0.0,0.06,0.0
9369,0.9266666666666665,0.91,0.0,0.0,0.09,0.0
9370,0.9516666666666667,0.95,0.0,0.0,0.05,0.0
9371,0.9216666666666664,0.96,0.0,0.0,0.04,0.0
9372,0.9466666666666661,0.97,0.0,0.0,0.03,0.0
9373,0.9516666666666665,0.97,0.0,0.01,0.02,0.0
9374,0.9833333333333334,0.96,0.0,0.04,0.0,0.0
9375,0.9833333333333333,0.98,0.0,0.02,0.0,0.0
9376,0.995,1.0,0.0,0.0,0.0,0.0
9377,1.0,1.0,0.0,0.0,0.0,0.0
9378,1.0,1.0,0.0,0.0,0.0,0.0
9379,0.9616666666666666,0.99,0.0,0.01,0.0,0.0
9380,0.9549999999999998,0.99,0.0,0.01,0.0,0.0
9381,0.9633333333333332,0.99,0.0,0.01,0.0,0.0
9382,0.9593115666643106,0.99,0.0,0.0,0.01,0.0
9383,0.9666666666666667,0.99,0.0,0.0,0.01,0.0
9384,1.0,1.0,0.0,0.0,0.0,0.0
9385,1.0,1.0,0.0,0.0,0.0,0.0
9386,1.0,1.0,0.0,0.0,0.0,0.0
9387,1.0,1.0,0.0,0.0,0.0,0.0
9388,1.0,1.0,0.0,0.0,0.0,0.0
9389,0.9516666666666665,0.99,0.0,0.0,0.01,0.0
9390,0.9516666666666661,1.0,0.0,0.0,0.0,0.0
9391,0.9366666666666668,1.0,0.0,0.0,0.0,0.0
9392,0.9549999999999997,1.0,0.0,0.0,0.0,0.0
9393,0.9633333333333333,1.0,0.0,0.0,0.0,0.0
9394,1.0,1.0,0.0,0.0,0.0,0.0
9395,1.0,1.0,0.0,0.0,0.0,0.0
9396,1.0,1.0,0.0,0.0,0.0,0.0
9397,1.0,1.0,0.0,0.0,0.0,0.0
9398,1.0,1.0,0.0,0.0,0.0,0.0
9399,0.9699999999999998,0.99,0.0,0.0,0.01,0.0
9400,0.935,0.98,0.0,0.0,0.02,0.0
9401,0.968333333333333,1.0,0.0,0.0,0.0,0.0
9402,0.958333333333333,1.0,0.01,0.0,0.0,0.0
9403,0.9633333333333334,1.0,0.0,0.0,0.0,0.0
9404,1.0,1.0,0.0,0.0,0.0,0.0
9405,1.0,1.0,0.0,0.0,0.0,0.0
9406,1.0,0.99,0.0,0.0,0.01,0.0
9407,1.0,1.0,0.0,0.0,0.0,0.0
9408,1.0,1.0,0.0,0.0,0.0,0.0
9409,0.9599999999999999,1.0,0.0,0.0,0.0,0.0
9410,0.9566666666666664,1.0,0.0,0.0,0.0,0.0
9411,0.9649999999999997,1.0,0.0,0.0,0.0,0.0
9412,0.9566666666666663,1.0,0.0,0.0,0.0,0.0
9413,0.9566666666666664,1.0,0.0,0.0,0.0,0.0
9414,1.0,1.0,0.0,0.0,0.0,0.0
9415,1.0,1.0,0.0,0.0,0.0,0.0
9416,0.9933333333333333,1.0,0.0,0.0,0.0,0.0
9417,1.0,1.0,0.0,0.0,0.0,0.0
9418,1.0,1.0,0.0,0.0,0.0,0.0
9419,0.9583333333333331,1.0,0.0,0.0,0.0,0.0
9420,0.9666666666666663,1.0,0.0,0.0,0.0,0.0
9421,0.9616666666666664,1.0,0.0,0.0,0.0,0.0
9422,0.9166666666666663,1.0,0.0,0.0,0.0,0.0
9423,0.9516666666666665,1.0,0.0,0.0,0.0,0.0
9424,1.0,1.0,0.0,0.0,0.0,0.0
9425,1.0,1.0,0.0,0.0,0.0,0.0
9426,1.0,1.0,0.0,0.0,0.0,0.0
9427,1.0,1.0,0.0,0.0,0.0,0.0
9428,0.995,1.0,0.0,0.0,0.0,0.0
9429,0.9566666666666667,1.0,0.0,0.0,0.0,0.0
9430,0.9566666666666663,1.0,0.0,0.0,0.0,0.0
9431,0.9666666666666666,1.0,0.0,0.0,0.0,0.0
9432,0.9399999999999997,1.0,0.0,0.0,0.0,0.0
9433,0.9516666666666661,1.0,0.0,0.0,0.0,0.0
9434,1.0,1.0,0.0,0.0,0.0,0.0
9435,1.0,1.0,0.0,0.0,0.0,0.0
9436,1.0,1.0,0.0,0.0,0.0,0.0
9437,1.0,1.0,0.0,0.0,0.0,0.0
9438,1.0,1.0,0.0,0.0,0.0,0.0
9439,0.9549999999999998,1.0,0.0,0.0,0.0,0.0
9440,0.9566666666666664,1.0,0.0,0.0,0.0,0.0
9441,0.9516666666666665,1.0,0.0,0.0,0.0,0.0
9442,0.935,1.0,0.0,0.0,0.0,0.0
9443,0.9349999999999997,1.0,0.0,0.0,0.0,0.0
9444,1.0,1.0,0.0,0.0,0.0,0.0
9445,1.0,1.0,0.0,0.0,0.0,0.0
9446,1.0,1.0,0.0,0.0,0.0,0.0
9447,1.0,0.99,0.0,0.0,0.01,0.0
9448,1.0,1.0,0.0,0.0,0.0,0.0
9449,0.953333333333333,1.0,0.0,0.0,0.0,0.0
9450,0.9616666666666663,0.99,0.0,0.0,0.01,0.0
9451,0.9499999999999998,0.99,0.0,0.0,0.01,0.0
9452,0.9516666666666665,1.0,0.0,0.0,0.0,0.0
9453,0.9583333333333333,1.0,0.0,0.0,0.0,0.0
9454,1.0,1.0,0.0,0.0,0.0,0.0
9455,1.0,1.0,0.0,0.0,0.0,0.0
9456,1.0,1.0,0.0,0.0,0.0,0.0
9457,1.0,1.0,0.0,0.0,0.0,0.0
9458,1.0,1.0,0.0,0.0,0.0,0.0
9459,0.9633333333333332,1.0,0.0,0.0,0.0,0.0
9460,0.9449999999999998,1.0,0.0,0.0,0.0,0.0
9461,0.958333333333333,0.99,0.0,0.01,0.0,0.0
9462,0.9583333333333333,1.0,0.0,0.0,0.0,0.0
9463,0.9533333333333333,1.0,0.0,0.0,0.0,0.0
9464,1.0,1.0,0.0,0.0,0.0,0.0
9465,0.995,0.99,0.0,0.01,0.0,0.0
9466,1.0,1.0,0.0,0.0,0.0,0.0
9467,1.0,1.0,0.0,0.0,0.0,0.0
9468,1.0,1.0,0.0,0.0,0.0,0.0
9469,0.9533333333333335,1.0,0.0,0.0,0.0,0.0
9470,0.96,1.0,0.0,0.0,0.0,0.0
9471,0.9466666666666665,1.0,0.0,0.0,0.0,0.0
9472,0.958333333333333,1.0,0.0,0.0,0.0,0.0
9473,0.9616666666666663,1.0,0.0,0.0,0.0,0.0
9474,1.0,1.0,0.0,0.0,0.0,0.0
9475,1.0,1.0,0.0,0.0,0.0,0.0
9476,1.0,1.0,0.0,0.0,0.0,0.0
9477,1.0,1.0,0.0,0.0,0.0,0.0
9478,1.0,1.0,0.0,0.0,0.0,0.0
9479,0.9549999999999997,1.0,0.0,0.0,0.0,0.0
9480,0.9599999999999999,1.0,0.0,0.0,0.0,0.0
9481,0.97,1.0,0.0,0.0,0.0,0.0
9482,0.9566666666666664,1.0,0.0,0.0,0.0,0.0
9483,0.9483333333333331,1.0,0.0,0.0,0.0,0.0
9484,1.0,1.0,0.0,0.0,0.0,0.0
9485,1.0,1.0,0.0,0.0,0.0,0.0
9486,1.0,1.0,0.0,0.0,0.0,0.0
9487,1.0,1.0,0.0,0.0,0.0,0.0
9488,1.0,1.0,0.0,0.0,0.0,0.0
9489,0.9416666666666664,0.99,0.0,0.0,0.01,0.0
9490,0.9599999999999999,0.97,0.0,0.01,0.02,0.0
9491,0.9649999999999999,0.98,0.0,0.01,0.01,0.0
9492,0.9616666666666666,0.97,0.0,0.01,0.02,0.0
9493,0.9333333333333331,0.97,0.0,0.0,0.03,0.0
9494,1.0,0.99,0.0,0.0,0.01,0.0
9495,1.0,0.99,0.0,0.0,0.01,0.0
9496,1.0,1.0,0.0,0.0,0.0,0.0
9497,1.0,1.0,0.0,0.0,0.0,0.0
9498,1.0,1.0,0.0,0.0,0.0,0.0
9499,0.9533333333333331,1.0,0.0,0.0,0.0,0.0
9500,0.9383333333333331,1.0,0.0,0.0,0.0,0.0
9501,0.9699999999999998,1.0,0.0,0.0,0.0,0.0
9502,0.9566666666666664,1.0,0.0,0.0,0.0,0.0
9503,0.9399999999999998,1.0,0.0,0.0,0.0,0.0
9504,1.0,1.0,0.0,0.0,0.0,0.0
9505,1.0,1.0,0.0,0.0,0.0,0.0
9506,1.0,1.0,0.0,0.0,0.0,0.0
9507,1.0,1.0,0.0,0.0,0.0,0.0
9508,1.0,1.0,0.0,0.0,0.0,0.0
9509,0.95,1.0,0.0,0.0,0.0,0.0
9510,0.9483333333333328,1.0,0.0,0.0,0.0,0.0
9511,0.9499999999999997,1.0,0.0,0.0,0.0,0.0
9512,0.9516666666666664,1.0,0.0,0.0,0.0,0.0
9513,0.9483333333333327,1.0,0.0,0.0,0.0,0.0
9514,0.9966666666666666,0.99,0.0,0.0,0.01,0.0
9515,1.0,0.99,0.0,0.0,0.01,0.0
9516,1.0,1.0,0.0,0.0,0.0,0.0
9517,1.0,1.0,0.0,0.0,0.0,0.0
9518,1.0,1.0,0.0,0.0,0.0,0.0
9519,0.965,1.0,0.0,0.0,0.0,0.0
9520,0.9766666666666665,1.0,0.0,0.0,0.0,0.0
9521,0.9466666666666663,1.0,0.0,0.0,0.0,0.0
9522,0.9383333333333335,1.0,0.0,0.0,0.0,0.0
9523,0.9583333333333331,1.0,0.0,0.0,0.0,0.0
9524,0.995,0.99,0.0,0.01,0.0,0.0
9525,0.99,0.98,0.0,0.02,0.0,0.0
9526,1.0,1.0,0.0,0.0,0.0,0.0
9527,1.0,1.0,0.0,0.0,0.0,0.0
9528,1.0,1.0,0.0,0.0,0.0,0.0
9529,0.955,1.0,0.0,0.0,0.0,0.0
9530,0.9499999999999997,1.0,0.0,0.0,0.0,0.0
9531,0.9433333333333331,1.0,0.0,0.0,0.0,0.0
9532,0.9433333333333332,1.0,0.0,0.0,0.0,0.0
9533,0.9649999999999995,1.0,0.0,0.0,0.0,0.0
9534,1.0,1.0,0.0,0.0,0.0,0.0
9535,1.0,1.0,0.0,0.0,0.0,0.0
9536,1.0,1.0,0.0,0.0,0.0,0.0
9537,1.0,1.0,0.0,0.0,0.0,0.0
9538,1.0,1.0,0.0,0.0,0.0,0.0
9539,0.9616666666666664,1.0,0.0,0.0,0.0,0.0
9540,0.9583333333333333,1.0,0.0,0.0,0.0,0.0
9541,0.9466666666666665,1.0,0.0,0.0,0.0,0.0
9542,0.9416666666666664,1.0,0.0,0.0,0.0,0.0
9543,0.9416666666666664,1.0,0.0,0.0,0.0,0.0
9544,1.0,1.0,0.0,0.0,0.0,0.0
9545,1.0,1.0,0.0,0.0,0.0,0.0
9546,1.0,1.0,0.0,0.0,0.0,0.0
9547,1.0,1.0,0.0,0.0,0.0,0.0
9548,1.0,1.0,0.0,0.0,0.0,0.0
9549,0.955,1.0,0.0,0.0,0.0,0.0
9550,0.9699999999999999,1.0,0.0,0.0,0.0,0.0
9551,0.9499999999999996,0.99,0.0,0.01,0.0,0.0
9552,0.9349999999999998,1.0,0.0,0.0,0.0,0.0
9553,0.94,1.0,0.0,0.0,0.0,0.0
9554,1.0,1.0,0.0,0.0,0.0,0.0
9555,1.0,1.0,0.0,0.0,0.0,0.0
9556,1.0,1.0,0.0,0.0,0.0,0.0
9557,1.0,1.0,0.0,0.0,0.0,0.0
9558,1.0,1.0,0.0,0.0,0.0,0.0
9559,0.9533333333333333,1.0,0.0,0.0,0.0,0.0
9560,0.9699999999999999,1.0,0.0,0.0,0.0,0.0
9561,0.9666666666666665,1.0,0.0,0.0,0.0,0.0
9562,0.9516666666666663,1.0,0.0,0.0,0.0,0.0
9563,0.9749999999999998,1.0,0.0,0.0,0.0,0.0
9564,1.0,1.0,0.0,0.0,0.0,0.0
9565,1.0,1.0,0.0,0.0,0.0,0.0
9566,1.0,1.0,0.0,0.0,0.0,0.0
9567,1.0,1.0,0.0,0.0,0.0,0.0
9568,1.0,1.0,0.0,0.0,0.0,0.0
9569,0.9516666666666663,1.0,0.0,0.0,0.0,0.0
9570,0.9616666666666663,1.0,0.0,0.0,0.0,0.0
9571,0.958333333333333,1.0,0.0,0.0,0.0,0.0
9572,0.953333333333333,1.0,0.0,0.0,0.0,0.0
9573,0.9599999999999997,1.0,0.0,0.0,0.0,0.0
9574,1.0,1.0,0.0,0.0,0.0,0.0
9575,1.0,1.0,0.0,0.0,0.0,0.0
9576,1.0,1.0,0.0,0.0,0.0,0.0
9577,1.0,1.0,0.0,0.0,0.0,0.0
9578,1.0,1.0,0.0,0.0,0.0,0.0
9579,0.9666666666666663,1.0,0.0,0.0,0.0,0.0
9580,0.955,1.0,0.0,0.0,0.0,0.0
9581,0.9566666666666664,1.0,0.0,0.0,0.0,0.0
9582,0.9566666666666666,1.0,0.0,0.0,0.0,0.0
9583,0.9599999999999999,1.0,0.0,0.0,0.0,0.0
9584,1.0,1.0,0.0,0.0,0.0,0.0
9585,1.0,1.0,0.0,0.0,0.0,0.0
9586,1.0,1.0,0.0,0.0,0.0,0.0
9587,1.0,1.0,0.0,0.0,0.0,0.0
9588,0.9933333333333334,0.99,0.0,0.01,0.0,0.0
9589,0.9716666666666666,1.0,0.0,0.0,0.0,0.0
9590,0.9666666666666666,1.0,0.0,0.0,0.0,0.0
9591,0.973333333333333,1.0,0.0,0.0,0.0,0.0
9592,0.9549999999999997,0.99,0.0,0.0,0.01,0.0
9593,0.9599999999999999,0.99,0.0,0.0,0.01,0.0
9594,1.0,0.99,0.0,0.0,0.01,0.0
9595,1.0,1.0,0.0,0.0,0.0,0.0
9596,1.0,1.0,0.0,0.0,0.0,0.0
9597,1.0,1.0,0.0,0.0,0.0,0.0
9598,1.0,1.0,0.01,0.0,0.0,0.0
9599,0.958333333333333,1.0,0.01,0.0,0.0,0.0
9600,0.9599999999999999,1.0,0.01,0.0,0.0,0.0
9601,0.96,0.99,0.0,0.0,0.01,0.0
9602,0.9483333333333333,0.99,0.0,0.0,0.01,0.0
9603,0.9383333333333332,0.99,0.0,0.0,0.01,0.0
9604,1.0,1.0,0.0,0.0,0.0,0.0
9605,1.0,1.0,0.0,0.0,0.0,0.0
9606,1.0,1.0,0.0,0.0,0.0,0.0
9607,0.9933333333333334,0.99,0.0,0.01,0.0,0.0
9608,0.995,0.99,0.0,0.01,0.0,0.0
9609,0.9583333333333331,0.97,0.0,0.03,0.0,0.0
9610,0.948333333333333,0.99,0.0,0.01,0.0,0.0
9611,0.958333333333333,0.99,0.0,0.01,0.0,0.0
9612,0.9666666666666665,1.0,0.0,0.0,0.0,0.0
9613,0.9666666666666666,1.0,0.0,0.0,0.0,0.0
9614,0.975,1.0,0.0,0.0,0.0,0.0
9615,0.99,1.0,0.0,0.0,0.0,0.0
9616,0.9933333333333333,1.0,0.0,0.0,0.0,0.0
9617,0.9933333333333334,1.0,0.0,0.0,0.0,0.0
9618,0.9933333333333334,1.0,0.0,0.0,0.0,0.0
9619,0.96,1.0,0.0,0.0,0.0,0.0
9620,0.9483333333333331,1.0,0.0,0.0,0.0,0.0
9621,0.9466666666666664,1.0,0.0,0.0,0.0,0.0
9622,0.9549999999999998,1.0,0.0,0.0,0.0,0.0
9623,0.9666666666666666,1.0,0.0,0.0,0.0,0.0
9624,1.0,1.0,0.0,0.0,0.0,0.0
9625,1.0,1.0,0.0,0.0,0.0,0.0
9626,1.0,1.0,0.0,0.0,0.0,0.0
9627,1.0,1.0,0.0,0.0,0.0,0.0
9628,1.0,1.0,0.0,0.0,0.0,0.0
9629,0.9549999999999998,1.0,0.0,0.0,0.0,0.0
9630,0.96,1.0,0.0,0.0,0.0,0.0
9631,0.9616666666666666,1.0,0.0,0.0,0.0,0.0
9632,0.9599999999999999,1.0,0.0,0.0,0.0,0.0
9633,0.9449999999999998,0.99,0.0,0.0,0.01,0.0
9634,1.0,1.0,0.0,0.0,0.0,0.0
9635,1.0,1.0,0.0,0.0,0.0,0.0
9636,0.9933333333333333,1.0,0.01,0.0,0.0,0.0
9637,1.0,1.0,0.02,0.0,0.0,0.0
9638,1.0,1.0,0.02,0.0,0.0,0.0
9639,0.9583333333333331,1.0,0.03,0.0,0.0,0.0
9640,0.9699999999999999,1.0,0.04,0.0,0.0,0.0
9641,0.9599999999999997,1.0,0.05,0.0,0.0,0.0
9642,0.9649999999999999,1.0,0.07,0.0,0.0,0.0
9643,0.9616666666666667,1.0,0.05,0.0,0.0,0.0
9644,1.0,0.99,0.03,0.0,0.01,0.0
9645,0.9983333333333333,0.98,0.02,0.0,0.02,0.0
9646,1.0,0.99,0.01,0.0,0.01,0.0
9647,1.0,1.0,0.02,0.0,0.0,0.0
9648,1.0,1.0,0.03,0.0,0.0,0.0
9649,0.9549999999999996,1.0,0.05,0.0,0.0,0.0
9650,0.9516666666666663,1.0,0.05,0.0,0.0,0.0
9651,0.9583333333333331,1.0,0.07,0.0,0.0,0.0
9652,0.9566666666666664,1.0,0.06,0.0,0.0,0.0
9653,0.9399999999999998,1.0,0.04,0.0,0.0,0.0
9654,0.995,0.99,0.0,0.01,0.0,0.0
9655,0.9983333333333333,0.99,0.0,0.01,0.0,0.0
9656,0.995,0.99,0.0,0.01,0.0,0.0
9657,1.0,1.0,0.0,0.0,0.0,0.0
9658,1.0,1.0,0.0,0.0,0.0,0.0
9659,0.9449999999999996,1.0,0.0,0.0,0.0,0.0
9660,0.9666666666666666,1.0,0.0,0.0,0.0,0.0
9661,0.9483333333333331,1.0,0.0,0.0,0.0,0.0
9662,0.9499999999999998,0.99,0.0,0.01,0.0,0.0
9663,0.96,0.99,0.0,0.01,0.0,0.0
9664,0.9883333333333334,0.98,0.0,0.02,0.0,0.0
9665,0.9916666666666667,0.98,0.0,0.02,0.0,0.0
9666,0.9983333333333334,0.99,0.0,0.01,0.0,0.0
9667,1.0,1.0,0.0,0.0,0.0,0.0
9668,1.0,1.0,0.0,0.0,0.0,0.0
9669,0.9416666666666663,1.0,0.0,0.0,0.0,0.0
9670,0.9583333333333333,1.0,0.0,0.0,0.0,0.0
9671,0.9449999999999998,1.0,0.0,0.0,0.0,0.0
9672,0.9499999999999997,1.0,0.0,0.0,0.0,0.0
9673,0.9616666666666666,1.0,0.0,0.0,0.0,0.0
9674,0.9933333333333334,0.99,0.0,0.01,0.0,0.0
9675,1.0,1.0,0.0,0.0,0.0,0.0
9676,1.0,1.0,0.0,0.0,0.0,0.0
9677,0.9939559976659518,0.99,0.0,0.01,0.0,0.0
9678,1.0,1.0,0.0,0.0,0.0,0.0
9679,0.9666666666666665,1.0,0.0,0.0,0.0,0.0
9680,0.96,0.98,0.0,0.01,0.01,0.0
9681,0.9583333333333331,0.97,0.0,0.03,0.0,0.0
9682,0.9433333333333331,0.99,0.0,0.01,0.0,0.0
9683,0.9699999999999999,0.99,0.0,0.01,0.0,0.0
9684,1.0,1.0,0.0,0.0,0.0,0.0
9685,1.0,1.0,0.0,0.0,0.0,0.0
9686,1.0,1.0,0.0,0.0,0.0,0.0
9687,1.0,1.0,0.0,0.0,0.0,0.0
9688,1.0,1.0,0.0,0.0,0.0,0.0
9689,0.9483333333333328,1.0,0.0,0.0,0.0,0.0
9690,0.9616666666666666,1.0,0.0,0.0,0.0,0.0
9691,0.9433333333333335,1.0,0.0,0.0,0.0,0.0
9692,0.9599999999999999,1.0,0.0,0.0,0.0,0.0
9693,0.9549999999999996,1.0,0.0,0.0,0.0,0.0
9694,1.0,1.0,0.0,0.0,0.0,0.0
9695,1.0,1.0,0.0,0.0,0.0,0.0
9696,1.0,1.0,0.0,0.0,0.0,0.0
9697,1.0,1.0,0.0,0.0,0.0,0.0
9698,1.0,1.0,0.0,0.0,0.0,0.0
9699,0.9550000000000002,1.0,0.0,0.0,0.0,0.0
9700,0.9666666666666666,1.0,0.0,0.0,0.0,0.0
9701,0.9466666666666664,1.0,0.0,0.0,0.0,0.0
9702,0.955,1.0,0.0,0.0,0.0,0.0
9703,0.9416666666666665,1.0,0.0,0.0,0.0,0.0
9704,1.0,1.0,0.0,0.0,0.0,0.0
9705,1.0,1.0,0.0,0.0,0.0,0.0
9706,1.0,1.0,0.0,0.0,0.0,0.0
9707,1.0,1.0,0.0,0.0,0.0,0.0
9708,1.0,1.0,0.0,0.0,0.0,0.0
9709,0.973333333333333,1.0,0.0,0.0,0.0,0.0
9710,0.9466666666666663,1.0,0.0,0.0,0.0,0.0
9711,0.9716666666666665,1.0,0.0,0.0,0.0,0.0
9712,0.9583333333333331,1.0,0.0,0.0,0.0,0.0
9713,0.9516666666666664,1.0,0.0,0.0,0.0,0.0
9714,1.0,1.0,0.0,0.0,0.0,0.0
9715,1.0,1.0,0.0,0.0,0.0,0.0
9716,1.0,1.0,0.0,0.0,0.0,0.0
9717,1.0,1.0,0.0,0.0,0.0,0.0
9718,1.0,1.0,0.0,0.0,0.0,0.0
9719,0.9566666666666664,1.0,0.0,0.0,0.0,0.0
9720,0.9533333333333331,1.0,0.0,0.0,0.0,0.0
9721,0.9600000000000002,1.0,0.0,0.0,0.0,0.0
9722,0.9649999999999999,1.0,0.0,0.0,0.0,0.0
9723,0.96,1.0,0.0,0.0,0.0,0.0
9724,1.0,1.0,0.0,0.0,0.0,0.0
9725,1.0,1.0,0.0,0.0,0.0,0.0
9726,1.0,1.0,0.0,0.0,0.0,0.0
9727,1.0,1.0,0.0,0.0,0.0,0.0
9728,1.0,1.0,0.0,0.0,0.0,0.0
9729,0.953333333333333,1.0,0.0,0.0,0.0,0.0
9730,0.9516666666666663,1.0,0.0,0.0,0.0,0.0
9731,0.9516666666666663,1.0,0.0,0.0,0.0,0.0
9732,0.9599999999999997,1.0,0.0,0.0,0.0,0.0
9733,0.9649999999999997,1.0,0.0,0.0,0.0,0.0
9734,1.0,1.0,0.0,0.0,0.0,0.0
9735,1.0,1.0,0.0,0.0,0.0,0.0
9736,0.9916666666666667,1.0,0.0,0.0,0.0,0.0
9737,1.0,1.0,0.0,0.0,0.0,0.0
9738,1.0,1.0,0.0,0.0,0.0,0.0
9739,0.9599999999999997,1.0,0.0,0.0,0.0,0.0
9740,0.9433333333333331,0.99,0.0,0.01,0.0,0.0
9741,0.9427026542483204,0.99,0.0,0.01,0.0,0.0
9742,0.9643693209149872,0.99,0.0,0.01,0.0,0.0
9743,0.9533333333333333,1.0,0.0,0.0,0.0,0.0
9744,1.0,1.0,0.0,0.0,0.0,0.0
9745,1.0,1.0,0.0,0.0,0.0,0.0
9746,1.0,1.0,0.0,0.0,0.0,0.0
9747,1.0,1.0,0.0,0.0,0.0,0.0
9748,1.0,1.0,0.0,0.0,0.0,0.0
9749,0.9749999999999998,1.0,0.0,0.0,0.0,0.0
9750,0.9583333333333331,1.0,0.0,0.0,0.0,0.0
9751,0.9566666666666666,1.0,0.0,0.0,0.0,0.0
9752,0.9516666666666665,1.0,0.0,0.0,0.0,0.0
9753,0.9616666666666666,1.0,0.0,0.0,0.0,0.0
9754,0.9983333333333333,1.0,0.0,0.0,0.0,0.0
9755,1.0,1.0,0.0,0.0,0.0,0.0
9756,0.995,1.0,0.0,0.0,0.0,0.0
9757,0.9933333333333333,1.0,0.0,0.0,0.0,0.0
9758,1.0,1.0,0.0,0.0,0.0,0.0
9759,0.9416666666666665,0.99,0.0,0.0,0.01,0.0
9760,0.943333333333333,1.0,0.0,0.0,0.0,0.0
9761,0.9516666666666663,1.0,0.0,0.0,0.0,0.0
9762,0.9533333333333333,1.0,0.0,0.0,0.0,0.0
9763,0.9716666666666667,1.0,0.0,0.0,0.0,0.0
9764,1.0,1.0,0.0,0.0,0.0,0.0
9765,1.0,1.0,0.0,0.0,0.0,0.0
9766,0.995,1.0,0.0,0.0,0.0,0.0
9767,1.0,1.0,0.0,0.0,0.0,0.0
9768,1.0,1.0,0.0,0.0,0.0,0.0
9769,0.9633333333333334,1.0,0.0,0.0,0.0,0.0
9770,0.9466666666666664,1.0,0.0,0.0,0.0,0.0
9771,0.9516666666666663,1.0,0.0,0.0,0.0,0.0
9772,0.9666666666666665,1.0,0.0,0.0,0.0,0.0
9773,0.9399999999999997,1.0,0.0,0.0,0.0,0.0
9774,1.0,1.0,0.0,0.0,0.0,0.0
9775,0.9966666666666667,1.0,0.0,0.0,0.0,0.0
9776,1.0,1.0,0.0,0.0,0.0,0.0
9777,1.0,1.0,0.0,0.0,0.0,0.0
9778,1.0,1.0,0.0,0.0,0.0,0.0
9779,0.9616666666666664,1.0,0.0,0.0,0.0,0.0
9780,0.958333333333333,1.0,0.0,0.0,0.0,0.0
9781,0.9616666666666667,1.0,0.0,0.0,0.0,0.0
9782,0.9633333333333332,1.0,0.0,0.0,0.0,0.0
9783,0.956666666666667,1.0,0.0,0.0,0.0,0.0
9784,1.0,1.0,0.0,0.0,0.0,0.0
9785,1.0,1.0,0.0,0.0,0.0,0.0
9786,1.0,1.0,0.0,0.0,0.0,0.0
9787,1.0,1.0,0.0,0.0,0.0,0.0
9788,1.0,1.0,0.0,0.0,0.0,0.0
9789,0.9533333333333331,1.0,0.0,0.0,0.0,0.0
9790,0.9516666666666664,1.0,0.0,0.0,0.0,0.0
9791,0.965,1.0,0.0,0.0,0.0,0.0
9792,0.9483333333333333,1.0,0.0,0.0,0.0,0.0
9793,0.9649999999999997,1.0,0.0,0.0,0.0,0.0
9794,1.0,1.0,0.0,0.0,0.0,0.0
9795,1.0,1.0,0.0,0.0,0.0,0.0
9796,1.0,1.0,0.0,0.0,0.0,0.0
9797,1.0,1.0,0.0,0.0,0.0,0.0
9798,1.0,1.0,0.0,0.0,0.0,0.0
9799,0.9533333333333331,1.0,0.0,0.0,0.0,0.0
9800,0.9449999999999997,1.0,0.0,0.0,0.0,0.0
9801,0.9483333333333331,1.0,0.0,0.0,0.0,0.0
9802,0.9533333333333333,1.0,0.0,0.0,0.0,0.0
9803,0.9633333333333333,1.0,0.0,0.0,0.0,0.0
9804,1.0,1.0,0.0,0.0,0.0,0.0
9805,1.0,1.0,0.0,0.0,0.0,0.0
9806,1.0,1.0,0.0,0.0,0.0,0.0
9807,1.0,1.0,0.0,0.0,0.0,0.0
9808,1.0,1.0,0.0,0.0,0.0,0.0
9809,0.953333333333333,0.99,0.0,0.01,0.0,0.0
9810,0.9616666666666666,0.99,0.0,0.01,0.0,0.0
9811,0.9566666666666664,0.97,0.0,0.03,0.0,0.0
9812,0.9599999999999997,0.98,0.0,0.02,0.0,0.0
9813,0.9549999999999998,0.98,0.0,0.02,0.0,0.0
9814,1.0,1.0,0.0,0.0,0.0,0.0
9815,0.9983333333333333,1.0,0.0,0.0,0.0,0.0
9816,0.9983333333333333,1.0,0.0,0.0,0.0,0.0
9817,1.0,1.0,0.0,0.0,0.0,0.0
9818,1.0,1.0,0.0,0.0,0.0,0.0
9819,0.9683333333333333,1.0,0.0,0.0,0.0,0.0
9820,0.9616666666666664,1.0,0.0,0.0,0.0,0.0
9821,0.9416666666666665,1.0,0.0,0.0,0.0,0.0
9822,0.9516666666666661,1.0,0.0,0.0,0.0,0.0
9823,0.9533333333333331,1.0,0.0,0.0,0.0,0.0
9824,1.0,1.0,0.0,0.0,0.0,0.0
9825,1.0,1.0,0.0,0.0,0.0,0.0
9826,1.0,1.0,0.0,0.0,0.0,0.0
9827,1.0,1.0,0.0,0.0,0.0,0.0
9828,1.0,1.0,0.0,0.0,0.0,0.0
9829,0.9633333333333333,1.0,0.0,0.0,0.0,0.0
9830,0.9499999999999997,1.0,0.0,0.0,0.0,0.0
9831,0.968333333333333,1.0,0.0,0.0,0.0,0.0
9832,0.958333333333333,1.0,0.0,0.0,0.0,0.0
9833,0.9499999999999997,1.0,0.0,0.0,0.0,0.0
9834,1.0,1.0,0.0,0.0,0.0,0.0
9835,1.0,1.0,0.0,0.0,0.0,0.0
9836,1.0,1.0,0.0,0.0,0.0,0.0
9837,1.0,1.0,0.0,0.0,0.0,0.0
9838,1.0,1.0,0.0,0.0,0.0,0.0
9839,0.9566666666666663,1.0,0.0,0.0,0.0,0.0
9840,0.9549999999999997,1.0,0.0,0.0,0.0,0.0
9841,0.9666666666666663,1.0,0.0,0.0,0.0,0.0
9842,0.9599999999999999,1.0,0.0,0.0,0.0,0.0
9843,0.9483333333333328,1.0,0.0,0.0,0.0,0.0
9844,1.0,1.0,0.0,0.0,0.0,0.0
9845,1.0,1.0,0.0,0.0,0.0,0.0
9846,1.0,1.0,0.0,0.0,0.0,0.0
9847,1.0,1.0,0.0,0.0,0.0,0.0
9848,1.0,1.0,0.0,0.0,0.0,0.0
9849,0.9633333333333327,1.0,0.0,0.0,0.0,0.0
9850,0.958333333333333,1.0,0.0,0.0,0.0,0.0
9851,0.9649999999999997,1.0,0.0,0.0,0.0,0.0
9852,0.9549999999999997,1.0,0.0,0.0,0.0,0.0
9853,0.9699999999999998,1.0,0.0,0.0,0.0,0.0
9854,1.0,1.0,0.0,0.0,0.0,0.0
9855,1.0,1.0,0.0,0.0,0.0,0.0
9856,1.0,1.0,0.0,0.0,0.0,0.0
9857,1.0,1.0,0.0,0.0,0.0,0.0
9858,1.0,1.0,0.0,0.0,0.0,0.0
9859,0.9616666666666664,1.0,0.0,0.0,0.0,0.0
9860,0.9483333333333331,1.0,0.0,0.0,0.0,0.0
9861,0.9483333333333328,1.0,0.0,0.0,0.0,0.0
9862,0.9533333333333331,0.99,0.0,0.01,0.0,0.0
9863,0.9516666666666665,0.98,0.0,0.02,0.0,0.0
9864,1.0,1.0,0.0,0.0,0.0,0.0
9865,0.9983333333333334,1.0,0.0,0.0,0.0,0.0
9866,1.0,1.0,0.0,0.0,0.0,0.0
9867,1.0,1.0,0.0,0.0,0.0,0.0
9868,1.0,1.0,0.0,0.0,0.0,0.0
9869,0.9499999999999997,1.0,0.0,0.0,0.0,0.0
9870,0.955,1.0,0.0,0.0,0.0,0.0
9871,0.9466666666666665,1.0,0.0,0.0,0.0,0.0
9872,0.9649999999999999,0.99,0.0,0.01,0.0,0.0
9873,0.9516666666666661,0.99,0.0,0.01,0.0,0.0
9874,1.0,1.0,0.0,0.0,0.0,0.0
9875,1.0,1.0,0.0,0.0,0.0,0.0
9876,1.0,1.0,0.0,0.0,0.0,0.0
9877,0.995,1.0,0.0,0.0,0.0,0.0
9878,1.0,0.99,0.0,0.0,0.01,0.0
9879,0.9433333333333331,0.99,0.0,0.0,0.01,0.0
9880,0.9599999999999997,1.0,0.0,0.0,0.0,0.0
9881,0.9649999999999997,1.0,0.0,0.0,0.0,0.0
9882,0.9533333333333333,1.0,0.0,0.0,0.0,0.0
9883,0.9566666666666664,1.0,0.0,0.0,0.0,0.0
9884,1.0,1.0,0.0,0.0,0.0,0.0
9885,1.0,1.0,0.0,0.0,0.0,0.0
9886,0.9983333333333333,0.99,0.0,0.01,0.0,0.0
9887,0.99,0.98,0.0,0.02,0.0,0.0
9888,0.9983333333333334,0.99,0.01,0.01,0.0,0.0
9889,0.9566666666666664,0.99,0.02,0.01,0.0,0.0
9890,0.9666666666666661,1.0,0.01,0.0,0.0,0.0
9891,0.9566666666666666,1.0,0.02,0.0,0.0,0.0
9892,0.9649999999999997,1.0,0.01,0.0,0.0,0.0
9893,0.9533333333333331,1.0,0.01,0.0,0.0,0.0
9894,1.0,1.0,0.0,0.0,0.0,0.0
9895,1.0,1.0,0.0,0.0,0.0,0.0
9896,1.0,1.0,0.0,0.0,0.0,0.0
9897,1.0,1.0,0.0,0.0,0.0,0.0
9898,1.0,1.0,0.0,0.0,0.0,0.0
9899,0.9283333333333335,1.0,0.0,0.0,0.0,0.0
9900,0.943333333333333,0.99,0.0,0.0,0.01,0.0
9901,0.9566666666666664,0.99,0.0,0.0,0.01,0.0
9902,0.9516666666666667,1.0,0.0,0.0,0.0,0.0
9903,0.9499999999999998,1.0,0.0,0.0,0.0,0.0
9904,1.0,1.0,0.0,0.0,0.0,0.0
9905,1.0,1.0,0.0,0.0,0.0,0.0
9906,1.0,1.0,0.0,0.0,0.0,0.0
9907,1.0,1.0,0.0,0.0,0.0,0.0
9908,1.0,1.0,0.0,0.0,0.0,0.0
9909,0.9499999999999998,1.0,0.0,0.0,0.0,0.0
9910,0.9516666666666663,0.99,0.0,0.01,0.0,0.0
9911,0.9666666666666665,0.99,0.0,0.01,0.0,0.0
9912,0.9499999999999998,0.98,0.0,0.02,0.0,0.0
9913,0.965,0.97,0.0,0.03,0.0,0.0
9914,0.9899999999999999,0.97,0.0,0.03,0.0,0.0
9915,0.9849999999999999,0.96,0.0,0.03,0.01,0.0
9916,0.9933333333333334,0.99,0.0,0.01,0.0,0.0
9917,1.0,1.0,0.0,0.0,0.0,0.0
9918,1.0,1.0,0.0,0.0,0.0,0.0
9919,0.9499999999999998,1.0,0.0,0.0,0.0,0.0
9920,0.9516666666666664,1.0,0.0,0.0,0.0,0.0
9921,0.9366666666666664,1.0,0.0,0.0,0.0,0.0
9922,0.9583333333333331,1.0,0.0,0.0,0.0,0.0
9923,0.9599999999999997,1.0,0.0,0.0,0.0,0.0
9924,1.0,1.0,0.0,0.0,0.0,0.0
9925,1.0,1.0,0.0,0.0,0.0,0.0
9926,1.0,1.0,0.0,0.0,0.0,0.0
9927,1.0,1.0,0.0,0.0,0.0,0.0
9928,1.0,1.0,0.0,0.0,0.0,0.0
9929,0.9616666666666669,1.0,0.0,0.0,0.0,0.0
9930,0.9499999999999996,1.0,0.0,0.0,0.0,0.0
9931,0.9499999999999997,1.0,0.0,0.0,0.0,0.0
9932,0.9600000000000002,1.0,0.0,0.0,0.0,0.0
9933,0.933333333333333,1.0,0.0,0.0,0.0,0.0
9934,1.0,1.0,0.0,0.0,0.0,0.0
9935,1.0,1.0,0.0,0.0,0.0,0.0
9936,1.0,1.0,0.0,0.0,0.0,0.0
9937,1.0,1.0,0.0,0.0,0.0,0.0
9938,1.0,1.0,0.0,0.0,0.0,0.0
9939,0.963333333333333,1.0,0.0,0.0,0.0,0.0
9940,0.94,1.0,0.0,0.0,0.0,0.0
9941,0.9666666666666667,1.0,0.0,0.0,0.0,0.0
9942,0.9533333333333331,1.0,0.0,0.0,0.0,0.0
9943,0.9399999999999998,1.0,0.0,0.0,0.0,0.0
9944,1.0,1.0,0.0,0.0,0.0,0.0
9945,1.0,1.0,0.0,0.0,0.0,0.0
9946,1.0,0.99,0.0,0.0,0.01,0.0
9947,1.0,0.99,0.0,0.0,0.01,0.0
9948,1.0,1.0,0.0,0.0,0.0,0.0
9949,0.9466666666666668,0.99,0.0,0.0,0.01,0.0
9950,0.9616666666666664,1.0,0.0,0.0,0.0,0.0
9951,0.9566666666666664,1.0,0.0,0.0,0.0,0.0
9952,0.9449999999999998,1.0,0.0,0.0,0.0,0.0
9953,0.9579604535926695,1.0,0.0,0.0,0.0,0.0
9954,1.0,1.0,0.0,0.0,0.0,0.0
9955,1.0,1.0,0.0,0.0,0.0,0.0
9956,1.0,1.0,0.0,0.0,0.0,0.0
9957,1.0,0.99,0.0,0.0,0.01,0.0
9958,1.0,1.0,0.0,0.0,0.0,0.0
9959,0.9433333333333332,1.0,0.0,0.0,0.0,0.0
9960,0.9599999999999997,1.0,0.0,0.0,0.0,0.0
9961,0.9499999999999998,1.0,0.0,0.0,0.0,0.0
9962,0.9466666666666665,1.0,0.0,0.0,0.0,0.0
9963,0.9466666666666661,1.0,0.0,0.0,0.0,0.0
9964,1.0,1.0,0.0,0.0,0.0,0.0
9965,1.0,1.0,0.0,0.0,0.0,0.0
9966,1.0,1.0,0.0,0.0,0.0,0.0
9967,1.0,1.0,0.0,0.0,0.0,0.0
9968,1.0,1.0,0.0,0.0,0.0,0.0
9969,0.9633333333333333,1.0,0.0,0.0,0.0,0.0
9970,0.9533333333333331,1.0,0.0,0.0,0.0,0.0
9971,0.9599999999999999,1.0,0.01,0.0,0.0,0.0
9972,0.9516666666666661,1.0,0.02,0.0,0.0,0.0
9973,0.9416666666666665,1.0,0.03,0.0,0.0,0.0
9974,1.0,1.0,0.04,0.0,0.0,0.0
9975,0.995,1.0,0.07,0.0,0.0,0.0
9976,1.0,1.0,0.08,0.0,0.0,0.0
9977,0.9933333333333333,1.0,0.08,0.0,0.0,0.0
9978,0.9933333333333334,1.0,0.08,0.0,0.0,0.0
9979,0.9549999999999997,1.0,0.05,0.0,0.0,0.0
9980,0.9616666666666664,0.99,0.08,0.01,0.0,0.0
9981,0.9633333333333332,0.97,0.09,0.03,0.0,0.0
9982,0.9516666666666664,0.94,0.12,0.06,0.0,0.0
9983,0.9733333333333332,0.94,0.12,0.06,0.0,0.0
9984,0.9466666666666665,0.94,0.12,0.06,0.0,0.0
9985,1.0,1.0,0.1,0.0,0.0,0.0
9986,0.9933333333333334,1.0,0.16,0.0,0.0,0.0
9987,0.9916666666666667,1.0,0.11,0.0,0.0,0.0
9988,1.0,1.0,0.08,0.0,0.0,0.0
9989,0.9666666666666663,1.0,0.09,0.0,0.0,0.0
9990,0.9466666666666668,1.0,0.09,0.0,0.0,0.0
9991,0.9716666666666665,1.0,0.08,0.0,0.0,0.0
9992,0.9599999999999997,1.0,0.08,0.0,0.0,0.0
9993,0.9416666666666668,1.0,0.08,0.0,0.0,0.0
9994,1.0,1.0,0.08,0.0,0.0,0.0
9995,1.0,1.0,0.06,0.0,0.0,0.0
9996,1.0,1.0,0.06,0.0,0.0,0.0
9997,1.0,1.0,0.03,0.0,0.0,0.0
9998,0.9916666666666666,1.0,0.05,0.0,0.0,0.0
9999,0.9633333333333332,1.0,0.1,0.0,0.0,0.0
