,meanfitness,seqscommon,seqstarget,extreme0,extreme1,other
0,0.6742925012854001,1.0,0.0,0.0,0.0,0.0
1,0.6760979197031003,0.91,0.0,0.05,0.04,0.0
2,0.6761787259529313,0.86,0.0,0.08,0.06,0.0
3,0.6918389192084811,0.75,0.0,0.13,0.1,0.02
4,0.7063336918896348,0.67,0.0,0.22,0.07,0.04
5,0.7302593028464917,0.45,0.0,0.36,0.12,0.07
6,0.7454235586105802,0.29,0.0,0.45,0.17,0.09
7,0.7822146561783725,0.22,0.0,0.56,0.1,0.12
8,0.8140130649695394,0.21,0.0,0.61,0.07,0.11
9,0.9133333333333331,0.18,0.0,0.66,0.03,0.13
10,0.9383333333333332,0.26,0.0,0.6,0.05,0.09
11,0.9533333333333333,0.26,0.0,0.62,0.03,0.09
12,0.9316666666666664,0.18,0.0,0.64,0.06,0.12
13,0.9516666666666663,0.17,0.0,0.69,0.04,0.1
14,0.9533333333333333,0.17,0.0,0.69,0.03,0.11
15,0.9360935974526022,0.17,0.0,0.68,0.04,0.11
16,0.9224606649210524,0.14,0.0,0.64,0.03,0.19
17,0.9391273315877191,0.16,0.0,0.67,0.02,0.15
18,0.9333072041509642,0.09,0.0,0.72,0.02,0.17
19,0.43833333333333313,0.09,0.0,0.68,0.03,0.2
20,0.4858333333333333,0.1,0.0,0.59,0.04,0.27
21,0.5416666666666665,0.1,0.0,0.55,0.08,0.27
22,0.5666666666666664,0.07,0.0,0.54,0.14,0.25
23,0.6165551163851561,0.05,0.0,0.45,0.21,0.29
24,0.6449999999999997,0.08,0.0,0.34,0.24,0.34
25,0.6765551163851563,0.07,0.0,0.27,0.35,0.31
26,0.6864697002317095,0.04,0.0,0.25,0.42,0.29
27,0.7183333333333333,0.04,0.0,0.21,0.54,0.21
28,0.7833333333333335,0.04,0.0,0.06,0.61,0.29
29,0.6983333333333333,0.04,0.0,0.04,0.72,0.2
30,0.7016666666666663,0.05,0.0,0.03,0.67,0.25
31,0.6966666666666663,0.03,0.0,0.04,0.67,0.26
32,0.7232125081602396,0.03,0.0,0.05,0.67,0.25
33,0.7131520955736927,0.03,0.0,0.05,0.58,0.34
34,0.7231520955736923,0.02,0.0,0.07,0.59,0.32
35,0.7396979370672659,0.05,0.0,0.08,0.55,0.32
36,0.751183365974292,0.06,0.0,0.06,0.61,0.27
37,0.7661833659742918,0.09,0.0,0.06,0.58,0.27
38,0.7811229533877451,0.12,0.0,0.05,0.58,0.25
39,0.7633333333333335,0.11,0.0,0.05,0.53,0.31
40,0.7763628192835784,0.13,0.0,0.01,0.58,0.28
41,0.8071573465905683,0.12,0.0,0.01,0.59,0.28
42,0.8130294859502453,0.13,0.0,0.0,0.61,0.26
43,0.8083142287017828,0.12,0.0,0.01,0.66,0.21
44,0.8555491873450386,0.12,0.0,0.01,0.71,0.16
45,0.8722158540117058,0.12,0.0,0.03,0.73,0.12
46,0.87581363193854,0.15,0.0,0.01,0.74,0.1
47,0.8874802986052065,0.13,0.0,0.0,0.77,0.1
48,0.8716666666666667,0.17,0.0,0.01,0.73,0.09
49,0.758333333333333,0.19,0.0,0.02,0.66,0.13
50,0.7766666666666667,0.2,0.0,0.05,0.57,0.18
51,0.7777748799553967,0.23,0.0,0.1,0.5,0.17
52,0.806666666666667,0.33,0.0,0.08,0.42,0.17
53,0.83,0.42,0.0,0.14,0.32,0.12
54,0.8283333333333335,0.41,0.0,0.23,0.3,0.06
55,0.816666666666667,0.41,0.0,0.2,0.31,0.08
56,0.8516666666666669,0.43,0.0,0.25,0.27,0.05
57,0.8516666666666665,0.33,0.0,0.34,0.2,0.13
58,0.8433333333333332,0.39,0.0,0.36,0.14,0.11
59,0.7266666666666667,0.37,0.0,0.35,0.16,0.12
60,0.7733333333333333,0.44,0.0,0.28,0.13,0.15
61,0.8066666666666669,0.53,0.0,0.2,0.16,0.11
62,0.8412127618043176,0.57,0.0,0.1,0.21,0.12
63,0.8528794284709843,0.66,0.0,0.04,0.16,0.14
64,0.8195165958834917,0.63,0.0,0.03,0.17,0.17
65,0.8466666666666667,0.65,0.0,0.04,0.23,0.08
66,0.8666666666666666,0.67,0.0,0.05,0.25,0.03
67,0.8966666666666667,0.72,0.0,0.02,0.24,0.02
68,0.9112946406275015,0.67,0.0,0.07,0.24,0.02
69,0.8333333333333336,0.63,0.0,0.09,0.27,0.01
70,0.8033333333333336,0.58,0.0,0.1,0.29,0.03
71,0.8266666666666667,0.56,0.0,0.17,0.19,0.08
72,0.85,0.65,0.0,0.13,0.19,0.03
73,0.8733333333333333,0.66,0.0,0.14,0.16,0.04
74,0.9033333333333331,0.58,0.0,0.24,0.11,0.07
75,0.9150000000000001,0.6,0.0,0.28,0.06,0.06
76,0.9233333333333333,0.57,0.0,0.32,0.09,0.02
77,0.9149999999999998,0.57,0.0,0.34,0.06,0.03
78,0.9266666666666672,0.61,0.0,0.26,0.08,0.05
79,0.6766666666666669,0.63,0.0,0.27,0.06,0.04
80,0.6707253453015685,0.55,0.0,0.27,0.1,0.08
81,0.7164506906031369,0.56,0.0,0.21,0.14,0.09
82,0.7207457155675953,0.56,0.0,0.23,0.12,0.09
83,0.7265321797521703,0.56,0.0,0.24,0.13,0.07
84,0.709852433809856,0.51,0.0,0.19,0.23,0.07
85,0.7748092079597052,0.59,0.0,0.19,0.18,0.04
86,0.7760849230685922,0.61,0.0,0.09,0.23,0.07
87,0.7827672766306368,0.59,0.0,0.08,0.28,0.05
88,0.8513295621449085,0.57,0.0,0.05,0.35,0.03
89,0.8233333333333331,0.59,0.0,0.06,0.33,0.02
90,0.8349999999999999,0.56,0.0,0.1,0.3,0.04
91,0.8596905615605418,0.52,0.0,0.18,0.25,0.05
92,0.8254289129088335,0.45,0.0,0.27,0.23,0.05
93,0.8420955795755002,0.48,0.0,0.27,0.19,0.06
94,0.8446905615605419,0.5,0.0,0.32,0.14,0.04
95,0.8633333333333337,0.46,0.0,0.35,0.12,0.07
96,0.8516666666666666,0.38,0.0,0.43,0.12,0.07
97,0.8933333333333331,0.32,0.0,0.57,0.08,0.03
98,0.9050000000000001,0.34,0.0,0.58,0.04,0.04
99,0.6533333333333331,0.34,0.0,0.54,0.05,0.07
100,0.6873128990907262,0.33,0.0,0.54,0.06,0.07
101,0.7116666666666667,0.37,0.0,0.42,0.11,0.1
102,0.7516666666666666,0.47,0.0,0.41,0.09,0.03
103,0.7716666666666666,0.49,0.0,0.38,0.1,0.03
104,0.7703259499209126,0.44,0.0,0.36,0.19,0.01
105,0.8386592832542459,0.44,0.0,0.24,0.3,0.02
106,0.8919926165875792,0.58,0.0,0.06,0.33,0.03
107,0.889126993009338,0.49,0.0,0.05,0.41,0.05
108,0.863905885860501,0.4,0.0,0.06,0.41,0.13
109,0.7966666666666665,0.39,0.0,0.05,0.46,0.1
110,0.8416666666666666,0.47,0.0,0.08,0.35,0.1
111,0.8500000000000004,0.44,0.0,0.13,0.32,0.11
112,0.8683333333333334,0.48,0.0,0.15,0.26,0.11
113,0.9116666666666668,0.56,0.0,0.24,0.12,0.08
114,0.9283333333333335,0.63,0.0,0.24,0.07,0.06
115,0.926666666666667,0.64,0.0,0.2,0.06,0.1
116,0.9216666666666669,0.68,0.0,0.17,0.04,0.11
117,0.9016666666666667,0.61,0.0,0.16,0.09,0.14
118,0.9324675695884411,0.65,0.0,0.19,0.09,0.07
119,0.7483333333333333,0.52,0.0,0.28,0.09,0.11
120,0.8232087756826115,0.62,0.0,0.19,0.09,0.1
121,0.8415421090159447,0.67,0.0,0.14,0.12,0.07
122,0.8965421090159446,0.77,0.0,0.12,0.1,0.01
123,0.8198754423492781,0.72,0.0,0.13,0.14,0.01
124,0.8412929937145003,0.72,0.0,0.16,0.12,0.0
125,0.8880842180318893,0.65,0.0,0.14,0.21,0.0
126,0.9032087756826113,0.71,0.0,0.08,0.2,0.01
127,0.9066666666666667,0.67,0.0,0.11,0.2,0.02
128,0.8915621856157964,0.71,0.0,0.07,0.2,0.02
129,0.8783333333333334,0.6,0.0,0.08,0.28,0.04
130,0.8727086491042708,0.59,0.0,0.13,0.24,0.04
131,0.8849999999999999,0.56,0.0,0.17,0.27,0.0
132,0.8553980486151069,0.53,0.0,0.16,0.28,0.03
133,0.8631259473128119,0.49,0.0,0.22,0.21,0.08
134,0.8766666666666668,0.47,0.0,0.26,0.17,0.1
135,0.8966666666666666,0.53,0.0,0.29,0.11,0.07
136,0.8999999999999999,0.41,0.0,0.41,0.12,0.06
137,0.925,0.35,0.0,0.49,0.13,0.03
138,0.9033333333333334,0.26,0.0,0.56,0.1,0.08
139,0.5883333333333333,0.19,0.0,0.63,0.07,0.11
140,0.6397237037038184,0.3,0.0,0.51,0.06,0.13
141,0.700971718144206,0.45,0.0,0.33,0.06,0.16
142,0.775,0.63,0.0,0.24,0.03,0.1
143,0.7837524588851766,0.72,0.0,0.19,0.03,0.06
144,0.8783333333333333,0.75,0.0,0.16,0.06,0.03
145,0.8762758262351207,0.76,0.0,0.13,0.1,0.01
146,0.8744474074076374,0.75,0.0,0.12,0.11,0.02
147,0.8497237037038187,0.8,0.0,0.1,0.07,0.03
148,0.8436374414242482,0.73,0.0,0.1,0.11,0.06
149,0.8883333333333333,0.74,0.0,0.05,0.17,0.04
150,0.8983333333333335,0.75,0.0,0.07,0.14,0.04
151,0.8900000000000001,0.74,0.0,0.09,0.12,0.05
152,0.8850000000000002,0.62,0.0,0.13,0.2,0.05
153,0.9099999999999997,0.7,0.0,0.13,0.13,0.04
154,0.9242254127746505,0.68,0.0,0.17,0.11,0.04
155,0.8825587461079837,0.6,0.0,0.16,0.13,0.11
156,0.9008920794413174,0.65,0.0,0.16,0.12,0.07
157,0.9117841588826348,0.64,0.0,0.19,0.09,0.08
158,0.8967841588826347,0.6,0.0,0.19,0.08,0.13
159,0.7883333333333334,0.59,0.0,0.19,0.14,0.08
160,0.7949999999999998,0.51,0.0,0.23,0.2,0.06
161,0.8266666666666665,0.55,0.0,0.15,0.25,0.05
162,0.8183333333333336,0.48,0.0,0.19,0.31,0.02
163,0.8366666666666667,0.43,0.0,0.15,0.4,0.02
164,0.8383333333333334,0.39,0.0,0.18,0.38,0.05
165,0.8483333333333332,0.33,0.0,0.12,0.48,0.07
166,0.8650000000000001,0.44,0.0,0.08,0.41,0.07
167,0.8916666666666667,0.46,0.0,0.06,0.43,0.05
168,0.9150000000000001,0.47,0.0,0.07,0.43,0.03
169,0.8116666666666669,0.37,0.0,0.08,0.53,0.02
170,0.8623596706470871,0.44,0.0,0.16,0.37,0.03
171,0.8682588472648038,0.49,0.0,0.18,0.32,0.01
172,0.9054123452745938,0.47,0.0,0.22,0.28,0.03
173,0.9056930039804202,0.42,0.0,0.34,0.18,0.06
174,0.9070730114174645,0.46,0.0,0.34,0.18,0.02
175,0.9078465019902101,0.41,0.0,0.35,0.18,0.06
176,0.927359670647087,0.44,0.0,0.39,0.13,0.04
177,0.9150369336451442,0.5,0.0,0.33,0.12,0.05
178,0.9347559473186472,0.43,0.0,0.42,0.13,0.02
179,0.7649999999999997,0.43,0.0,0.41,0.15,0.01
180,0.8166666666666668,0.42,0.0,0.33,0.22,0.03
181,0.8116666666666665,0.46,0.0,0.29,0.21,0.04
182,0.8416666666666669,0.5,0.0,0.23,0.23,0.04
183,0.865,0.54,0.0,0.19,0.23,0.04
184,0.8483333333333334,0.53,0.0,0.18,0.24,0.05
185,0.8583333333333336,0.58,0.0,0.15,0.22,0.05
186,0.8933333333333335,0.66,0.0,0.1,0.22,0.02
187,0.9066666666666667,0.69,0.0,0.07,0.22,0.02
188,0.92,0.68,0.0,0.06,0.25,0.01
189,0.8700000000000006,0.66,0.0,0.06,0.23,0.05
190,0.8983333333333334,0.69,0.0,0.11,0.13,0.07
191,0.8900000000000005,0.68,0.0,0.11,0.11,0.1
192,0.89,0.66,0.0,0.11,0.11,0.12
193,0.9266666666666669,0.8,0.0,0.08,0.07,0.05
194,0.9316666666666669,0.74,0.0,0.16,0.05,0.05
195,0.9108797909327048,0.65,0.0,0.24,0.09,0.02
196,0.9108797909327051,0.6,0.0,0.27,0.11,0.02
197,0.9142131242660381,0.56,0.0,0.32,0.11,0.01
198,0.9133333333333334,0.56,0.0,0.33,0.06,0.05
199,0.7700000000000001,0.56,0.0,0.31,0.05,0.08
200,0.7783333333333334,0.54,0.0,0.34,0.09,0.03
201,0.8133333333333335,0.58,0.0,0.23,0.16,0.03
202,0.8416666666666667,0.63,0.0,0.17,0.17,0.03
203,0.8614232331075145,0.63,0.0,0.17,0.18,0.02
204,0.88,0.65,0.0,0.09,0.24,0.02
205,0.88,0.6,0.0,0.11,0.24,0.05
206,0.8783333333333333,0.54,0.0,0.1,0.28,0.08
207,0.858089899774181,0.49,0.0,0.09,0.31,0.11
208,0.8730898997741812,0.5,0.0,0.08,0.34,0.08
209,0.7916666666666669,0.49,0.0,0.07,0.35,0.09
210,0.8116666666666668,0.44,0.0,0.14,0.37,0.05
211,0.8143874216971733,0.34,0.0,0.2,0.38,0.08
212,0.8323872674059822,0.32,0.0,0.26,0.35,0.07
213,0.8505730862295686,0.39,0.0,0.25,0.24,0.12
214,0.8808334897299287,0.4,0.0,0.3,0.17,0.13
215,0.8985435693548404,0.46,0.0,0.29,0.12,0.13
216,0.8698721149655411,0.39,0.0,0.36,0.07,0.18
217,0.8942840326921262,0.37,0.0,0.39,0.1,0.14
218,0.907745251059919,0.35,0.0,0.47,0.07,0.11
219,0.68,0.3,0.0,0.5,0.06,0.14
220,0.6900000000000002,0.34,0.0,0.43,0.09,0.14
221,0.8150000000000002,0.54,0.0,0.3,0.09,0.07
222,0.8300000000000002,0.57,0.0,0.24,0.09,0.1
223,0.8533333333333333,0.64,0.0,0.13,0.16,0.07
224,0.8649999999999999,0.54,0.0,0.17,0.25,0.04
225,0.8583333333333333,0.49,0.0,0.13,0.31,0.07
226,0.8583333333333333,0.46,0.0,0.06,0.35,0.13
227,0.8514017916590491,0.43,0.0,0.09,0.33,0.15
228,0.8794702499847648,0.47,0.0,0.07,0.33,0.13
229,0.8150000000000002,0.46,0.0,0.11,0.41,0.02
230,0.8616666666666667,0.61,0.0,0.12,0.26,0.01
231,0.8991475300206828,0.68,0.0,0.14,0.17,0.01
232,0.8783333333333333,0.67,0.0,0.2,0.1,0.03
233,0.8849999999999999,0.53,0.0,0.31,0.1,0.06
234,0.8683333333333334,0.51,0.0,0.29,0.15,0.05
235,0.8766666666666667,0.51,0.0,0.27,0.17,0.05
236,0.8718665155242122,0.53,0.0,0.25,0.17,0.05
237,0.8835331821908788,0.57,0.0,0.23,0.16,0.04
238,0.8683333333333337,0.52,0.0,0.28,0.19,0.01
239,0.8283333333333335,0.62,0.0,0.28,0.09,0.01
240,0.8373733730720851,0.55,0.0,0.27,0.15,0.03
241,0.8433333333333334,0.56,0.0,0.27,0.17,0.0
242,0.805,0.61,0.0,0.22,0.15,0.02
243,0.8533333333333333,0.65,0.0,0.15,0.15,0.05
244,0.8788484639222207,0.63,0.0,0.09,0.22,0.06
245,0.8483333333333333,0.69,0.0,0.12,0.13,0.06
246,0.885,0.66,0.0,0.14,0.17,0.03
247,0.9045991981637527,0.66,0.0,0.09,0.23,0.02
248,0.8566666666666667,0.69,0.0,0.09,0.16,0.06
249,0.8933333333333335,0.73,0.0,0.03,0.19,0.05
250,0.860309090391927,0.72,0.0,0.05,0.16,0.07
251,0.8808636367758425,0.75,0.0,0.05,0.12,0.08
252,0.8769757570585937,0.67,0.0,0.1,0.16,0.07
253,0.8766666666666667,0.76,0.0,0.07,0.15,0.02
254,0.8850000000000001,0.75,0.0,0.12,0.1,0.03
255,0.9133333333333334,0.67,0.0,0.17,0.1,0.06
256,0.9166666666666667,0.67,0.0,0.21,0.09,0.03
257,0.9420830670979137,0.62,0.0,0.29,0.08,0.01
258,0.9399027471514476,0.55,0.0,0.36,0.08,0.01
259,0.7650000000000001,0.51,0.0,0.34,0.1,0.05
260,0.8150000000000002,0.56,0.0,0.3,0.1,0.04
261,0.8333333333333335,0.56,0.0,0.25,0.15,0.04
262,0.8399999999999999,0.58,0.0,0.15,0.24,0.03
263,0.8816666666666667,0.67,0.0,0.11,0.19,0.03
264,0.8866666666666667,0.64,0.0,0.08,0.23,0.05
265,0.8966666666666664,0.65,0.0,0.09,0.24,0.02
266,0.8349999999999999,0.64,0.0,0.11,0.23,0.02
267,0.9,0.58,0.0,0.07,0.33,0.02
268,0.9183333333333334,0.52,0.0,0.04,0.42,0.02
269,0.7733333333333331,0.31,0.0,0.05,0.61,0.03
270,0.8220418507198148,0.36,0.0,0.07,0.52,0.05
271,0.825375184053148,0.43,0.0,0.09,0.46,0.02
272,0.8525947680591751,0.46,0.0,0.15,0.36,0.03
273,0.872041850719815,0.51,0.0,0.16,0.26,0.07
274,0.8729699521123231,0.49,0.0,0.24,0.24,0.03
275,0.8872313868381657,0.49,0.0,0.25,0.24,0.02
276,0.8785228694516839,0.54,0.0,0.26,0.15,0.05
277,0.8942614347258422,0.53,0.0,0.26,0.15,0.06
278,0.899261434725842,0.53,0.0,0.32,0.09,0.06
279,0.7500000000000001,0.48,0.0,0.35,0.08,0.09
280,0.7733333333333333,0.49,0.0,0.29,0.13,0.09
281,0.8433333333333333,0.62,0.0,0.18,0.16,0.04
282,0.8478867295780741,0.69,0.0,0.09,0.18,0.04
283,0.8894336478903705,0.72,0.0,0.08,0.19,0.01
284,0.902440125822815,0.72,0.0,0.08,0.17,0.03
285,0.8698802516456297,0.69,0.0,0.09,0.18,0.04
286,0.8864847287218746,0.72,0.0,0.1,0.16,0.02
287,0.8956892844262268,0.67,0.0,0.08,0.23,0.02
288,0.855326855400889,0.56,0.0,0.14,0.23,0.07
289,0.8683333333333338,0.53,0.0,0.15,0.29,0.03
290,0.8616666666666665,0.52,0.0,0.2,0.23,0.05
291,0.9050000000000002,0.58,0.0,0.25,0.12,0.05
292,0.8833333333333335,0.5,0.0,0.32,0.06,0.12
293,0.9083333333333335,0.46,0.0,0.34,0.07,0.13
294,0.9066666666666668,0.47,0.0,0.28,0.1,0.15
295,0.9116666666666668,0.54,0.0,0.23,0.07,0.16
296,0.8920331206778688,0.51,0.0,0.29,0.11,0.09
297,0.9117913511074401,0.55,0.0,0.23,0.11,0.11
298,0.9416666666666669,0.59,0.0,0.31,0.06,0.04
299,0.7733333333333333,0.49,0.0,0.44,0.06,0.01
300,0.8166666666666668,0.6,0.0,0.32,0.08,0.0
301,0.8283333333333331,0.67,0.0,0.24,0.08,0.01
302,0.84,0.59,0.0,0.28,0.12,0.01
303,0.835,0.57,0.0,0.28,0.12,0.03
304,0.8168907727374638,0.5,0.0,0.25,0.2,0.05
305,0.8602241060707969,0.47,0.0,0.21,0.26,0.06
306,0.8566666666666666,0.48,0.0,0.16,0.3,0.06
307,0.8662967568129382,0.47,0.0,0.14,0.35,0.04
308,0.891351064477177,0.56,0.0,0.07,0.36,0.01
309,0.8083333333333336,0.46,0.0,0.09,0.43,0.02
310,0.8250000000000004,0.48,0.0,0.09,0.37,0.06
311,0.8266666666666669,0.43,0.0,0.12,0.37,0.08
312,0.8483333333333338,0.51,0.0,0.13,0.31,0.05
313,0.8800000000000001,0.61,0.0,0.14,0.21,0.04
314,0.8933333333333334,0.66,0.0,0.19,0.14,0.01
315,0.8883333333333332,0.68,0.0,0.24,0.05,0.03
316,0.8933333333333333,0.69,0.0,0.23,0.08,0.0
317,0.9183333333333336,0.68,0.0,0.25,0.06,0.01
318,0.9100000000000001,0.69,0.0,0.26,0.02,0.03
319,0.8033333333333331,0.67,0.0,0.3,0.03,0.0
320,0.8433333333333333,0.75,0.0,0.18,0.06,0.01
321,0.8833333333333335,0.77,0.0,0.16,0.07,0.0
322,0.8866666666666667,0.78,0.0,0.13,0.08,0.01
323,0.9033333333333334,0.8,0.0,0.1,0.08,0.02
324,0.8983333333333331,0.71,0.0,0.12,0.16,0.01
325,0.8949999999999999,0.71,0.0,0.08,0.21,0.0
326,0.8666666666666666,0.65,0.0,0.09,0.24,0.02
327,0.9083333333333333,0.62,0.0,0.07,0.28,0.03
328,0.9033333333333334,0.63,0.0,0.06,0.28,0.03
329,0.8633333333333336,0.55,0.0,0.06,0.36,0.03
330,0.8784581569396326,0.53,0.0,0.14,0.3,0.03
331,0.9034581569396327,0.6,0.0,0.18,0.19,0.03
332,0.9167914902729664,0.64,0.0,0.19,0.16,0.01
333,0.9282679523319723,0.67,0.0,0.18,0.13,0.02
334,0.9099999999999998,0.64,0.0,0.2,0.13,0.03
335,0.9233333333333335,0.61,0.0,0.25,0.11,0.03
336,0.9183333333333337,0.64,0.0,0.24,0.1,0.02
337,0.9333333333333335,0.61,0.0,0.32,0.07,0.0
338,0.9183333333333334,0.6,0.0,0.34,0.05,0.01
339,0.6983333333333333,0.51,0.0,0.41,0.08,0.0
340,0.7683333333333334,0.52,0.0,0.33,0.15,0.0
341,0.7916666666666667,0.53,0.0,0.31,0.14,0.02
342,0.8183333333333335,0.5,0.0,0.33,0.16,0.01
343,0.8216666666666668,0.56,0.0,0.27,0.15,0.02
344,0.8735246778736093,0.6,0.0,0.19,0.16,0.05
345,0.8787160224138852,0.62,0.0,0.16,0.18,0.04
346,0.8618580112069425,0.61,0.0,0.1,0.25,0.04
347,0.8957653781611036,0.55,0.0,0.13,0.29,0.03
348,0.8903826890805517,0.52,0.0,0.1,0.3,0.08
349,0.8349999999999999,0.5,0.0,0.09,0.29,0.12
350,0.8333333333333335,0.39,0.0,0.13,0.31,0.17
351,0.8283333333333337,0.37,0.0,0.14,0.29,0.2
352,0.8666666666666665,0.48,0.0,0.14,0.23,0.15
353,0.8516666666666667,0.59,0.0,0.13,0.19,0.09
354,0.8730602668950675,0.64,0.0,0.15,0.12,0.09
355,0.8816666666666666,0.54,0.0,0.24,0.12,0.1
356,0.8833333333333337,0.51,0.0,0.26,0.17,0.06
357,0.9083333333333331,0.62,0.0,0.23,0.11,0.04
358,0.9383333333333335,0.61,0.0,0.26,0.1,0.03
359,0.7916666666666667,0.59,0.0,0.28,0.11,0.02
360,0.812836471514141,0.65,0.0,0.19,0.12,0.04
361,0.8300000000000002,0.64,0.0,0.14,0.17,0.05
362,0.8650000000000001,0.72,0.0,0.07,0.16,0.05
363,0.8966666666666667,0.73,0.0,0.07,0.17,0.03
364,0.8266666666666669,0.64,0.0,0.12,0.17,0.07
365,0.8933333333333334,0.63,0.0,0.09,0.2,0.08
366,0.8766666666666666,0.61,0.0,0.04,0.26,0.09
367,0.8595031381808077,0.55,0.0,0.05,0.3,0.1
368,0.8478364715141411,0.55,0.0,0.07,0.27,0.11
369,0.8966666666666668,0.56,0.0,0.09,0.29,0.06
370,0.875,0.51,0.0,0.15,0.23,0.11
371,0.8966666666666666,0.48,0.0,0.18,0.23,0.11
372,0.8899999999999997,0.48,0.0,0.2,0.24,0.08
373,0.9033333333333334,0.48,0.0,0.21,0.27,0.04
374,0.9216666666666667,0.52,0.0,0.24,0.22,0.02
375,0.9283333333333335,0.44,0.0,0.33,0.2,0.03
376,0.9133333333333336,0.44,0.0,0.34,0.21,0.01
377,0.9227733708172746,0.42,0.0,0.35,0.22,0.01
378,0.8994400374839416,0.37,0.0,0.37,0.25,0.01
379,0.6816666666666664,0.27,0.0,0.42,0.29,0.02
380,0.6887006318495383,0.37,0.0,0.31,0.26,0.06
381,0.6983333333333333,0.39,0.0,0.29,0.27,0.05
382,0.768760913762598,0.39,0.0,0.22,0.35,0.04
383,0.8101411654094843,0.39,0.0,0.14,0.41,0.06
384,0.87,0.4,0.0,0.1,0.46,0.04
385,0.8754275804292645,0.53,0.0,0.03,0.38,0.06
386,0.8816666666666667,0.42,0.0,0.02,0.49,0.07
387,0.8983333333333333,0.38,0.0,0.02,0.51,0.09
388,0.9233333333333333,0.34,0.0,0.03,0.55,0.08
389,0.7800000000000001,0.32,0.0,0.03,0.59,0.06
390,0.7600000000000001,0.34,0.0,0.02,0.58,0.06
391,0.8150000000000003,0.37,0.0,0.04,0.52,0.07
392,0.8016666666666665,0.38,0.0,0.06,0.46,0.1
393,0.8283333333333337,0.53,0.0,0.07,0.34,0.06
394,0.8466666666666667,0.54,0.0,0.09,0.29,0.08
395,0.8549999999999999,0.54,0.0,0.12,0.26,0.08
396,0.8566666666666665,0.52,0.0,0.16,0.2,0.12
397,0.8816666666666668,0.65,0.0,0.09,0.18,0.08
398,0.881666666666667,0.65,0.0,0.13,0.16,0.06
399,0.8433333333333333,0.69,0.0,0.14,0.13,0.04
400,0.8833333333333333,0.77,0.0,0.13,0.06,0.04
401,0.8816666666666666,0.74,0.0,0.12,0.08,0.06
402,0.8433333333333334,0.66,0.0,0.19,0.12,0.03
403,0.8714912255356206,0.66,0.0,0.18,0.14,0.02
404,0.856965391082505,0.8,0.0,0.1,0.07,0.03
405,0.8817413477706262,0.79,0.0,0.09,0.1,0.02
406,0.8150000000000002,0.76,0.0,0.1,0.11,0.03
407,0.8791683682287625,0.75,0.0,0.11,0.12,0.02
408,0.871777225909089,0.78,0.0,0.09,0.13,0.0
409,0.9083333333333333,0.77,0.0,0.05,0.17,0.01
410,0.9099999999999998,0.72,0.0,0.1,0.17,0.01
411,0.886666666666667,0.69,0.0,0.13,0.15,0.03
412,0.9166666666666669,0.61,0.0,0.22,0.15,0.02
413,0.925,0.52,0.0,0.34,0.07,0.07
414,0.8966666666666666,0.45,0.0,0.41,0.08,0.06
415,0.8949999999999999,0.46,0.0,0.39,0.13,0.02
416,0.8983333333333331,0.48,0.0,0.4,0.1,0.02
417,0.916666666666667,0.39,0.0,0.48,0.1,0.03
418,0.908333333333333,0.28,0.0,0.6,0.1,0.02
419,0.6183333333333333,0.32,0.0,0.58,0.05,0.05
420,0.632087391648605,0.3,0.0,0.52,0.09,0.09
421,0.6833333333333335,0.32,0.0,0.44,0.11,0.13
422,0.7000000000000002,0.34,0.0,0.39,0.15,0.12
423,0.7766666666666667,0.48,0.0,0.24,0.18,0.1
424,0.856035599877467,0.53,0.0,0.14,0.28,0.05
425,0.9133333333333334,0.44,0.0,0.08,0.45,0.03
426,0.9083333333333333,0.47,0.0,0.06,0.42,0.05
427,0.9216666666666667,0.5,0.0,0.08,0.38,0.04
428,0.9333333333333335,0.6,0.0,0.02,0.34,0.04
429,0.7383333333333336,0.57,0.0,0.05,0.36,0.02
430,0.7550000000000001,0.58,0.0,0.07,0.3,0.05
431,0.7733333333333333,0.66,0.0,0.08,0.22,0.04
432,0.816666666666667,0.67,0.0,0.11,0.15,0.07
433,0.8283981961895945,0.64,0.0,0.14,0.14,0.08
434,0.8784630590458556,0.69,0.0,0.18,0.1,0.03
435,0.8740583197316287,0.67,0.0,0.18,0.1,0.05
436,0.8785927847583781,0.59,0.0,0.22,0.07,0.12
437,0.879188045444151,0.54,0.0,0.28,0.09,0.09
438,0.9117963923791893,0.55,0.0,0.29,0.09,0.07
439,0.8049999999999998,0.54,0.0,0.33,0.08,0.05
440,0.8416666666666667,0.65,0.0,0.25,0.08,0.02
441,0.8533333333333336,0.76,0.0,0.13,0.1,0.01
442,0.8683333333333336,0.76,0.0,0.12,0.1,0.02
443,0.8783333333333333,0.78,0.0,0.08,0.14,0.0
444,0.9066666666666664,0.73,0.0,0.08,0.18,0.01
445,0.905,0.64,0.0,0.06,0.29,0.01
446,0.9033333333333334,0.69,0.0,0.08,0.22,0.01
447,0.925,0.63,0.0,0.08,0.29,0.0
448,0.9016666666666667,0.63,0.0,0.09,0.25,0.03
449,0.8500000000000003,0.68,0.0,0.07,0.22,0.03
450,0.8483333333333334,0.67,0.0,0.12,0.19,0.02
451,0.8716666666666667,0.68,0.0,0.1,0.21,0.01
452,0.8866666666666672,0.69,0.0,0.1,0.19,0.02
453,0.863333333333334,0.59,0.0,0.17,0.2,0.04
454,0.8704463958734969,0.53,0.0,0.2,0.19,0.08
455,0.8799999999999997,0.55,0.0,0.25,0.15,0.05
456,0.8583333333333336,0.51,0.0,0.29,0.17,0.03
457,0.8966666666666666,0.57,0.0,0.29,0.11,0.03
458,0.9102158166847911,0.51,0.0,0.35,0.09,0.05
459,0.7749999999999999,0.55,0.0,0.36,0.05,0.04
460,0.7883333333333334,0.54,0.0,0.32,0.1,0.04
461,0.8516666666666666,0.53,0.0,0.26,0.2,0.01
462,0.85098136044703,0.51,0.0,0.17,0.26,0.06
463,0.8916666666666666,0.57,0.0,0.12,0.27,0.04
464,0.8416666666666666,0.47,0.0,0.09,0.37,0.07
465,0.8464541110902197,0.39,0.0,0.1,0.4,0.11
466,0.8933333333333333,0.38,0.0,0.1,0.48,0.04
467,0.8849999999999999,0.4,0.0,0.06,0.5,0.04
468,0.9116666666666667,0.35,0.0,0.07,0.54,0.04
469,0.7833333333333333,0.35,0.0,0.09,0.51,0.05
470,0.8033333333333332,0.43,0.0,0.09,0.42,0.06
471,0.8183333333333337,0.47,0.0,0.11,0.32,0.1
472,0.8600000000000001,0.57,0.0,0.15,0.19,0.09
473,0.8469647419859371,0.6,0.0,0.18,0.17,0.05
474,0.876666666666667,0.63,0.0,0.2,0.11,0.06
475,0.8819541195430733,0.65,0.0,0.19,0.13,0.03
476,0.8752705268052046,0.59,0.0,0.19,0.16,0.06
477,0.8716666666666667,0.57,0.0,0.24,0.16,0.03
478,0.87,0.53,0.0,0.25,0.17,0.05
479,0.8049999999999998,0.52,0.0,0.31,0.13,0.04
480,0.8416666666666669,0.51,0.0,0.24,0.21,0.04
481,0.8450000000000002,0.56,0.0,0.2,0.22,0.02
482,0.9116666666666666,0.63,0.0,0.05,0.28,0.04
483,0.8900000000000001,0.65,0.0,0.09,0.17,0.09
484,0.89,0.65,0.0,0.07,0.2,0.08
485,0.8933333333333335,0.59,0.0,0.12,0.23,0.06
486,0.8916666666666666,0.49,0.0,0.14,0.34,0.03
487,0.8583333333333334,0.5,0.0,0.1,0.32,0.08
488,0.8783333333333334,0.46,0.0,0.11,0.34,0.09
489,0.8000000000000002,0.45,0.0,0.08,0.37,0.1
490,0.8399999999999999,0.52,0.0,0.12,0.27,0.09
491,0.8683333333333336,0.46,0.0,0.21,0.27,0.06
492,0.856666666666667,0.44,0.0,0.23,0.27,0.06
493,0.8833333333333335,0.43,0.0,0.29,0.2,0.08
494,0.895,0.48,0.0,0.27,0.2,0.05
495,0.9049999999999998,0.52,0.0,0.27,0.15,0.06
496,0.9216666666666665,0.54,0.0,0.27,0.11,0.08
497,0.9248464141506506,0.56,0.0,0.25,0.1,0.09
498,0.9196928283013007,0.61,0.0,0.24,0.12,0.03
499,0.8350000000000003,0.63,0.0,0.23,0.13,0.01
500,0.8316666666666667,0.61,0.0,0.2,0.15,0.04
501,0.845,0.6,0.0,0.16,0.15,0.09
502,0.8421207437221028,0.65,0.0,0.1,0.2,0.05
503,0.895,0.7,0.0,0.09,0.2,0.01
504,0.875,0.67,0.0,0.04,0.27,0.02
505,0.8233333333333333,0.69,0.0,0.07,0.2,0.04
506,0.875,0.59,0.0,0.08,0.31,0.02
507,0.8766666666666667,0.52,0.0,0.1,0.36,0.02
508,0.8899999999999999,0.51,0.0,0.11,0.36,0.02
509,0.8016666666666667,0.49,0.0,0.1,0.39,0.02
510,0.8095771699439127,0.39,0.0,0.19,0.39,0.03
511,0.805,0.37,0.0,0.28,0.28,0.07
512,0.8229105032772454,0.35,0.0,0.32,0.22,0.11
513,0.8541543398878251,0.3,0.0,0.44,0.17,0.09
514,0.87,0.31,0.0,0.44,0.21,0.04
515,0.8812438366105791,0.31,0.0,0.52,0.12,0.05
516,0.8983333333333338,0.27,0.0,0.54,0.1,0.09
517,0.8916666666666668,0.24,0.0,0.57,0.07,0.12
518,0.906666666666667,0.31,0.0,0.56,0.04,0.09
519,0.6500000000000001,0.29,0.0,0.6,0.04,0.07
520,0.6149999999999999,0.34,0.0,0.51,0.06,0.09
521,0.66,0.38,0.0,0.44,0.06,0.12
522,0.685,0.44,0.0,0.38,0.11,0.07
523,0.7050000000000002,0.4,0.0,0.36,0.15,0.09
524,0.7316666666666667,0.39,0.0,0.28,0.26,0.07
525,0.7985405700409841,0.42,0.0,0.23,0.29,0.06
526,0.8294123645690585,0.39,0.0,0.16,0.39,0.06
527,0.860534678375558,0.41,0.0,0.13,0.41,0.05
528,0.8833333333333334,0.46,0.0,0.08,0.43,0.03
529,0.8166666666666668,0.4,0.0,0.09,0.46,0.05
530,0.7933333333333331,0.27,0.0,0.12,0.51,0.1
531,0.8033333333333332,0.28,0.0,0.21,0.45,0.06
532,0.8299999999999998,0.26,0.0,0.3,0.33,0.11
533,0.8550000000000003,0.26,0.0,0.35,0.29,0.1
534,0.871666666666667,0.31,0.0,0.41,0.18,0.1
535,0.8676078139620661,0.28,0.0,0.45,0.16,0.11
536,0.896666666666667,0.18,0.0,0.6,0.1,0.12
537,0.9000000000000005,0.15,0.0,0.66,0.11,0.08
538,0.93,0.13,0.0,0.75,0.06,0.06
539,0.6116666666666665,0.09,0.0,0.78,0.06,0.07
540,0.6485118211773578,0.12,0.0,0.7,0.11,0.07
541,0.7024238072315184,0.21,0.0,0.46,0.22,0.11
542,0.720429947221899,0.29,0.0,0.35,0.19,0.17
543,0.7663160387103196,0.29,0.0,0.29,0.25,0.17
544,0.8349738029553779,0.34,0.0,0.19,0.31,0.16
545,0.8166404696220444,0.45,0.0,0.16,0.27,0.12
546,0.8648334751057942,0.31,0.0,0.17,0.37,0.15
547,0.862890411599312,0.24,0.0,0.19,0.38,0.19
548,0.8693855938330153,0.25,0.0,0.12,0.38,0.25
549,0.7950000000000002,0.2,0.0,0.12,0.36,0.32
550,0.8000000000000002,0.17,0.0,0.15,0.34,0.34
551,0.8103624630772949,0.29,0.0,0.15,0.28,0.28
552,0.8300843469566561,0.26,0.0,0.21,0.19,0.34
553,0.8166834613351994,0.25,0.0,0.22,0.19,0.34
554,0.839730562118631,0.24,0.0,0.29,0.19,0.28
555,0.881762817125078,0.27,0.0,0.38,0.12,0.23
556,0.8669147163698571,0.35,0.0,0.34,0.07,0.24
557,0.8914847010044389,0.3,0.0,0.44,0.06,0.2
558,0.9141575352088199,0.3,0.0,0.51,0.07,0.12
559,0.65,0.25,0.0,0.56,0.07,0.12
560,0.7133333333333334,0.36,0.0,0.47,0.11,0.06
561,0.7783333333333333,0.41,0.0,0.37,0.16,0.06
562,0.8029356660067748,0.43,0.0,0.31,0.22,0.04
563,0.79,0.44,0.0,0.24,0.25,0.07
564,0.8666666666666667,0.38,0.0,0.18,0.42,0.02
565,0.8584502224754913,0.34,0.0,0.16,0.47,0.03
566,0.8867835558088245,0.32,0.0,0.12,0.52,0.04
567,0.9033333333333338,0.17,0.0,0.15,0.62,0.06
568,0.865,0.17,0.0,0.14,0.61,0.08
569,0.7500000000000001,0.13,0.0,0.05,0.72,0.1
570,0.7366666666666666,0.08,0.0,0.09,0.71,0.12
571,0.7516666666666663,0.1,0.0,0.13,0.67,0.1
572,0.7549999999999997,0.11,0.0,0.11,0.64,0.14
573,0.7594534526842024,0.15,0.0,0.11,0.57,0.17
574,0.7816666666666667,0.21,0.0,0.13,0.51,0.15
575,0.7966666666666667,0.25,0.0,0.15,0.43,0.17
576,0.8116666666666669,0.26,0.0,0.21,0.37,0.16
577,0.8383333333333333,0.26,0.0,0.3,0.32,0.12
578,0.8536730111020464,0.24,0.0,0.39,0.26,0.11
579,0.648333333333333,0.31,0.0,0.33,0.18,0.18
580,0.6783333333333332,0.19,0.0,0.32,0.26,0.23
581,0.71,0.17,0.0,0.25,0.41,0.17
582,0.8052222194329017,0.14,0.0,0.27,0.44,0.15
583,0.8366666666666667,0.2,0.0,0.23,0.49,0.08
584,0.8666666666666667,0.22,0.0,0.15,0.56,0.07
585,0.8933333333333333,0.2,0.0,0.06,0.64,0.1
586,0.8583333333333334,0.21,0.0,0.07,0.63,0.09
587,0.8550000000000001,0.21,0.0,0.06,0.61,0.12
588,0.8414883592801999,0.17,0.0,0.04,0.68,0.11
589,0.7616666666666664,0.16,0.0,0.05,0.66,0.13
590,0.7604312202220775,0.13,0.0,0.13,0.66,0.08
591,0.7543952068178349,0.16,0.0,0.11,0.68,0.05
592,0.772554967191082,0.19,0.0,0.11,0.6,0.1
593,0.7831597603732466,0.24,0.0,0.13,0.49,0.14
594,0.8079861874131599,0.31,0.0,0.14,0.41,0.14
595,0.833417407635237,0.32,0.0,0.14,0.39,0.15
596,0.8413453808267535,0.34,0.0,0.13,0.41,0.12
597,0.8619501740089178,0.49,0.0,0.07,0.32,0.12
598,0.8968024611290911,0.6,0.0,0.08,0.2,0.12
599,0.8266666666666664,0.6,0.0,0.09,0.21,0.1
600,0.8399999999999999,0.6,0.0,0.05,0.22,0.13
601,0.8399999999999999,0.61,0.0,0.07,0.22,0.1
602,0.8983333333333334,0.61,0.0,0.02,0.31,0.06
603,0.8566666666666666,0.57,0.0,0.05,0.35,0.03
604,0.8816666666666668,0.47,0.0,0.04,0.45,0.04
605,0.8633333333333332,0.39,0.0,0.05,0.52,0.04
606,0.8616666666666666,0.38,0.0,0.07,0.51,0.04
607,0.8733333333333333,0.49,0.0,0.07,0.38,0.06
608,0.8283333333333331,0.46,0.0,0.06,0.4,0.08
609,0.8283333333333333,0.47,0.0,0.04,0.36,0.13
610,0.8366666666666667,0.45,0.0,0.09,0.36,0.1
611,0.8516666666666665,0.5,0.0,0.12,0.24,0.14
612,0.8966666666666667,0.54,0.0,0.22,0.14,0.1
613,0.9281581398514607,0.54,0.0,0.28,0.12,0.06
614,0.9306639596948252,0.51,0.0,0.32,0.08,0.09
615,0.9166783063533959,0.49,0.0,0.35,0.09,0.07
616,0.9425058198433645,0.49,0.0,0.37,0.09,0.05
617,0.9598248065181272,0.5,0.0,0.42,0.04,0.04
618,0.9455237667124237,0.39,0.0,0.51,0.03,0.07
619,0.645,0.3,0.0,0.59,0.08,0.03
620,0.7016666666666664,0.43,0.0,0.45,0.09,0.03
621,0.7916666666666667,0.53,0.0,0.31,0.12,0.04
622,0.805,0.45,0.0,0.28,0.18,0.09
623,0.7900000000000001,0.45,0.0,0.21,0.24,0.1
624,0.8650000000000001,0.51,0.0,0.15,0.28,0.06
625,0.8800000000000001,0.46,0.0,0.08,0.4,0.06
626,0.9216666666666664,0.46,0.0,0.04,0.47,0.03
627,0.8816666666666668,0.43,0.0,0.04,0.49,0.04
628,0.8983333333333333,0.35,0.0,0.09,0.48,0.08
629,0.7983333333333337,0.26,0.0,0.06,0.6,0.08
630,0.8330005686984348,0.29,0.0,0.08,0.49,0.14
631,0.8263106603174738,0.29,0.0,0.1,0.53,0.08
632,0.839818583753804,0.28,0.0,0.15,0.45,0.12
633,0.8508506550452278,0.24,0.0,0.24,0.37,0.15
634,0.8829680453404023,0.29,0.0,0.29,0.26,0.16
635,0.8869381101704676,0.31,0.0,0.24,0.24,0.21
636,0.894887952648008,0.3,0.0,0.3,0.25,0.15
637,0.9074228887669369,0.34,0.0,0.31,0.25,0.1
638,0.9173962641414586,0.37,0.0,0.33,0.18,0.12
639,0.6983333333333331,0.42,0.0,0.34,0.1,0.14
640,0.7655550710074853,0.49,0.0,0.28,0.14,0.09
641,0.7549999999999997,0.55,0.0,0.19,0.18,0.08
642,0.7583333333333334,0.48,0.0,0.19,0.24,0.09
643,0.8066666666666665,0.42,0.0,0.19,0.32,0.07
644,0.8066666666666665,0.29,0.0,0.15,0.45,0.11
645,0.8300000000000003,0.29,0.0,0.11,0.46,0.14
646,0.8466666666666666,0.25,0.0,0.1,0.54,0.11
647,0.8333333333333333,0.21,0.0,0.11,0.6,0.08
648,0.8533333333333333,0.3,0.0,0.11,0.51,0.08
649,0.8066666666666663,0.32,0.0,0.07,0.56,0.05
650,0.8333333333333335,0.4,0.0,0.05,0.51,0.04
651,0.8150000000000003,0.36,0.0,0.08,0.49,0.07
652,0.8216666666666669,0.36,0.0,0.05,0.47,0.12
653,0.8283333333333336,0.43,0.0,0.05,0.44,0.08
654,0.8683333333333334,0.51,0.0,0.06,0.34,0.09
655,0.8616666666666665,0.47,0.0,0.1,0.28,0.15
656,0.88,0.43,0.0,0.16,0.27,0.14
657,0.841666666666667,0.33,0.0,0.21,0.24,0.22
658,0.8766666666666665,0.33,0.0,0.26,0.15,0.26
659,0.7283333333333332,0.35,0.0,0.3,0.15,0.2
660,0.7666666666666668,0.38,0.0,0.29,0.19,0.14
661,0.7933333333333333,0.39,0.0,0.25,0.24,0.12
662,0.8166666666666668,0.37,0.0,0.23,0.33,0.07
663,0.8166666666666668,0.35,0.0,0.25,0.34,0.06
664,0.7801429423223223,0.36,0.0,0.24,0.35,0.05
665,0.8516666666666667,0.48,0.0,0.14,0.3,0.08
666,0.8733333333333332,0.37,0.0,0.1,0.46,0.07
667,0.8483333333333333,0.31,0.0,0.11,0.49,0.09
668,0.825,0.33,0.0,0.14,0.41,0.12
669,0.865,0.38,0.0,0.11,0.43,0.08
670,0.8608997400896697,0.37,0.0,0.13,0.42,0.08
671,0.878675852801008,0.39,0.0,0.13,0.4,0.08
672,0.8920091861343414,0.47,0.0,0.14,0.34,0.05
673,0.9049999999999997,0.49,0.0,0.19,0.26,0.06
674,0.908333333333333,0.42,0.0,0.24,0.27,0.07
675,0.9292330734230031,0.51,0.0,0.26,0.16,0.07
676,0.9280367445373645,0.47,0.0,0.34,0.09,0.1
677,0.9413700778706978,0.45,0.0,0.4,0.08,0.07
678,0.9460275584030235,0.34,0.0,0.5,0.11,0.05
679,0.6899999999999998,0.27,0.0,0.54,0.11,0.08
680,0.7333333333333332,0.35,0.0,0.46,0.15,0.04
681,0.77554538180016,0.38,0.0,0.32,0.25,0.05
682,0.8133333333333335,0.39,0.0,0.2,0.33,0.08
683,0.8387810149820559,0.34,0.0,0.17,0.43,0.06
684,0.8423381891397503,0.33,0.0,0.17,0.41,0.09
685,0.8447826284246939,0.26,0.0,0.2,0.5,0.04
686,0.8371208175644445,0.24,0.0,0.15,0.56,0.05
687,0.8721143483153891,0.21,0.0,0.07,0.67,0.05
688,0.8713271974742297,0.17,0.0,0.04,0.67,0.12
689,0.8050000000000002,0.12,0.0,0.01,0.76,0.11
690,0.7927454256396791,0.12,0.0,0.0,0.75,0.13
691,0.7944120923063458,0.12,0.0,0.01,0.74,0.13
692,0.8133333333333335,0.12,0.0,0.03,0.7,0.15
693,0.7916666666666664,0.14,0.0,0.04,0.66,0.16
694,0.8016666666666663,0.17,0.0,0.02,0.64,0.17
695,0.7986829479303772,0.19,0.0,0.04,0.53,0.24
696,0.8274266921297013,0.2,0.0,0.07,0.47,0.26
697,0.8316666666666667,0.21,0.0,0.11,0.43,0.25
698,0.8550000000000001,0.32,0.0,0.15,0.31,0.22
699,0.7283333333333334,0.23,0.0,0.23,0.26,0.28
700,0.7783333333333333,0.26,0.0,0.21,0.29,0.24
701,0.815,0.25,0.0,0.18,0.38,0.19
702,0.825,0.29,0.0,0.08,0.44,0.19
703,0.8233333333333333,0.34,0.0,0.07,0.44,0.15
704,0.7916666666666665,0.29,0.0,0.06,0.42,0.23
705,0.8675236923254078,0.28,0.0,0.0,0.54,0.18
706,0.842523692325408,0.34,0.0,0.01,0.51,0.14
707,0.8841887168985901,0.37,0.0,0.01,0.5,0.12
708,0.8633333333333332,0.36,0.0,0.04,0.52,0.08
709,0.8116666666666669,0.38,0.0,0.02,0.53,0.07
710,0.8500000000000001,0.42,0.0,0.07,0.38,0.13
711,0.855,0.47,0.0,0.09,0.32,0.12
712,0.8554509870203346,0.49,0.0,0.07,0.29,0.15
713,0.9042353073740023,0.54,0.0,0.12,0.23,0.11
714,0.8992353073740023,0.48,0.0,0.19,0.22,0.11
715,0.8866666666666668,0.47,0.0,0.22,0.17,0.14
716,0.8871176536870011,0.47,0.0,0.27,0.13,0.13
717,0.896723724448648,0.54,0.0,0.3,0.06,0.1
718,0.9100682658351011,0.45,0.0,0.33,0.05,0.17
719,0.7233333333333334,0.45,0.0,0.39,0.04,0.12
720,0.7749999999999999,0.54,0.0,0.22,0.1,0.14
721,0.8187843447186303,0.6,0.0,0.14,0.15,0.11
722,0.8400000000000002,0.58,0.0,0.09,0.23,0.1
723,0.88,0.62,0.0,0.03,0.3,0.05
724,0.9016666666666667,0.61,0.0,0.04,0.32,0.03
725,0.91,0.58,0.0,0.04,0.35,0.03
726,0.93,0.6,0.0,0.01,0.39,0.0
727,0.9033333333333334,0.57,0.0,0.01,0.4,0.02
728,0.9416666666666669,0.63,0.0,0.03,0.32,0.02
729,0.8050000000000003,0.58,0.0,0.03,0.36,0.03
730,0.7916666666666665,0.61,0.0,0.03,0.34,0.02
731,0.8183333333333336,0.63,0.0,0.04,0.29,0.04
732,0.8216666666666668,0.66,0.0,0.06,0.2,0.08
733,0.8333333333333336,0.61,0.0,0.07,0.21,0.11
734,0.845,0.49,0.0,0.19,0.28,0.04
735,0.8324335816457302,0.4,0.0,0.25,0.28,0.07
736,0.8624335816457304,0.45,0.0,0.32,0.17,0.06
737,0.8857669149790638,0.46,0.0,0.31,0.16,0.07
738,0.9100000000000003,0.38,0.0,0.43,0.13,0.06
739,0.7100000000000002,0.37,0.0,0.51,0.06,0.06
740,0.7733333333333333,0.45,0.0,0.39,0.11,0.05
741,0.7838510986053663,0.5,0.0,0.36,0.11,0.03
742,0.8275984852093806,0.54,0.0,0.27,0.14,0.05
743,0.811297374007681,0.53,0.0,0.32,0.12,0.03
744,0.8385504461807929,0.58,0.0,0.27,0.12,0.03
745,0.8391253911368146,0.58,0.0,0.21,0.15,0.06
746,0.8282507822736297,0.58,0.0,0.16,0.19,0.07
747,0.8422936223507403,0.5,0.0,0.15,0.27,0.08
748,0.8437458076649322,0.44,0.0,0.19,0.29,0.08
749,0.826666666666667,0.44,0.0,0.16,0.35,0.05
750,0.86,0.5,0.0,0.17,0.26,0.07
751,0.8716666666666667,0.43,0.0,0.21,0.31,0.05
752,0.8550513201386808,0.46,0.0,0.17,0.31,0.06
753,0.8700513201386803,0.43,0.0,0.2,0.31,0.06
754,0.8549999999999999,0.31,0.0,0.29,0.33,0.07
755,0.8666666666666668,0.4,0.0,0.26,0.27,0.07
756,0.8466666666666667,0.34,0.0,0.27,0.32,0.07
757,0.8668734649889648,0.33,0.0,0.27,0.34,0.06
758,0.8483333333333334,0.3,0.0,0.28,0.32,0.1
759,0.7199999999999998,0.39,0.0,0.28,0.18,0.15
760,0.775136951382979,0.47,0.0,0.24,0.2,0.09
761,0.8084702847163123,0.46,0.0,0.22,0.27,0.05
762,0.8234702847163123,0.36,0.0,0.19,0.35,0.1
763,0.8368036180496456,0.31,0.0,0.16,0.44,0.09
764,0.8252739027659578,0.36,0.0,0.12,0.4,0.12
765,0.8450000000000002,0.39,0.0,0.13,0.4,0.08
766,0.8569405694326246,0.41,0.0,0.13,0.38,0.08
767,0.8546371843664327,0.32,0.0,0.15,0.5,0.03
768,0.8587441874822701,0.3,0.0,0.14,0.53,0.03
769,0.8299999999999998,0.32,0.0,0.05,0.56,0.07
770,0.82,0.34,0.0,0.04,0.49,0.13
771,0.8433333333333333,0.41,0.0,0.04,0.44,0.11
772,0.8650000000000001,0.51,0.0,0.01,0.37,0.11
773,0.8672584692450603,0.48,0.0,0.06,0.36,0.1
774,0.8622676323799213,0.5,0.0,0.06,0.34,0.1
775,0.8683333333333337,0.55,0.0,0.13,0.24,0.08
776,0.8821053197911618,0.48,0.0,0.19,0.21,0.12
777,0.8633333333333334,0.5,0.0,0.2,0.24,0.06
778,0.863063069473001,0.58,0.0,0.17,0.19,0.06
779,0.815,0.54,0.0,0.25,0.16,0.05
780,0.8233333333333333,0.57,0.0,0.21,0.17,0.05
781,0.8583333333333336,0.53,0.0,0.14,0.28,0.05
782,0.8533333333333332,0.53,0.0,0.12,0.26,0.09
783,0.8894686625644627,0.62,0.0,0.04,0.31,0.03
784,0.9122706584622585,0.6,0.0,0.06,0.33,0.01
785,0.9184059876933881,0.5,0.0,0.04,0.45,0.01
786,0.9097339821720916,0.49,0.0,0.03,0.44,0.04
787,0.8906039917955921,0.46,0.0,0.08,0.41,0.05
788,0.8978746502578506,0.48,0.0,0.08,0.41,0.03
789,0.8266666666666667,0.46,0.0,0.05,0.44,0.05
790,0.8449999999999999,0.52,0.0,0.06,0.36,0.06
791,0.8666666666666663,0.58,0.0,0.12,0.23,0.07
792,0.895,0.5,0.0,0.24,0.2,0.06
793,0.8950000000000001,0.44,0.0,0.27,0.2,0.09
794,0.9050000000000001,0.48,0.0,0.32,0.11,0.09
795,0.9166666666666669,0.42,0.0,0.4,0.14,0.04
796,0.9233333333333335,0.39,0.0,0.44,0.11,0.06
797,0.9091402827056619,0.35,0.0,0.43,0.14,0.08
798,0.9258069493723284,0.32,0.0,0.49,0.1,0.09
799,0.6333333333333332,0.32,0.0,0.48,0.12,0.08
800,0.6983333333333331,0.3,0.0,0.44,0.2,0.06
801,0.7584029163755927,0.3,0.0,0.32,0.29,0.09
802,0.7737000016423853,0.32,0.0,0.3,0.32,0.06
803,0.8153006815391648,0.33,0.0,0.19,0.42,0.06
804,0.8333333333333335,0.28,0.0,0.12,0.5,0.1
805,0.84725931637739,0.34,0.0,0.06,0.5,0.1
806,0.856536584054399,0.27,0.0,0.02,0.56,0.15
807,0.8918500655612276,0.29,0.0,0.02,0.55,0.14
808,0.9040355355153943,0.28,0.0,0.04,0.6,0.08
809,0.7700000000000002,0.3,0.0,0.02,0.55,0.13
810,0.7766666666666667,0.33,0.0,0.04,0.45,0.18
811,0.7733333333333334,0.39,0.0,0.08,0.36,0.17
812,0.7647461296691499,0.39,0.0,0.12,0.36,0.13
813,0.81,0.49,0.0,0.1,0.31,0.1
814,0.8366666666666669,0.53,0.0,0.09,0.29,0.09
815,0.8516666666666667,0.66,0.0,0.09,0.21,0.04
816,0.8583333333333333,0.66,0.0,0.08,0.21,0.05
817,0.8733333333333333,0.66,0.0,0.14,0.17,0.03
818,0.8933333333333334,0.69,0.0,0.15,0.14,0.02
819,0.758333333333333,0.71,0.0,0.19,0.1,0.0
820,0.7816666666666667,0.62,0.0,0.25,0.12,0.01
821,0.795,0.62,0.0,0.2,0.16,0.02
822,0.8333333333333333,0.61,0.0,0.21,0.16,0.02
823,0.8733333333333332,0.76,0.0,0.09,0.12,0.03
824,0.8299999999999997,0.73,0.0,0.16,0.08,0.03
825,0.8699361632631825,0.73,0.0,0.12,0.13,0.02
826,0.8682694965965158,0.73,0.0,0.15,0.1,0.02
827,0.8503921295465833,0.72,0.0,0.13,0.09,0.06
828,0.8257842590931666,0.68,0.0,0.16,0.09,0.07
829,0.8933333333333334,0.71,0.0,0.12,0.08,0.09
830,0.9081051269111486,0.66,0.0,0.21,0.03,0.1
831,0.934584236776101,0.64,0.0,0.23,0.01,0.12
832,0.9443560303539164,0.63,0.0,0.28,0.02,0.07
833,0.9508351402188688,0.59,0.0,0.3,0.05,0.06
834,0.934584236776101,0.58,0.0,0.31,0.04,0.07
835,0.9385538224649891,0.45,0.0,0.42,0.07,0.06
836,0.9254486955538402,0.47,0.0,0.37,0.09,0.07
837,0.9242307244410141,0.58,0.0,0.26,0.05,0.11
838,0.9171153622205073,0.6,0.0,0.23,0.08,0.09
839,0.7816666666666667,0.57,0.0,0.25,0.12,0.06
840,0.8283333333333335,0.57,0.0,0.19,0.14,0.1
841,0.8533333333333334,0.62,0.0,0.16,0.17,0.05
842,0.875,0.66,0.0,0.12,0.14,0.08
843,0.88,0.7,0.0,0.07,0.16,0.07
844,0.8666666666666668,0.71,0.0,0.03,0.2,0.06
845,0.8916666666666667,0.62,0.0,0.07,0.27,0.04
846,0.9033333333333333,0.47,0.0,0.12,0.39,0.02
847,0.8840247345408541,0.48,0.0,0.09,0.37,0.06
848,0.9484607262631606,0.5,0.0,0.04,0.43,0.03
849,0.8233333333333335,0.42,0.0,0.09,0.43,0.06
850,0.8733333333333333,0.45,0.0,0.17,0.31,0.07
851,0.836666666666667,0.39,0.0,0.19,0.33,0.09
852,0.8480785257029372,0.41,0.0,0.21,0.29,0.09
853,0.8461570514058735,0.44,0.0,0.19,0.3,0.07
854,0.8650000000000001,0.42,0.0,0.23,0.26,0.09
855,0.8783333333333337,0.34,0.0,0.28,0.26,0.12
856,0.8566666666666667,0.38,0.0,0.22,0.23,0.17
857,0.8933333333333333,0.5,0.0,0.23,0.17,0.1
858,0.8933333333333331,0.43,0.0,0.27,0.15,0.15
859,0.7516666666666666,0.47,0.0,0.31,0.1,0.12
860,0.7666666666666666,0.51,0.0,0.26,0.11,0.12
861,0.83693464422633,0.65,0.0,0.17,0.11,0.07
862,0.8583333333333333,0.72,0.0,0.13,0.13,0.02
863,0.8611316521080759,0.7,0.0,0.12,0.15,0.03
864,0.8338692884526604,0.69,0.0,0.15,0.11,0.05
865,0.7966666666666667,0.67,0.0,0.14,0.11,0.08
866,0.8149999999999998,0.68,0.0,0.12,0.14,0.06
867,0.8637761202219663,0.69,0.0,0.11,0.14,0.06
868,0.8374502327638994,0.65,0.0,0.12,0.16,0.07
869,0.9216666666666667,0.73,0.0,0.09,0.16,0.02
870,0.8912000313645742,0.66,0.0,0.09,0.23,0.02
871,0.8912000313645743,0.66,0.0,0.07,0.22,0.05
872,0.9000000000000002,0.69,0.0,0.11,0.15,0.05
873,0.9033333333333334,0.67,0.0,0.15,0.15,0.03
874,0.901751390330871,0.62,0.0,0.24,0.12,0.02
875,0.9012000313645739,0.66,0.0,0.21,0.12,0.01
876,0.9320086028065162,0.59,0.0,0.3,0.11,0.0
877,0.9204228964844517,0.56,0.0,0.31,0.11,0.02
878,0.9241381414556737,0.59,0.0,0.32,0.06,0.03
879,0.7866666666666668,0.6,0.0,0.31,0.07,0.02
880,0.8016666666666667,0.59,0.0,0.28,0.13,0.0
881,0.8366666666666667,0.61,0.0,0.25,0.14,0.0
882,0.8166666666666668,0.58,0.0,0.25,0.15,0.02
883,0.8416666666666667,0.64,0.0,0.22,0.11,0.03
884,0.88,0.65,0.0,0.14,0.19,0.02
885,0.9044858507371615,0.64,0.0,0.13,0.22,0.01
886,0.88,0.7,0.0,0.1,0.17,0.03
887,0.8950000000000001,0.66,0.0,0.07,0.21,0.06
888,0.8899999999999999,0.61,0.0,0.05,0.27,0.07
889,0.9083333333333334,0.73,0.0,0.05,0.17,0.05
890,0.8866666666666666,0.67,0.0,0.09,0.13,0.11
891,0.91,0.68,0.0,0.13,0.09,0.1
892,0.9133333333333334,0.65,0.0,0.19,0.07,0.09
893,0.9199999999999998,0.56,0.0,0.24,0.06,0.14
894,0.8999999999999999,0.57,0.0,0.26,0.04,0.13
895,0.8833333333333333,0.51,0.0,0.36,0.05,0.08
896,0.9216666666666667,0.55,0.0,0.34,0.05,0.06
897,0.9000000000000001,0.53,0.0,0.38,0.05,0.04
898,0.9016666666666667,0.51,0.0,0.37,0.06,0.06
899,0.73,0.49,0.0,0.41,0.03,0.07
900,0.774287894494154,0.55,0.0,0.38,0.05,0.02
901,0.8149999999999998,0.59,0.0,0.29,0.09,0.03
902,0.8627146693423806,0.62,0.0,0.2,0.16,0.02
903,0.8366666666666664,0.57,0.0,0.2,0.17,0.06
904,0.8423419660085392,0.55,0.0,0.18,0.22,0.05
905,0.87,0.43,0.0,0.19,0.33,0.05
906,0.8566666666666667,0.42,0.0,0.16,0.37,0.05
907,0.8966666666666667,0.31,0.0,0.15,0.53,0.01
908,0.8931708380037591,0.33,0.0,0.11,0.5,0.06
909,0.7883333333333334,0.35,0.0,0.06,0.46,0.13
910,0.793890027955633,0.3,0.0,0.11,0.42,0.17
911,0.8083333333333332,0.4,0.0,0.13,0.34,0.13
912,0.8533333333333337,0.5,0.0,0.19,0.2,0.11
913,0.8449999999999999,0.53,0.0,0.23,0.14,0.1
914,0.8666666666666667,0.51,0.0,0.25,0.17,0.07
915,0.8666666666666667,0.5,0.0,0.26,0.15,0.09
916,0.8933333333333331,0.48,0.0,0.34,0.07,0.11
917,0.8916666666666673,0.45,0.0,0.36,0.12,0.07
918,0.8983333333333334,0.43,0.0,0.45,0.08,0.04
919,0.6616666666666666,0.37,0.0,0.53,0.06,0.04
920,0.6916666666666668,0.41,0.0,0.43,0.11,0.05
921,0.7233333333333334,0.45,0.0,0.33,0.15,0.07
922,0.77,0.42,0.0,0.23,0.24,0.11
923,0.768347009595222,0.32,0.0,0.22,0.37,0.09
924,0.8166803429285554,0.3,0.0,0.13,0.49,0.08
925,0.8025068381309444,0.32,0.0,0.14,0.48,0.06
926,0.8591871810595001,0.21,0.0,0.12,0.58,0.09
927,0.8700136762618889,0.19,0.0,0.12,0.6,0.09
928,0.908360685857111,0.21,0.0,0.06,0.67,0.06
929,0.7266666666666665,0.21,0.0,0.06,0.66,0.07
930,0.7500000000000001,0.33,0.0,0.07,0.53,0.07
931,0.741666666666667,0.28,0.0,0.07,0.5,0.15
932,0.7633333333333332,0.22,0.0,0.14,0.48,0.16
933,0.7733333333333338,0.27,0.0,0.18,0.35,0.2
934,0.808333333333333,0.31,0.0,0.17,0.27,0.25
935,0.8138563909483804,0.32,0.0,0.22,0.19,0.27
936,0.8199999999999997,0.33,0.0,0.23,0.22,0.22
937,0.8403245183269648,0.38,0.0,0.22,0.2,0.2
938,0.8333333333333333,0.31,0.0,0.35,0.15,0.19
939,0.7199999999999999,0.39,0.0,0.31,0.06,0.24
940,0.7416666666666667,0.43,0.0,0.19,0.12,0.26
941,0.8,0.6,0.0,0.12,0.11,0.17
942,0.8166666666666668,0.61,0.0,0.2,0.07,0.12
943,0.8800000000000003,0.57,0.0,0.15,0.21,0.07
944,0.865,0.45,0.0,0.13,0.35,0.07
945,0.9016666666666667,0.48,0.0,0.1,0.4,0.02
946,0.89,0.46,0.0,0.09,0.42,0.03
947,0.895,0.44,0.0,0.11,0.42,0.03
948,0.9,0.51,0.0,0.07,0.41,0.01
949,0.8116666666666664,0.49,0.0,0.04,0.44,0.03
950,0.8138059954060733,0.47,0.0,0.07,0.41,0.05
951,0.8059453241454803,0.45,0.0,0.1,0.4,0.05
952,0.8226119908121471,0.56,0.0,0.1,0.28,0.06
953,0.8418367734674042,0.48,0.0,0.16,0.28,0.08
954,0.8465794940888273,0.46,0.0,0.26,0.21,0.07
955,0.8621393287394069,0.54,0.0,0.26,0.17,0.03
956,0.886666666666667,0.55,0.0,0.25,0.16,0.04
957,0.8715446139713382,0.57,0.0,0.26,0.13,0.04
958,0.8798779473046718,0.64,0.0,0.21,0.13,0.02
959,0.8,0.59,0.0,0.22,0.14,0.05
960,0.8633333333333333,0.73,0.0,0.13,0.11,0.03
961,0.8550000000000001,0.66,0.0,0.11,0.18,0.05
962,0.8500000000000001,0.61,0.0,0.15,0.23,0.01
963,0.8716666666666666,0.65,0.0,0.1,0.24,0.01
964,0.8966666666666667,0.6,0.0,0.08,0.3,0.02
965,0.8833333333333333,0.58,0.0,0.08,0.32,0.02
966,0.8863166444303375,0.58,0.0,0.07,0.31,0.04
967,0.8827319690371965,0.62,0.0,0.08,0.24,0.06
968,0.9177319690371961,0.57,0.0,0.05,0.29,0.09
969,0.8133333333333332,0.51,0.0,0.08,0.32,0.09
970,0.8516666666666667,0.56,0.0,0.06,0.26,0.12
971,0.8378279853653855,0.58,0.0,0.05,0.26,0.11
972,0.8583333333333334,0.57,0.0,0.11,0.21,0.11
973,0.871575883390287,0.66,0.0,0.13,0.15,0.06
974,0.9082425500569538,0.71,0.0,0.16,0.09,0.04
975,0.917659959855147,0.71,0.0,0.16,0.07,0.06
976,0.900486439344288,0.71,0.0,0.14,0.05,0.1
977,0.9265758833902867,0.64,0.0,0.18,0.09,0.09
978,0.9091297105612892,0.54,0.0,0.25,0.09,0.12
979,0.6866666666666668,0.42,0.0,0.33,0.11,0.14
980,0.7116666666666667,0.44,0.0,0.33,0.14,0.09
981,0.76,0.41,0.0,0.32,0.21,0.06
982,0.81,0.44,0.0,0.22,0.24,0.1
983,0.8532884121074805,0.51,0.0,0.11,0.27,0.11
984,0.8799101575482945,0.59,0.0,0.1,0.28,0.03
985,0.8849101575482944,0.53,0.0,0.11,0.32,0.04
986,0.8930638059782168,0.49,0.0,0.12,0.33,0.06
987,0.8696855514190304,0.44,0.0,0.18,0.34,0.04
988,0.9145957089673247,0.35,0.0,0.2,0.39,0.06
989,0.8000000000000002,0.29,0.0,0.19,0.47,0.05
990,0.8250000000000002,0.3,0.0,0.28,0.31,0.11
991,0.8400000000000004,0.31,0.0,0.25,0.33,0.11
992,0.8170108927990027,0.24,0.0,0.32,0.36,0.08
993,0.8453442261323358,0.25,0.0,0.31,0.36,0.08
994,0.8400000000000002,0.29,0.0,0.3,0.29,0.12
995,0.8756738366431505,0.34,0.0,0.36,0.2,0.1
996,0.8667184688382764,0.26,0.0,0.41,0.21,0.12
997,0.8661371196663642,0.28,0.0,0.41,0.22,0.09
998,0.8800000000000001,0.23,0.0,0.5,0.17,0.1
999,0.6766666666666667,0.21,0.0,0.59,0.13,0.07
1000,0.7683333333333331,0.34,0.0,0.42,0.16,0.08
1001,0.8033333333333332,0.38,0.0,0.35,0.23,0.04
1002,0.8033333333333332,0.47,0.0,0.21,0.24,0.08
1003,0.8675135622735002,0.5,0.0,0.19,0.28,0.03
1004,0.8633333333333332,0.49,0.0,0.18,0.3,0.03
1005,0.8943307080437561,0.54,0.0,0.05,0.38,0.03
1006,0.922041496260022,0.44,0.0,0.04,0.49,0.03
1007,0.8909973747104226,0.44,0.0,0.05,0.45,0.06
1008,0.9024356600814696,0.44,0.0,0.05,0.46,0.05
1009,0.8133333333333337,0.44,0.0,0.04,0.48,0.04
1010,0.806120399801619,0.48,0.0,0.05,0.33,0.14
1011,0.8033333333333336,0.49,0.0,0.06,0.35,0.1
1012,0.85,0.54,0.0,0.13,0.28,0.05
1013,0.8766666666666668,0.58,0.0,0.16,0.17,0.09
1014,0.8909611691908534,0.49,0.0,0.28,0.18,0.05
1015,0.8888139179287602,0.5,0.0,0.35,0.1,0.05
1016,0.8714140226308669,0.38,0.0,0.41,0.13,0.08
1017,0.9109611691908536,0.4,0.0,0.47,0.04,0.09
1018,0.8956888906967149,0.38,0.0,0.42,0.06,0.14
1019,0.6916666666666668,0.35,0.0,0.5,0.03,0.12
1020,0.7613322237936336,0.45,0.0,0.39,0.05,0.11
1021,0.7396655571269669,0.49,0.0,0.34,0.04,0.13
1022,0.7866666666666667,0.62,0.0,0.27,0.05,0.06
1023,0.8483333333333333,0.65,0.0,0.22,0.08,0.05
1024,0.8383333333333333,0.67,0.0,0.17,0.13,0.03
1025,0.8770817950054447,0.62,0.0,0.13,0.2,0.05
1026,0.875,0.52,0.0,0.14,0.26,0.08
1027,0.9000000000000001,0.51,0.0,0.15,0.28,0.06
1028,0.8700000000000001,0.47,0.0,0.13,0.33,0.07
1029,0.8516666666666667,0.47,0.0,0.11,0.36,0.06
1030,0.8631115757624508,0.43,0.0,0.2,0.3,0.07
1031,0.8897782424291175,0.56,0.0,0.22,0.2,0.02
1032,0.8772991947647225,0.47,0.0,0.28,0.2,0.05
1033,0.8963549826459472,0.43,0.0,0.29,0.24,0.04
1034,0.8828898181915683,0.46,0.0,0.23,0.24,0.07
1035,0.8765767402168307,0.39,0.0,0.32,0.24,0.05
1036,0.8773891212145588,0.4,0.0,0.3,0.25,0.05
1037,0.8823891212145586,0.39,0.0,0.35,0.17,0.09
1038,0.8808542856689382,0.43,0.0,0.36,0.12,0.09
1039,0.7549999999999999,0.45,0.0,0.37,0.14,0.04
1040,0.8083333333333331,0.55,0.0,0.3,0.14,0.01
1041,0.8249999999999998,0.62,0.0,0.22,0.13,0.03
1042,0.8233333333333336,0.6,0.0,0.21,0.14,0.05
1043,0.8366666666666664,0.54,0.0,0.16,0.2,0.1
1044,0.8433333333333334,0.48,0.0,0.12,0.28,0.12
1045,0.8533333333333333,0.52,0.0,0.12,0.26,0.1
1046,0.8649999999999999,0.54,0.0,0.09,0.29,0.08
1047,0.8616666666666666,0.47,0.0,0.08,0.36,0.09
1048,0.9262748803780484,0.53,0.0,0.03,0.36,0.08
1049,0.8083333333333336,0.52,0.0,0.04,0.37,0.07
1050,0.8156743313821678,0.53,0.0,0.03,0.33,0.11
1051,0.8283333333333337,0.57,0.0,0.06,0.26,0.11
1052,0.8696408338541086,0.55,0.0,0.13,0.21,0.11
1053,0.8800000000000001,0.54,0.0,0.24,0.18,0.04
1054,0.9140403463955977,0.56,0.0,0.24,0.15,0.05
1055,0.9180806927911956,0.59,0.0,0.28,0.07,0.06
1056,0.9107070130622646,0.56,0.0,0.29,0.07,0.08
1057,0.8914140261245295,0.53,0.0,0.3,0.06,0.11
1058,0.9171210391867938,0.45,0.0,0.4,0.08,0.07
1059,0.7533333333333333,0.46,0.0,0.42,0.07,0.05
1060,0.7765479296353156,0.47,0.0,0.37,0.08,0.08
1061,0.8243286385449669,0.59,0.0,0.25,0.07,0.09
1062,0.8175432348469492,0.65,0.0,0.18,0.11,0.06
1063,0.8499645183244023,0.69,0.0,0.13,0.1,0.08
1064,0.8614317770065775,0.68,0.0,0.14,0.14,0.04
1065,0.8669897161538449,0.66,0.0,0.13,0.18,0.03
1066,0.8800855754244763,0.61,0.0,0.18,0.19,0.02
1067,0.8653089649255946,0.64,0.0,0.18,0.16,0.02
1068,0.8964948390129108,0.67,0.0,0.19,0.13,0.01
1069,0.8566666666666667,0.69,0.0,0.17,0.14,0.0
1070,0.88,0.66,0.0,0.18,0.15,0.01
1071,0.8780520608947547,0.68,0.0,0.12,0.17,0.03
1072,0.8483333333333334,0.56,0.0,0.19,0.19,0.06
1073,0.8950842917667441,0.56,0.0,0.25,0.14,0.05
1074,0.8766666666666668,0.55,0.0,0.26,0.07,0.12
1075,0.8383333333333332,0.49,0.0,0.24,0.11,0.16
1076,0.8766666666666668,0.45,0.0,0.29,0.11,0.15
1077,0.8661041217895097,0.38,0.0,0.34,0.15,0.13
1078,0.8644374551228428,0.44,0.0,0.32,0.15,0.09
1079,0.7366666666666667,0.43,0.0,0.3,0.14,0.13
1080,0.7984856183906847,0.4,0.0,0.29,0.2,0.11
1081,0.8216666666666665,0.54,0.0,0.21,0.18,0.07
1082,0.8078944850518224,0.55,0.0,0.18,0.21,0.06
1083,0.8686834551554671,0.62,0.0,0.19,0.18,0.01
1084,0.822629136696325,0.59,0.0,0.2,0.17,0.04
1085,0.8141919745509268,0.55,0.0,0.21,0.2,0.04
1086,0.8547004939463863,0.66,0.0,0.14,0.18,0.02
1087,0.8849809446545716,0.7,0.0,0.12,0.17,0.01
1088,0.9108586412175934,0.73,0.0,0.09,0.14,0.04
1089,0.8716666666666667,0.74,0.0,0.14,0.11,0.01
1090,0.87,0.7,0.0,0.17,0.11,0.02
1091,0.8616666666666667,0.71,0.0,0.14,0.1,0.05
1092,0.8733333333333332,0.69,0.0,0.15,0.09,0.07
1093,0.8816666666666668,0.58,0.0,0.27,0.07,0.08
1094,0.8800000000000001,0.55,0.0,0.31,0.09,0.05
1095,0.9133333333333334,0.46,0.0,0.34,0.12,0.08
1096,0.89,0.47,0.0,0.32,0.13,0.08
1097,0.9,0.45,0.0,0.37,0.07,0.11
1098,0.9116666666666667,0.53,0.0,0.32,0.04,0.11
1099,0.7466666666666666,0.55,0.0,0.31,0.04,0.1
1100,0.7530212964217138,0.53,0.0,0.25,0.06,0.16
1101,0.793869574076564,0.53,0.0,0.22,0.12,0.13
1102,0.8290546502032617,0.54,0.0,0.18,0.15,0.13
1103,0.8639616174046755,0.58,0.0,0.11,0.2,0.11
1104,0.8902847811651314,0.49,0.0,0.13,0.3,0.08
1105,0.8973869913737399,0.56,0.0,0.09,0.32,0.03
1106,0.8975655545014538,0.45,0.0,0.08,0.43,0.04
1107,0.8727694951661755,0.38,0.0,0.14,0.43,0.05
1108,0.8991078407498001,0.44,0.0,0.12,0.39,0.05
1109,0.7983333333333331,0.49,0.0,0.08,0.37,0.06
1110,0.7916666666666672,0.48,0.0,0.16,0.32,0.04
1111,0.7885113609149809,0.46,0.0,0.15,0.32,0.07
1112,0.8051621413739817,0.42,0.0,0.17,0.3,0.11
1113,0.7995187155283041,0.39,0.0,0.17,0.36,0.08
1114,0.8176985779317464,0.41,0.0,0.21,0.32,0.06
1115,0.8104135864063978,0.35,0.0,0.26,0.32,0.07
1116,0.8242164139024928,0.36,0.0,0.24,0.35,0.05
1117,0.818091701425673,0.33,0.0,0.28,0.35,0.04
1118,0.8346976983741885,0.28,0.0,0.36,0.3,0.06
1119,0.7566666666666664,0.31,0.0,0.36,0.26,0.07
1120,0.7907153870384218,0.33,0.0,0.26,0.31,0.1
1121,0.8290487203717553,0.27,0.0,0.2,0.44,0.09
1122,0.8190487203717549,0.3,0.0,0.21,0.39,0.1
1123,0.8414307740768432,0.31,0.0,0.15,0.42,0.12
1124,0.8830974407435097,0.3,0.0,0.14,0.45,0.11
1125,0.8754794944485983,0.29,0.0,0.11,0.5,0.1
1126,0.8707153870384219,0.3,0.0,0.09,0.49,0.12
1127,0.9083333333333335,0.3,0.0,0.06,0.56,0.08
1128,0.8845220905128565,0.24,0.0,0.08,0.57,0.11
1129,0.7850000000000001,0.21,0.0,0.1,0.57,0.12
1130,0.7946599808234661,0.23,0.0,0.15,0.49,0.13
1131,0.7982577028209217,0.27,0.0,0.17,0.43,0.13
1132,0.8077998518355674,0.32,0.0,0.18,0.37,0.13
1133,0.7937275642447555,0.22,0.0,0.17,0.39,0.22
1134,0.8007342500879563,0.23,0.0,0.15,0.32,0.3
1135,0.8017208784015558,0.2,0.0,0.14,0.38,0.28
1136,0.8243908879898221,0.18,0.0,0.22,0.37,0.23
1137,0.7985930178279336,0.12,0.0,0.27,0.37,0.24
1138,0.8231940827469892,0.13,0.0,0.32,0.36,0.19
1139,0.73,0.17,0.0,0.29,0.34,0.2
1140,0.7544590780453553,0.09,0.0,0.25,0.45,0.21
1141,0.7850000000000003,0.1,0.0,0.22,0.47,0.21
1142,0.79461598213569,0.1,0.0,0.14,0.55,0.21
1143,0.8433333333333333,0.12,0.0,0.13,0.59,0.16
1144,0.8433333333333336,0.08,0.0,0.1,0.62,0.2
1145,0.8604189604892616,0.07,0.0,0.04,0.62,0.27
1146,0.8569721477169638,0.08,0.0,0.05,0.6,0.27
1147,0.8933333333333334,0.06,0.0,0.01,0.71,0.22
1148,0.8883333333333334,0.04,0.0,0.01,0.74,0.21
1149,0.7116666666666666,0.09,0.0,0.01,0.72,0.18
1150,0.7166666666666663,0.09,0.0,0.02,0.65,0.24
1151,0.7133333333333333,0.1,0.0,0.04,0.64,0.22
1152,0.726605648334345,0.14,0.0,0.04,0.54,0.28
1153,0.74,0.17,0.0,0.05,0.54,0.24
1154,0.7533333333333333,0.2,0.0,0.06,0.49,0.25
1155,0.7466666666666666,0.14,0.0,0.1,0.5,0.26
1156,0.755,0.14,0.0,0.15,0.41,0.3
1157,0.7616666666666666,0.19,0.0,0.18,0.32,0.31
1158,0.7966666666666664,0.17,0.0,0.27,0.32,0.24
1159,0.7133333333333333,0.2,0.0,0.3,0.23,0.27
1160,0.7583333333333333,0.25,0.0,0.27,0.25,0.23
1161,0.8049999999999998,0.33,0.0,0.21,0.31,0.15
1162,0.8433333333333334,0.34,0.0,0.14,0.38,0.14
1163,0.8722622948732088,0.31,0.0,0.12,0.48,0.09
1164,0.8872622948732087,0.27,0.0,0.09,0.58,0.06
1165,0.9066917712839444,0.3,0.0,0.07,0.59,0.04
1166,0.8851036201582531,0.33,0.0,0.05,0.56,0.06
1167,0.9150251046172777,0.4,0.0,0.03,0.51,0.06
1168,0.9054507079042966,0.35,0.0,0.09,0.51,0.05
1169,0.7816666666666667,0.32,0.0,0.08,0.55,0.05
1170,0.77281943476261,0.27,0.0,0.1,0.57,0.06
1171,0.8029444057171076,0.24,0.0,0.14,0.52,0.1
1172,0.8240971738130515,0.25,0.0,0.17,0.47,0.11
1173,0.7924305071463844,0.21,0.0,0.19,0.46,0.14
1174,0.8106388695252206,0.24,0.0,0.26,0.41,0.09
1175,0.8285832752423283,0.25,0.0,0.29,0.32,0.14
1176,0.8351249709544976,0.29,0.0,0.31,0.25,0.15
1177,0.8462777390504413,0.24,0.0,0.36,0.24,0.16
1178,0.8435832752423283,0.28,0.0,0.34,0.28,0.1
1179,0.6866666666666668,0.26,0.0,0.35,0.2,0.19
1180,0.7416666666666667,0.29,0.0,0.28,0.26,0.17
1181,0.8233333333333336,0.42,0.0,0.21,0.26,0.11
1182,0.83,0.44,0.0,0.16,0.27,0.13
1183,0.8483333333333334,0.53,0.0,0.11,0.24,0.12
1184,0.8400000000000002,0.52,0.0,0.16,0.21,0.11
1185,0.9124300212050944,0.61,0.0,0.14,0.23,0.02
1186,0.8824300212050946,0.58,0.0,0.15,0.25,0.02
1187,0.9090966878717611,0.63,0.0,0.09,0.25,0.03
1188,0.8857633545384279,0.64,0.0,0.12,0.18,0.06
1189,0.806666666666667,0.62,0.0,0.18,0.17,0.03
1190,0.8333333333333335,0.57,0.0,0.23,0.14,0.06
1191,0.8166666666666669,0.58,0.0,0.17,0.14,0.11
1192,0.8233333333333336,0.55,0.0,0.23,0.13,0.09
1193,0.8385504269603393,0.49,0.0,0.37,0.11,0.03
1194,0.8733333333333334,0.5,0.0,0.39,0.1,0.01
1195,0.8850000000000005,0.58,0.0,0.34,0.06,0.02
1196,0.8750000000000003,0.51,0.0,0.38,0.11,0.0
1197,0.8683333333333338,0.4,0.0,0.43,0.13,0.04
1198,0.8800000000000004,0.4,0.0,0.48,0.06,0.06
1199,0.7050000000000002,0.35,0.0,0.55,0.01,0.09
1200,0.7747207144579868,0.5,0.0,0.37,0.02,0.11
1201,0.810573601296428,0.57,0.0,0.3,0.06,0.07
1202,0.8071462372016497,0.61,0.0,0.25,0.09,0.05
1203,0.8572402679630947,0.68,0.0,0.14,0.14,0.04
1204,0.8522402679630945,0.7,0.0,0.12,0.16,0.02
1205,0.9066666666666667,0.72,0.0,0.09,0.18,0.01
1206,0.9116666666666666,0.74,0.0,0.09,0.15,0.02
1207,0.9116666666666666,0.8,0.0,0.07,0.11,0.02
1208,0.9416666666666668,0.86,0.0,0.05,0.09,0.0
1209,0.8549999999999999,0.78,0.0,0.08,0.14,0.0
1210,0.855,0.74,0.0,0.1,0.14,0.02
1211,0.8616666666666665,0.73,0.0,0.15,0.09,0.03
1212,0.8486171215713317,0.68,0.0,0.17,0.13,0.02
1213,0.8586171215713315,0.67,0.0,0.17,0.14,0.02
1214,0.8697498132927172,0.63,0.0,0.29,0.06,0.02
1215,0.8811662932521004,0.59,0.0,0.3,0.09,0.02
1216,0.8970823997969173,0.6,0.0,0.25,0.14,0.01
1217,0.854665173008401,0.57,0.0,0.18,0.21,0.04
1218,0.8825827732114836,0.6,0.0,0.19,0.16,0.05
1219,0.7933333333333334,0.6,0.0,0.22,0.14,0.04
1220,0.7670804699303787,0.58,0.0,0.23,0.15,0.04
1221,0.7987471365970454,0.64,0.0,0.2,0.12,0.04
1222,0.8012664768669167,0.57,0.0,0.23,0.19,0.01
1223,0.8662664768669166,0.6,0.0,0.16,0.24,0.0
1224,0.8248961936451572,0.54,0.0,0.19,0.27,0.0
1225,0.8575329537338332,0.64,0.0,0.15,0.21,0.0
1226,0.870466097267417,0.68,0.0,0.14,0.18,0.0
1227,0.8714342221095625,0.75,0.0,0.11,0.12,0.02
1228,0.8473328588339587,0.69,0.0,0.15,0.13,0.03
1229,0.8200000000000002,0.71,0.0,0.17,0.09,0.03
1230,0.8049999999999998,0.74,0.0,0.17,0.06,0.03
1231,0.8083333333333335,0.69,0.0,0.18,0.08,0.05
1232,0.8500000000000005,0.74,0.0,0.15,0.06,0.05
1233,0.846666666666667,0.65,0.0,0.21,0.07,0.07
1234,0.8483333333333333,0.67,0.0,0.19,0.05,0.09
1235,0.8650000000000003,0.62,0.0,0.21,0.09,0.08
1236,0.8616666666666668,0.52,0.0,0.22,0.15,0.11
1237,0.865,0.52,0.0,0.27,0.15,0.06
1238,0.8683333333333334,0.54,0.0,0.21,0.15,0.1
1239,0.6966666666666668,0.55,0.0,0.22,0.14,0.09
1240,0.7381053923571297,0.61,0.0,0.17,0.16,0.06
1241,0.7156450984285593,0.62,0.0,0.18,0.13,0.07
1242,0.7706450984285591,0.59,0.0,0.12,0.2,0.09
1243,0.7771977946071243,0.56,0.0,0.09,0.25,0.1
1244,0.8303013697199667,0.51,0.0,0.1,0.26,0.13
1245,0.8387539476114635,0.49,0.0,0.07,0.29,0.15
1246,0.8639565451403218,0.59,0.0,0.08,0.23,0.1
1247,0.8736328275573281,0.61,0.0,0.07,0.22,0.1
1248,0.8947683662835375,0.62,0.0,0.03,0.28,0.07
1249,0.7949999999999998,0.52,0.0,0.06,0.37,0.05
1250,0.8093321786586755,0.51,0.0,0.06,0.34,0.09
1251,0.8426655119920086,0.49,0.0,0.06,0.35,0.1
1252,0.8436643573173508,0.5,0.0,0.09,0.32,0.09
1253,0.8489953813013688,0.52,0.0,0.07,0.27,0.14
1254,0.8503310239840175,0.57,0.0,0.11,0.21,0.11
1255,0.853686966881441,0.54,0.0,0.18,0.15,0.13
1256,0.8569976906506842,0.56,0.0,0.2,0.09,0.15
1257,0.8600000000000001,0.41,0.0,0.28,0.11,0.2
1258,0.8733333333333335,0.42,0.0,0.28,0.15,0.15
1259,0.7633333333333333,0.4,0.0,0.34,0.14,0.12
1260,0.8010265602070576,0.48,0.0,0.22,0.19,0.11
1261,0.8466666666666666,0.6,0.0,0.19,0.15,0.06
1262,0.8483333333333334,0.59,0.0,0.16,0.18,0.07
1263,0.831094411491148,0.67,0.0,0.17,0.13,0.03
1264,0.895,0.66,0.0,0.14,0.19,0.01
1265,0.9050000000000001,0.77,0.0,0.08,0.14,0.01
1266,0.9116666666666667,0.76,0.0,0.07,0.15,0.02
1267,0.9116666666666667,0.71,0.0,0.09,0.16,0.04
1268,0.8816666666666668,0.74,0.0,0.08,0.16,0.02
1269,0.8333333333333336,0.7,0.0,0.1,0.17,0.03
1270,0.8599999999999999,0.64,0.0,0.12,0.19,0.05
1271,0.8100000000000003,0.52,0.0,0.18,0.24,0.06
1272,0.8366666666666667,0.52,0.0,0.14,0.29,0.05
1273,0.8433333333333333,0.43,0.0,0.23,0.26,0.08
1274,0.8549999999999999,0.41,0.0,0.28,0.24,0.07
1275,0.8590823347328472,0.36,0.0,0.42,0.13,0.09
1276,0.9074156680661807,0.39,0.0,0.45,0.08,0.08
1277,0.8913416963596329,0.34,0.0,0.43,0.06,0.17
1278,0.9055926949601185,0.3,0.0,0.53,0.04,0.13
1279,0.5883333333333334,0.23,0.0,0.63,0.02,0.12
1280,0.6104731105537189,0.28,0.0,0.55,0.04,0.13
1281,0.6418992309180337,0.32,0.0,0.48,0.03,0.17
1282,0.7411481399684682,0.39,0.0,0.32,0.06,0.23
1283,0.7603502843586254,0.46,0.0,0.26,0.06,0.22
1284,0.8106987283754592,0.59,0.0,0.18,0.07,0.16
1285,0.8493118824464305,0.64,0.0,0.13,0.1,0.13
1286,0.8604850928874203,0.64,0.0,0.14,0.13,0.09
1287,0.860515722988807,0.63,0.0,0.15,0.15,0.07
1288,0.8949500917468111,0.64,0.0,0.14,0.18,0.04
1289,0.8116666666666668,0.62,0.0,0.16,0.16,0.06
1290,0.8433333333333337,0.58,0.0,0.19,0.16,0.07
1291,0.8550000000000003,0.52,0.0,0.2,0.18,0.1
1292,0.8616666666666666,0.54,0.0,0.21,0.13,0.12
1293,0.8183333333333332,0.55,0.0,0.16,0.16,0.13
1294,0.8150000000000004,0.53,0.0,0.16,0.12,0.19
1295,0.7999999999999997,0.47,0.0,0.21,0.11,0.21
1296,0.8066666666666669,0.44,0.0,0.19,0.14,0.23
1297,0.8016666666666664,0.45,0.0,0.23,0.16,0.16
1298,0.8257310544406107,0.48,0.0,0.15,0.17,0.2
1299,0.7633333333333333,0.5,0.0,0.15,0.17,0.18
1300,0.7783333333333334,0.59,0.0,0.08,0.21,0.12
1301,0.82,0.59,0.0,0.08,0.26,0.07
1302,0.8459567460869709,0.59,0.0,0.07,0.31,0.03
1303,0.9016666666666666,0.62,0.0,0.03,0.33,0.02
1304,0.8866666666666667,0.67,0.0,0.03,0.3,0.0
1305,0.9,0.65,0.0,0.07,0.28,0.0
1306,0.8878140874254623,0.64,0.0,0.1,0.26,0.0
1307,0.8604550270068906,0.58,0.0,0.12,0.27,0.03
1308,0.8899182542712286,0.68,0.0,0.08,0.22,0.02
1309,0.8083333333333335,0.65,0.0,0.1,0.22,0.03
1310,0.8133333333333337,0.59,0.0,0.14,0.26,0.01
1311,0.8683333333333336,0.55,0.0,0.25,0.17,0.03
1312,0.8334241696920651,0.59,0.0,0.25,0.15,0.01
1313,0.8678536062462961,0.53,0.0,0.36,0.11,0.0
1314,0.8617162883708102,0.5,0.0,0.41,0.08,0.01
1315,0.9028536062462962,0.42,0.0,0.46,0.1,0.02
1316,0.9119614071440438,0.42,0.0,0.5,0.06,0.02
1317,0.8904011067939137,0.37,0.0,0.51,0.09,0.03
1318,0.8991574226018914,0.36,0.0,0.51,0.08,0.05
1319,0.6683333333333334,0.32,0.0,0.57,0.08,0.03
1320,0.6781407401320781,0.4,0.0,0.46,0.08,0.06
1321,0.7366666666666667,0.48,0.0,0.32,0.12,0.08
1322,0.7518016562923296,0.54,0.0,0.26,0.07,0.13
1323,0.7804595132302344,0.51,0.0,0.27,0.07,0.15
1324,0.8383333333333333,0.58,0.0,0.19,0.13,0.1
1325,0.8651349896256629,0.62,0.0,0.13,0.19,0.06
1326,0.8504595132302342,0.56,0.0,0.13,0.2,0.11
1327,0.8110540160861314,0.57,0.0,0.15,0.16,0.12
1328,0.8534683229589968,0.5,0.0,0.11,0.23,0.16
1329,0.8383333333333333,0.53,0.0,0.14,0.24,0.09
1330,0.8316666666666669,0.56,0.0,0.14,0.22,0.08
1331,0.8400000000000003,0.48,0.0,0.23,0.21,0.08
1332,0.8450000000000004,0.45,0.0,0.26,0.2,0.09
1333,0.8533333333333334,0.37,0.0,0.37,0.17,0.09
1334,0.8700060688678264,0.34,0.0,0.47,0.1,0.09
1335,0.8746939231014678,0.33,0.0,0.48,0.1,0.09
1336,0.849492365563953,0.2,0.0,0.56,0.13,0.11
1337,0.8694984344317799,0.19,0.0,0.55,0.14,0.12
1338,0.8994984344317798,0.22,0.0,0.63,0.06,0.09
1339,0.655,0.25,0.0,0.66,0.02,0.07
1340,0.7116666666666667,0.33,0.0,0.63,0.01,0.03
1341,0.7366666666666667,0.41,0.0,0.51,0.04,0.04
1342,0.7766666666666667,0.46,0.0,0.42,0.05,0.07
1343,0.7999999999999998,0.5,0.0,0.36,0.05,0.09
1344,0.8273727777261444,0.54,0.0,0.24,0.1,0.12
1345,0.8630788887856222,0.58,0.0,0.15,0.14,0.13
1346,0.8685062459724635,0.69,0.0,0.12,0.14,0.05
1347,0.8860591665892167,0.61,0.0,0.11,0.22,0.06
1348,0.9223727777261443,0.58,0.0,0.09,0.28,0.05
1349,0.7983333333333331,0.49,0.0,0.09,0.37,0.05
1350,0.8266666666666664,0.49,0.0,0.12,0.28,0.11
1351,0.8066666666666668,0.47,0.0,0.13,0.29,0.11
1352,0.8216666666666668,0.5,0.0,0.16,0.24,0.1
1353,0.8483333333333334,0.53,0.0,0.21,0.2,0.06
1354,0.8757051618520866,0.51,0.0,0.23,0.14,0.12
1355,0.8657051618520866,0.58,0.0,0.18,0.12,0.12
1356,0.8648877576252625,0.56,0.0,0.28,0.09,0.07
1357,0.8641825957731756,0.59,0.0,0.26,0.07,0.08
1358,0.9033333333333339,0.63,0.0,0.28,0.05,0.04
1359,0.67,0.67,0.0,0.3,0.01,0.02
1360,0.7029399816530861,0.68,0.0,0.31,0.0,0.01
1361,0.7391820772130826,0.67,0.0,0.27,0.04,0.02
1362,0.7662420955599965,0.63,0.0,0.27,0.09,0.01
1363,0.7408175244533259,0.61,0.0,0.28,0.09,0.02
1364,0.8083333333333335,0.69,0.0,0.22,0.07,0.02
1365,0.8516224517013096,0.76,0.0,0.08,0.12,0.04
1366,0.8633333333333333,0.81,0.0,0.1,0.06,0.03
1367,0.9,0.83,0.0,0.11,0.05,0.01
1368,0.8783333333333334,0.82,0.0,0.11,0.07,0.0
1369,0.7950000000000003,0.76,0.0,0.1,0.13,0.01
1370,0.8299999999999998,0.71,0.0,0.17,0.1,0.02
1371,0.8216666666666668,0.74,0.0,0.15,0.09,0.02
1372,0.8200000000000003,0.73,0.0,0.1,0.14,0.03
1373,0.8150000000000006,0.67,0.0,0.18,0.14,0.01
1374,0.8266666666666669,0.56,0.0,0.22,0.2,0.02
1375,0.8383333333333333,0.62,0.0,0.21,0.16,0.01
1376,0.8325597942462015,0.6,0.0,0.21,0.18,0.01
1377,0.8408931275795346,0.53,0.0,0.3,0.15,0.02
1378,0.8416666666666671,0.51,0.0,0.25,0.18,0.06
1379,0.8133333333333332,0.57,0.0,0.24,0.14,0.05
1380,0.8450000000000003,0.72,0.0,0.11,0.13,0.04
1381,0.8766666666666667,0.72,0.0,0.09,0.15,0.04
1382,0.8916666666666667,0.66,0.0,0.12,0.19,0.03
1383,0.8916666666666667,0.58,0.0,0.16,0.23,0.03
1384,0.8616666666666667,0.68,0.0,0.11,0.19,0.02
1385,0.9052343811983644,0.57,0.0,0.14,0.28,0.01
1386,0.8852343811983642,0.54,0.0,0.09,0.33,0.04
1387,0.9116666666666667,0.55,0.0,0.02,0.37,0.06
1388,0.928802095730062,0.43,0.0,0.04,0.47,0.06
1389,0.7400000000000001,0.4,0.0,0.03,0.49,0.08
1390,0.7283333333333332,0.42,0.0,0.03,0.46,0.09
1391,0.7616666666666664,0.49,0.0,0.04,0.4,0.07
1392,0.8025797399516058,0.51,0.0,0.06,0.34,0.09
1393,0.7942464066182724,0.52,0.0,0.11,0.29,0.08
1394,0.8344058865214837,0.63,0.0,0.09,0.23,0.05
1395,0.8209130732849388,0.65,0.0,0.11,0.22,0.02
1396,0.831826146569878,0.6,0.0,0.18,0.18,0.04
1397,0.8478986997580281,0.5,0.0,0.26,0.19,0.05
1398,0.8837846120645826,0.57,0.0,0.28,0.11,0.04
1399,0.7116666666666666,0.57,0.0,0.31,0.11,0.01
1400,0.7633333333333334,0.68,0.0,0.19,0.11,0.02
1401,0.7716666666666668,0.72,0.0,0.18,0.09,0.01
1402,0.8150000000000002,0.66,0.0,0.17,0.16,0.01
1403,0.8433333333333332,0.72,0.0,0.17,0.1,0.01
1404,0.8366666666666667,0.73,0.0,0.11,0.13,0.03
1405,0.8211610732334025,0.68,0.0,0.15,0.12,0.05
1406,0.832827739900069,0.73,0.0,0.15,0.08,0.04
1407,0.8466666666666667,0.71,0.0,0.18,0.11,0.0
1408,0.8516666666666667,0.76,0.0,0.18,0.06,0.0
1409,0.83,0.77,0.0,0.13,0.1,0.0
1410,0.7949999999999996,0.76,0.0,0.12,0.11,0.01
1411,0.7993573524909583,0.72,0.0,0.14,0.11,0.03
1412,0.8033333333333332,0.72,0.0,0.14,0.09,0.05
1413,0.820917129820215,0.66,0.0,0.23,0.09,0.02
1414,0.8583333333333333,0.59,0.0,0.27,0.07,0.07
1415,0.8282810045711045,0.53,0.0,0.33,0.1,0.04
1416,0.8896672239941715,0.57,0.0,0.33,0.06,0.04
1417,0.8764467449306753,0.58,0.0,0.33,0.05,0.04
1418,0.8789114271702471,0.51,0.0,0.33,0.06,0.1
1419,0.685,0.41,0.0,0.41,0.05,0.13
1420,0.7133333333333333,0.47,0.0,0.3,0.09,0.14
1421,0.7899999999999998,0.55,0.0,0.21,0.15,0.09
1422,0.8332389211016146,0.61,0.0,0.17,0.17,0.05
1423,0.8380500966381768,0.57,0.0,0.1,0.25,0.08
1424,0.8648111755365622,0.52,0.0,0.08,0.35,0.05
1425,0.8648111755365625,0.46,0.0,0.07,0.37,0.1
1426,0.8811001932763536,0.3,0.0,0.07,0.51,0.12
1427,0.9246223510731246,0.28,0.0,0.03,0.61,0.08
1428,0.8894335266096869,0.31,0.0,0.03,0.54,0.12
1429,0.7333333333333333,0.23,0.0,0.02,0.56,0.19
1430,0.790770038535576,0.42,0.0,0.04,0.39,0.15
1431,0.7866666666666667,0.43,0.0,0.02,0.4,0.15
1432,0.8300807479884534,0.58,0.0,0.03,0.31,0.08
1433,0.8628449684901149,0.57,0.0,0.08,0.27,0.08
1434,0.8573566036468959,0.48,0.0,0.16,0.24,0.12
1435,0.8610930812542503,0.47,0.0,0.17,0.15,0.21
1436,0.8762946533912606,0.54,0.0,0.13,0.11,0.22
1437,0.9089380497443647,0.59,0.0,0.13,0.06,0.22
1438,0.9237364776073543,0.64,0.0,0.1,0.08,0.18
1439,0.8083333333333332,0.61,0.0,0.16,0.11,0.12
1440,0.8050000000000002,0.63,0.0,0.18,0.15,0.04
1441,0.8416666666666667,0.68,0.0,0.15,0.14,0.03
1442,0.88,0.66,0.0,0.18,0.15,0.01
1443,0.8483333333333334,0.61,0.0,0.21,0.15,0.03
1444,0.8500000000000001,0.64,0.0,0.16,0.19,0.01
1445,0.8716666666666667,0.63,0.0,0.13,0.24,0.0
1446,0.8446501383563871,0.59,0.0,0.17,0.22,0.02
1447,0.8583333333333334,0.65,0.0,0.14,0.15,0.06
1448,0.854994247057697,0.67,0.0,0.14,0.12,0.07
1449,0.9016666666666667,0.69,0.0,0.13,0.17,0.01
1450,0.8783333333333335,0.68,0.0,0.16,0.15,0.01
1451,0.9133333333333334,0.74,0.0,0.17,0.08,0.01
1452,0.8965807602623809,0.65,0.0,0.21,0.12,0.02
1453,0.9028832010489163,0.65,0.0,0.17,0.17,0.01
1454,0.8961306279779633,0.53,0.0,0.25,0.2,0.02
1455,0.8776048815730713,0.53,0.0,0.24,0.18,0.05
1456,0.9133333333333334,0.61,0.0,0.25,0.1,0.04
1457,0.9242600670221768,0.6,0.0,0.24,0.08,0.08
1458,0.9069331226823786,0.62,0.0,0.26,0.08,0.04
1459,0.7466666666666666,0.57,0.0,0.24,0.11,0.08
1460,0.7933333333333334,0.63,0.0,0.26,0.07,0.04
1461,0.825,0.62,0.0,0.25,0.09,0.04
1462,0.8800734782031762,0.76,0.0,0.1,0.12,0.02
1463,0.8466666666666666,0.8,0.0,0.09,0.1,0.01
1464,0.8955968149411012,0.71,0.0,0.11,0.18,0.0
1465,0.880596814941101,0.62,0.0,0.17,0.2,0.01
1466,0.8866666666666667,0.72,0.0,0.1,0.18,0.0
1467,0.8750000000000001,0.68,0.0,0.11,0.21,0.0
1468,0.8839301482744345,0.78,0.0,0.07,0.14,0.01
1469,0.9000000000000002,0.7,0.0,0.07,0.22,0.01
1470,0.8833333333333335,0.63,0.0,0.14,0.21,0.02
1471,0.9007982054003193,0.62,0.0,0.22,0.14,0.02
1472,0.9240612828676242,0.61,0.0,0.2,0.17,0.02
1473,0.9065261549346099,0.61,0.0,0.18,0.18,0.03
1474,0.9323946162009576,0.58,0.0,0.23,0.13,0.06
1475,0.9140612828676237,0.58,0.0,0.22,0.14,0.06
1476,0.9007279495342907,0.59,0.0,0.2,0.14,0.07
1477,0.9123946162009575,0.51,0.0,0.31,0.11,0.07
1478,0.9123946162009576,0.53,0.0,0.32,0.09,0.06
1479,0.7066666666666667,0.43,0.0,0.37,0.15,0.05
1480,0.7633333333333334,0.44,0.0,0.34,0.17,0.05
1481,0.7583333333333334,0.49,0.0,0.24,0.18,0.09
1482,0.8066666666666668,0.48,0.0,0.25,0.21,0.06
1483,0.7933333333333334,0.47,0.0,0.22,0.27,0.04
1484,0.8016666666666669,0.44,0.0,0.19,0.33,0.04
1485,0.8736558485685209,0.35,0.0,0.17,0.44,0.04
1486,0.9243008790388959,0.4,0.0,0.1,0.44,0.06
1487,0.8605535056160682,0.35,0.0,0.08,0.48,0.09
1488,0.9166666666666665,0.42,0.0,0.09,0.46,0.03
1489,0.7950000000000003,0.38,0.0,0.08,0.5,0.04
1490,0.7933333333333337,0.34,0.0,0.11,0.5,0.05
1491,0.825,0.44,0.0,0.1,0.43,0.03
1492,0.8466666666666667,0.47,0.0,0.15,0.35,0.03
1493,0.8666666666666666,0.52,0.0,0.13,0.31,0.04
1494,0.8662139723921369,0.62,0.0,0.1,0.22,0.06
1495,0.8816666666666668,0.5,0.0,0.22,0.24,0.04
1496,0.8613801457958161,0.47,0.0,0.23,0.24,0.06
1497,0.8850000000000002,0.55,0.0,0.17,0.23,0.05
1498,0.898461153317104,0.52,0.0,0.24,0.2,0.04
1499,0.8116666666666665,0.53,0.0,0.3,0.15,0.02
1500,0.8200000000000002,0.49,0.0,0.29,0.22,0.0
1501,0.8333333333333335,0.51,0.0,0.24,0.23,0.02
1502,0.8466666666666667,0.48,0.0,0.14,0.34,0.04
1503,0.8466666666666667,0.43,0.0,0.11,0.41,0.05
1504,0.86,0.46,0.0,0.09,0.36,0.09
1505,0.8773395273603813,0.54,0.0,0.06,0.31,0.09
1506,0.8496790547207627,0.54,0.0,0.1,0.25,0.11
1507,0.8546790547207627,0.62,0.0,0.04,0.26,0.08
1508,0.8630123880540961,0.67,0.0,0.06,0.22,0.05
1509,0.8633333333333334,0.65,0.0,0.05,0.24,0.06
1510,0.8811094523806352,0.69,0.0,0.06,0.17,0.08
1511,0.8900000000000001,0.65,0.0,0.13,0.18,0.04
1512,0.9149999999999998,0.68,0.0,0.18,0.13,0.01
1513,0.9049999999999998,0.61,0.0,0.26,0.1,0.03
1514,0.925,0.61,0.0,0.31,0.06,0.02
1515,0.9100000000000003,0.52,0.0,0.37,0.08,0.03
1516,0.9016666666666664,0.53,0.0,0.32,0.12,0.03
1517,0.9292804008922225,0.5,0.0,0.38,0.07,0.05
1518,0.9513760227012267,0.53,0.0,0.4,0.03,0.04
1519,0.7216666666666665,0.52,0.0,0.39,0.06,0.03
1520,0.8222288372856771,0.65,0.0,0.23,0.07,0.05
1521,0.7921279648208468,0.7,0.0,0.19,0.08,0.03
1522,0.8210082346748522,0.68,0.0,0.18,0.09,0.05
1523,0.829553935944158,0.76,0.0,0.14,0.05,0.05
1524,0.8345539359441583,0.68,0.0,0.16,0.1,0.06
1525,0.8757745385549828,0.72,0.0,0.1,0.14,0.04
1526,0.8713214750756552,0.66,0.0,0.12,0.18,0.04
1527,0.8536599838446519,0.54,0.0,0.12,0.28,0.06
1528,0.8951480577533775,0.49,0.0,0.11,0.37,0.03
1529,0.8433333333333333,0.5,0.0,0.06,0.4,0.04
1530,0.8716666666666671,0.56,0.0,0.09,0.29,0.06
1531,0.9145504507682441,0.62,0.0,0.15,0.18,0.05
1532,0.8905428600878277,0.64,0.0,0.19,0.1,0.07
1533,0.9099999999999998,0.61,0.0,0.23,0.06,0.1
1534,0.9333333333333332,0.65,0.0,0.23,0.06,0.06
1535,0.9351631614155747,0.64,0.0,0.27,0.04,0.05
1536,0.9318298280822412,0.51,0.0,0.36,0.08,0.05
1537,0.9163802788504857,0.44,0.0,0.39,0.07,0.1
1538,0.8730469455171527,0.44,0.0,0.35,0.06,0.15
1539,0.7166666666666666,0.38,0.0,0.39,0.11,0.12
1540,0.7633333333333334,0.43,0.0,0.25,0.14,0.18
1541,0.8449999999999999,0.48,0.0,0.13,0.28,0.11
1542,0.8933333333333334,0.48,0.0,0.1,0.34,0.08
1543,0.8966666666666667,0.48,0.0,0.05,0.38,0.09
1544,0.8622481530486564,0.42,0.0,0.03,0.43,0.12
1545,0.8961629727639796,0.4,0.0,0.05,0.43,0.12
1546,0.8824396192635361,0.36,0.0,0.07,0.41,0.16
1547,0.8615459051937383,0.43,0.0,0.04,0.4,0.13
1548,0.8835990481588396,0.41,0.0,0.01,0.45,0.13
1549,0.795,0.37,0.0,0.02,0.51,0.1
1550,0.7833333333333334,0.32,0.0,0.01,0.51,0.16
1551,0.8250000000000002,0.45,0.0,0.05,0.35,0.15
1552,0.845,0.53,0.0,0.07,0.25,0.15
1553,0.856666666666667,0.6,0.0,0.08,0.22,0.1
1554,0.8799999999999999,0.58,0.0,0.16,0.16,0.1
1555,0.8952779061316837,0.57,0.0,0.24,0.08,0.11
1556,0.9182899527335819,0.56,0.0,0.26,0.06,0.12
1557,0.8972224789300337,0.56,0.0,0.24,0.08,0.12
1558,0.9152779061316835,0.57,0.0,0.22,0.11,0.1
1559,0.735,0.54,0.0,0.26,0.11,0.09
1560,0.7867984288394959,0.49,0.0,0.29,0.15,0.07
1561,0.7833333333333334,0.51,0.0,0.23,0.17,0.09
1562,0.8217984288394959,0.59,0.0,0.1,0.21,0.1
1563,0.8351317621728291,0.7,0.0,0.07,0.16,0.07
1564,0.8769301910123253,0.64,0.0,0.07,0.24,0.05
1565,0.9217984288394959,0.58,0.0,0.04,0.36,0.02
1566,0.891798428839496,0.59,0.0,0.0,0.37,0.04
1567,0.9266666666666665,0.56,0.0,0.01,0.39,0.04
1568,0.9040413536708898,0.52,0.0,0.03,0.37,0.08
1569,0.8166666666666669,0.51,0.0,0.03,0.33,0.13
1570,0.8233333333333335,0.54,0.0,0.06,0.25,0.15
1571,0.8466666666666669,0.58,0.0,0.06,0.25,0.11
1572,0.8600000000000004,0.58,0.0,0.07,0.19,0.16
1573,0.8699027011078861,0.62,0.0,0.12,0.15,0.11
1574,0.8822385011314664,0.56,0.0,0.17,0.12,0.15
1575,0.8649027011078857,0.54,0.0,0.14,0.12,0.2
1576,0.8683333333333333,0.53,0.0,0.19,0.09,0.19
1577,0.8733333333333332,0.52,0.0,0.27,0.07,0.14
1578,0.9066666666666668,0.5,0.0,0.29,0.05,0.16
1579,0.73,0.48,0.0,0.36,0.08,0.08
1580,0.8075726946099813,0.58,0.0,0.21,0.11,0.1
1581,0.8100000000000002,0.64,0.0,0.15,0.1,0.11
1582,0.8433333333333333,0.63,0.0,0.17,0.1,0.1
1583,0.8666666666666667,0.68,0.0,0.15,0.13,0.04
1584,0.8583333333333332,0.61,0.0,0.18,0.19,0.02
1585,0.8816666666666666,0.63,0.0,0.1,0.25,0.02
1586,0.8850000000000001,0.61,0.0,0.1,0.26,0.03
1587,0.8633333333333333,0.56,0.0,0.18,0.24,0.02
1588,0.895,0.54,0.0,0.16,0.29,0.01
1589,0.8033333333333335,0.55,0.0,0.09,0.34,0.02
1590,0.8149999999999998,0.49,0.0,0.17,0.28,0.06
1591,0.835,0.55,0.0,0.18,0.23,0.04
1592,0.8683333333333333,0.55,0.0,0.21,0.22,0.02
1593,0.8666666666666666,0.5,0.0,0.26,0.21,0.03
1594,0.896666666666667,0.47,0.0,0.33,0.19,0.01
1595,0.8750000000000001,0.45,0.0,0.34,0.18,0.03
1596,0.8812873114913125,0.36,0.0,0.38,0.15,0.11
1597,0.8638619344739379,0.29,0.0,0.37,0.19,0.15
1598,0.8521952678072714,0.31,0.0,0.34,0.19,0.16
1599,0.7633333333333333,0.43,0.0,0.29,0.14,0.14
1600,0.7966666666666665,0.35,0.0,0.3,0.27,0.08
1601,0.8633333333333334,0.44,0.0,0.15,0.29,0.12
1602,0.8533333333333337,0.43,0.0,0.15,0.27,0.15
1603,0.8750000000000003,0.44,0.0,0.14,0.32,0.1
1604,0.8766666666666667,0.32,0.0,0.15,0.45,0.08
1605,0.9200000000000002,0.38,0.0,0.12,0.45,0.05
1606,0.9166666666666667,0.39,0.0,0.11,0.47,0.03
1607,0.9333333333333336,0.4,0.0,0.05,0.5,0.05
1608,0.9416666666666668,0.37,0.0,0.03,0.52,0.08
1609,0.7366666666666666,0.37,0.0,0.02,0.58,0.03
1610,0.7599999999999999,0.32,0.0,0.06,0.56,0.06
1611,0.74,0.27,0.0,0.06,0.56,0.11
1612,0.7549999999999997,0.24,0.0,0.11,0.5,0.15
1613,0.7600000000000005,0.25,0.0,0.07,0.55,0.13
1614,0.7850000000000003,0.23,0.0,0.13,0.45,0.19
1615,0.8000000000000004,0.22,0.0,0.16,0.42,0.2
1616,0.81,0.32,0.0,0.19,0.29,0.2
1617,0.8170916631118972,0.41,0.0,0.13,0.23,0.23
1618,0.8400000000000003,0.42,0.0,0.13,0.25,0.2
1619,0.7733333333333333,0.28,0.0,0.2,0.25,0.27
1620,0.7983333333333333,0.37,0.0,0.15,0.26,0.22
1621,0.815,0.45,0.0,0.11,0.26,0.18
1622,0.84,0.55,0.0,0.07,0.26,0.12
1623,0.8666666666666667,0.51,0.0,0.06,0.36,0.07
1624,0.8633333333333333,0.51,0.0,0.13,0.31,0.05
1625,0.905,0.57,0.0,0.07,0.33,0.03
1626,0.9,0.47,0.0,0.09,0.43,0.01
1627,0.8828966679247364,0.53,0.0,0.07,0.37,0.03
1628,0.9095633345914031,0.54,0.0,0.09,0.34,0.03
1629,0.84,0.53,0.0,0.06,0.38,0.03
1630,0.8372330841957859,0.55,0.0,0.09,0.29,0.07
1631,0.8233333333333331,0.55,0.0,0.08,0.33,0.04
1632,0.8600000000000001,0.61,0.0,0.13,0.21,0.05
1633,0.8283333333333336,0.52,0.0,0.17,0.23,0.08
1634,0.8699999999999999,0.62,0.0,0.15,0.18,0.05
1635,0.8700000000000003,0.62,0.0,0.19,0.11,0.08
1636,0.8771644492292258,0.66,0.0,0.17,0.1,0.07
1637,0.8989323367831419,0.63,0.0,0.2,0.09,0.08
1638,0.8816992525873566,0.6,0.0,0.2,0.13,0.07
1639,0.8400000000000003,0.65,0.0,0.17,0.08,0.1
1640,0.8366666666666667,0.68,0.0,0.16,0.09,0.07
1641,0.8350000000000002,0.7,0.0,0.11,0.09,0.1
1642,0.8416666666666667,0.67,0.0,0.17,0.08,0.08
1643,0.8766666666666666,0.68,0.0,0.14,0.13,0.05
1644,0.8933333333333333,0.8,0.0,0.07,0.09,0.04
1645,0.9252510667405811,0.79,0.0,0.11,0.1,0.0
1646,0.91,0.78,0.0,0.06,0.15,0.01
1647,0.9166666666666669,0.76,0.0,0.07,0.15,0.02
1648,0.9016666666666666,0.69,0.0,0.06,0.18,0.07
1649,0.8616666666666666,0.7,0.0,0.06,0.18,0.06
1650,0.8583333333333334,0.61,0.0,0.11,0.22,0.06
1651,0.8733333333333333,0.57,0.0,0.17,0.18,0.08
1652,0.8916666666666668,0.52,0.0,0.21,0.14,0.13
1653,0.8683333333333334,0.48,0.0,0.28,0.16,0.08
1654,0.8932314987603547,0.46,0.0,0.37,0.11,0.06
1655,0.9082314987603549,0.5,0.0,0.36,0.05,0.09
1656,0.9300048838961854,0.48,0.0,0.41,0.08,0.03
1657,0.9001067184691638,0.5,0.0,0.37,0.08,0.05
1658,0.9400558011826747,0.52,0.0,0.38,0.07,0.03
1659,0.7283333333333336,0.51,0.0,0.38,0.06,0.05
1660,0.7416666666666665,0.64,0.0,0.23,0.06,0.07
1661,0.801666666666667,0.63,0.0,0.19,0.12,0.06
1662,0.8477679405983598,0.65,0.0,0.14,0.16,0.05
1663,0.7983038217950787,0.61,0.0,0.13,0.17,0.09
1664,0.8411012739316931,0.64,0.0,0.11,0.19,0.06
1665,0.8338692145300526,0.58,0.0,0.08,0.28,0.06
1666,0.8888692145300525,0.53,0.0,0.06,0.36,0.05
1667,0.8888692145300525,0.58,0.0,0.04,0.33,0.05
1668,0.8949999999999999,0.56,0.0,0.05,0.33,0.06
1669,0.853333333333333,0.49,0.0,0.06,0.43,0.02
1670,0.8750000000000003,0.51,0.0,0.07,0.37,0.05
1671,0.855,0.44,0.0,0.12,0.35,0.09
1672,0.8549999999999999,0.5,0.0,0.16,0.27,0.07
1673,0.8600000000000003,0.46,0.0,0.18,0.24,0.12
1674,0.8499999999999999,0.54,0.0,0.11,0.21,0.14
1675,0.8716666666666668,0.55,0.0,0.1,0.23,0.12
1676,0.8532929932167538,0.47,0.0,0.15,0.24,0.14
1677,0.83965299017384,0.52,0.0,0.15,0.17,0.16
1678,0.8552556459545102,0.51,0.0,0.19,0.16,0.14
1679,0.8133333333333335,0.55,0.0,0.22,0.17,0.06
1680,0.8399999999999999,0.52,0.0,0.21,0.21,0.06
1681,0.8283333333333333,0.53,0.0,0.18,0.25,0.04
1682,0.8850000000000001,0.68,0.0,0.11,0.16,0.05
1683,0.8883333333333334,0.65,0.0,0.08,0.23,0.04
1684,0.8666741972228564,0.54,0.0,0.07,0.3,0.09
1685,0.8750000000000001,0.49,0.0,0.16,0.32,0.03
1686,0.8866666666666667,0.49,0.0,0.06,0.41,0.04
1687,0.9149999999999998,0.44,0.0,0.06,0.45,0.05
1688,0.8911499583314391,0.5,0.0,0.04,0.4,0.06
1689,0.8350000000000005,0.47,0.0,0.02,0.49,0.02
1690,0.8133333333333335,0.48,0.0,0.04,0.47,0.01
1691,0.8533333333333334,0.4,0.0,0.09,0.47,0.04
1692,0.8566666666666667,0.38,0.0,0.15,0.45,0.02
1693,0.8333333333333333,0.37,0.0,0.15,0.41,0.07
1694,0.853333333333333,0.28,0.0,0.21,0.42,0.09
1695,0.8549999999999998,0.26,0.0,0.21,0.43,0.1
1696,0.8400000000000005,0.3,0.0,0.22,0.4,0.08
1697,0.8649999999999999,0.28,0.0,0.23,0.42,0.07
1698,0.8583333333333334,0.28,0.0,0.24,0.37,0.11
1699,0.7283333333333333,0.29,0.0,0.25,0.32,0.14
1700,0.7716666666666667,0.34,0.0,0.2,0.29,0.17
1701,0.76,0.35,0.0,0.16,0.35,0.14
1702,0.8533333333333334,0.43,0.0,0.11,0.38,0.08
1703,0.8515024197427317,0.35,0.0,0.14,0.47,0.04
1704,0.8533333333333332,0.44,0.0,0.07,0.47,0.02
1705,0.8516666666666666,0.38,0.0,0.1,0.47,0.05
1706,0.8862804556221426,0.4,0.0,0.08,0.48,0.04
1707,0.8783333333333333,0.41,0.0,0.08,0.48,0.03
1708,0.8904439282411787,0.38,0.0,0.06,0.54,0.02
1709,0.7799999999999998,0.35,0.0,0.08,0.51,0.06
1710,0.7883333333333333,0.26,0.0,0.13,0.52,0.09
1711,0.8166666666666665,0.33,0.0,0.16,0.4,0.11
1712,0.8387631008730643,0.34,0.0,0.18,0.32,0.16
1713,0.8266666666666667,0.37,0.0,0.2,0.23,0.2
1714,0.8241928684127948,0.37,0.0,0.21,0.16,0.26
1715,0.8250524034922564,0.38,0.0,0.22,0.13,0.27
1716,0.8513941096037047,0.26,0.0,0.29,0.18,0.27
1717,0.8318238771434356,0.26,0.0,0.31,0.19,0.24
1718,0.8226834122228972,0.21,0.0,0.37,0.17,0.25
1719,0.6666666666666665,0.15,0.0,0.44,0.18,0.23
1720,0.6499999999999999,0.17,0.0,0.45,0.21,0.17
1721,0.745,0.2,0.0,0.31,0.34,0.15
1722,0.7583333333333334,0.2,0.0,0.3,0.34,0.16
1723,0.7809336035182857,0.23,0.0,0.18,0.35,0.24
1724,0.8092669368516187,0.31,0.0,0.08,0.37,0.24
1725,0.8059336035182855,0.31,0.0,0.03,0.38,0.28
1726,0.8166666666666668,0.25,0.0,0.07,0.41,0.27
1727,0.8366666666666666,0.18,0.0,0.05,0.52,0.25
1728,0.7866666666666666,0.17,0.0,0.02,0.5,0.31
1729,0.7250000000000003,0.18,0.0,0.03,0.63,0.16
1730,0.7366666666666668,0.2,0.0,0.02,0.61,0.17
1731,0.7383333333333334,0.2,0.0,0.04,0.58,0.18
1732,0.7516666666666668,0.2,0.0,0.03,0.55,0.22
1733,0.7733333333333334,0.18,0.0,0.11,0.49,0.22
1734,0.7717944441662052,0.12,0.0,0.15,0.49,0.24
1735,0.777966911833556,0.15,0.0,0.18,0.38,0.29
1736,0.7892671570004456,0.15,0.0,0.21,0.3,0.34
1737,0.7996335785002224,0.2,0.0,0.24,0.27,0.29
1738,0.820933823667112,0.15,0.0,0.31,0.24,0.3
1739,0.6449999999999999,0.16,0.0,0.33,0.23,0.28
1740,0.695,0.17,0.0,0.22,0.31,0.3
1741,0.7399999999999999,0.28,0.0,0.15,0.34,0.23
1742,0.7633333333333333,0.28,0.0,0.09,0.33,0.3
1743,0.7899999999999998,0.28,0.0,0.05,0.39,0.28
1744,0.8483333333333332,0.25,0.0,0.03,0.47,0.25
1745,0.8716666666666668,0.23,0.0,0.03,0.54,0.2
1746,0.8783333333333334,0.26,0.0,0.02,0.57,0.15
1747,0.8649999999999999,0.28,0.0,0.04,0.52,0.16
1748,0.8933333333333334,0.21,0.0,0.06,0.59,0.14
1749,0.745,0.23,0.0,0.02,0.51,0.24
1750,0.7616666666666668,0.24,0.0,0.0,0.55,0.21
1751,0.7833333333333331,0.32,0.0,0.02,0.45,0.21
1752,0.8133183467745766,0.42,0.0,0.01,0.38,0.19
1753,0.8166516801079102,0.45,0.0,0.08,0.3,0.17
1754,0.8265391339704078,0.43,0.0,0.11,0.29,0.17
1755,0.8383333333333332,0.42,0.0,0.14,0.27,0.17
1756,0.8433333333333332,0.49,0.0,0.12,0.25,0.14
1757,0.8433333333333332,0.47,0.0,0.15,0.26,0.12
1758,0.8616690546504551,0.48,0.0,0.18,0.24,0.1
1759,0.7600000000000002,0.48,0.0,0.17,0.19,0.16
1760,0.7974441309228143,0.48,0.0,0.12,0.22,0.18
1761,0.8166666666666665,0.58,0.0,0.09,0.18,0.15
1762,0.8574441309228144,0.56,0.0,0.05,0.25,0.14
1763,0.8433902714594769,0.53,0.0,0.06,0.29,0.12
1764,0.8333333333333333,0.54,0.0,0.08,0.24,0.14
1765,0.8367805429189535,0.6,0.0,0.04,0.3,0.06
1766,0.9183333333333333,0.54,0.0,0.05,0.39,0.02
1767,0.8882115486182002,0.45,0.0,0.04,0.46,0.05
1768,0.8907774642561477,0.44,0.0,0.01,0.49,0.06
1769,0.7966666666666665,0.37,0.0,0.01,0.53,0.09
1770,0.8249999999999994,0.36,0.0,0.03,0.47,0.14
1771,0.8133333333333331,0.34,0.0,0.02,0.48,0.16
1772,0.8283333333333331,0.36,0.0,0.02,0.42,0.2
1773,0.8049999999999997,0.3,0.0,0.05,0.37,0.28
1774,0.8133333333333336,0.34,0.0,0.06,0.32,0.28
1775,0.835,0.37,0.0,0.08,0.25,0.3
1776,0.8366666666666673,0.39,0.0,0.08,0.25,0.28
1777,0.8550000000000001,0.44,0.0,0.12,0.21,0.23
1778,0.8516666666666667,0.44,0.0,0.19,0.17,0.2
1779,0.7883333333333334,0.47,0.0,0.21,0.15,0.17
1780,0.7949999999999998,0.56,0.0,0.2,0.14,0.1
1781,0.8283333333333335,0.54,0.0,0.19,0.19,0.08
1782,0.8383333333333334,0.56,0.0,0.14,0.22,0.08
1783,0.8333333333333335,0.51,0.0,0.15,0.29,0.05
1784,0.87,0.56,0.0,0.1,0.29,0.05
1785,0.8783333333333334,0.56,0.0,0.1,0.29,0.05
1786,0.905,0.49,0.0,0.04,0.4,0.07
1787,0.9166666666666665,0.47,0.0,0.02,0.43,0.08
1788,0.8766666666666667,0.41,0.0,0.04,0.49,0.06
1789,0.7683333333333334,0.41,0.0,0.03,0.48,0.08
1790,0.7634698982945632,0.35,0.0,0.06,0.44,0.15
1791,0.7834698982945635,0.4,0.0,0.07,0.38,0.15
1792,0.8083333333333332,0.43,0.0,0.11,0.34,0.12
1793,0.801939796589127,0.43,0.0,0.1,0.28,0.19
1794,0.8381524653086291,0.47,0.0,0.17,0.18,0.18
1795,0.8337430282170236,0.45,0.0,0.23,0.17,0.15
1796,0.8504096948836903,0.42,0.0,0.29,0.17,0.12
1797,0.8314689139019339,0.41,0.0,0.26,0.21,0.12
1798,0.8399556969365257,0.43,0.0,0.3,0.19,0.08
1799,0.6849999999999998,0.43,0.0,0.32,0.12,0.13
1800,0.71,0.49,0.0,0.26,0.14,0.11
1801,0.7748199160654266,0.43,0.0,0.22,0.21,0.14
1802,0.7616666666666667,0.5,0.0,0.17,0.2,0.13
1803,0.8149099580327133,0.58,0.0,0.15,0.15,0.12
1804,0.8232432913660466,0.53,0.0,0.19,0.22,0.06
1805,0.8566666666666667,0.52,0.0,0.13,0.3,0.05
1806,0.8566666666666666,0.5,0.0,0.14,0.32,0.04
1807,0.8450000000000002,0.49,0.0,0.17,0.31,0.03
1808,0.8683333333333333,0.48,0.0,0.15,0.33,0.04
1809,0.7800000000000002,0.47,0.0,0.06,0.4,0.07
1810,0.7949999999999998,0.46,0.0,0.04,0.36,0.14
1811,0.8116666666666669,0.5,0.0,0.09,0.31,0.1
1812,0.79,0.46,0.0,0.16,0.29,0.09
1813,0.8149999999999998,0.37,0.0,0.27,0.27,0.09
1814,0.8083333333333332,0.29,0.0,0.34,0.31,0.06
1815,0.8099999999999998,0.3,0.0,0.36,0.28,0.06
1816,0.8333333333333337,0.28,0.0,0.4,0.26,0.06
1817,0.8499999999999999,0.25,0.0,0.52,0.21,0.02
1818,0.8766666666666666,0.25,0.0,0.58,0.14,0.03
1819,0.5916666666666666,0.27,0.0,0.61,0.08,0.04
1820,0.6433333333333334,0.31,0.0,0.52,0.14,0.03
1821,0.6749999999999997,0.27,0.0,0.47,0.23,0.03
1822,0.7249999999999999,0.3,0.0,0.33,0.31,0.06
1823,0.8133333333333336,0.35,0.0,0.13,0.48,0.04
1824,0.7933910162180163,0.4,0.0,0.07,0.44,0.09
1825,0.8204043747414498,0.32,0.0,0.04,0.5,0.14
1826,0.8161159204517914,0.37,0.0,0.06,0.5,0.07
1827,0.7994204123427834,0.31,0.0,0.06,0.52,0.11
1828,0.8283910162180166,0.31,0.0,0.05,0.53,0.11
1829,0.7750000000000005,0.37,0.0,0.06,0.49,0.08
1830,0.8033333333333332,0.37,0.0,0.09,0.4,0.14
1831,0.7816666666666667,0.35,0.0,0.09,0.44,0.12
1832,0.821501465781721,0.44,0.0,0.11,0.36,0.09
1833,0.8265014657817208,0.47,0.0,0.16,0.27,0.1
1834,0.8564188653392477,0.54,0.0,0.18,0.18,0.1
1835,0.8607978769727243,0.59,0.0,0.18,0.15,0.08
1836,0.8335928223820072,0.54,0.0,0.16,0.18,0.12
1837,0.845880477415197,0.5,0.0,0.2,0.17,0.13
1838,0.8493160842976237,0.44,0.0,0.27,0.18,0.11
1839,0.7216666666666669,0.39,0.0,0.34,0.2,0.07
1840,0.7416666666666668,0.44,0.0,0.24,0.26,0.06
1841,0.8033333333333335,0.44,0.0,0.25,0.27,0.04
1842,0.7783333333333331,0.41,0.0,0.21,0.32,0.06
1843,0.7983333333333333,0.45,0.0,0.19,0.3,0.06
1844,0.8133333333333332,0.51,0.0,0.17,0.27,0.05
1845,0.8266666666666665,0.46,0.0,0.15,0.33,0.06
1846,0.8516666666666667,0.5,0.0,0.13,0.35,0.02
1847,0.8866666666666667,0.57,0.0,0.09,0.34,0.0
1848,0.8916666666666667,0.56,0.0,0.06,0.35,0.03
1849,0.8633333333333332,0.59,0.0,0.07,0.32,0.02
1850,0.8650000000000003,0.6,0.0,0.02,0.35,0.03
1851,0.8627500161403866,0.61,0.0,0.04,0.29,0.06
1852,0.8610833494737201,0.53,0.0,0.06,0.35,0.06
1853,0.8633333333333336,0.52,0.0,0.11,0.33,0.04
1854,0.8488333656141063,0.53,0.0,0.12,0.28,0.07
1855,0.846666666666667,0.49,0.0,0.1,0.29,0.12
1856,0.875,0.54,0.0,0.14,0.22,0.1
1857,0.8950000000000002,0.58,0.0,0.16,0.13,0.13
1858,0.9253205235447495,0.68,0.0,0.17,0.08,0.07
1859,0.8383333333333334,0.66,0.0,0.19,0.07,0.08
1860,0.8401731822353945,0.7,0.0,0.14,0.11,0.05
1861,0.8466666666666667,0.81,0.0,0.07,0.09,0.03
1862,0.896839848902061,0.8,0.0,0.07,0.1,0.03
1863,0.8601731822353943,0.74,0.0,0.13,0.13,0.0
1864,0.8740437618200961,0.68,0.0,0.09,0.22,0.01
1865,0.89,0.69,0.0,0.1,0.18,0.03
1866,0.8933123398901145,0.66,0.0,0.11,0.19,0.04
1867,0.8783228366117242,0.68,0.0,0.04,0.24,0.04
1868,0.905,0.66,0.0,0.04,0.27,0.03
1869,0.8683333333333332,0.68,0.0,0.05,0.25,0.02
1870,0.8933333333333334,0.62,0.0,0.1,0.25,0.03
1871,0.873333333333333,0.6,0.0,0.1,0.27,0.03
1872,0.8716666666666666,0.58,0.0,0.09,0.28,0.05
1873,0.8533333333333332,0.58,0.0,0.07,0.29,0.06
1874,0.853333333333333,0.6,0.0,0.07,0.3,0.03
1875,0.8883333333333332,0.6,0.0,0.11,0.26,0.03
1876,0.8849999999999999,0.62,0.0,0.1,0.24,0.04
1877,0.8983333333333333,0.62,0.0,0.14,0.21,0.03
1878,0.9083333333333333,0.6,0.0,0.13,0.21,0.06
1879,0.8066666666666664,0.64,0.0,0.1,0.17,0.09
1880,0.8402402495771986,0.6,0.0,0.08,0.22,0.1
1881,0.8283333333333335,0.66,0.0,0.12,0.17,0.05
1882,0.89,0.69,0.0,0.13,0.14,0.04
1883,0.8683333333333334,0.61,0.0,0.11,0.23,0.05
1884,0.85,0.6,0.0,0.11,0.25,0.04
1885,0.86,0.61,0.0,0.12,0.24,0.03
1886,0.8467735601351439,0.58,0.0,0.15,0.23,0.04
1887,0.8833333333333332,0.53,0.0,0.11,0.31,0.05
1888,0.8850000000000001,0.44,0.0,0.13,0.4,0.03
1889,0.8366666666666667,0.56,0.0,0.13,0.29,0.02
1890,0.8550000000000001,0.58,0.0,0.19,0.21,0.02
1891,0.866666666666667,0.61,0.0,0.21,0.15,0.03
1892,0.83,0.6,0.0,0.13,0.24,0.03
1893,0.8750000000000004,0.67,0.0,0.12,0.18,0.03
1894,0.8466666666666669,0.61,0.0,0.17,0.19,0.03
1895,0.8700000000000004,0.62,0.0,0.19,0.18,0.01
1896,0.8883333333333335,0.73,0.0,0.15,0.11,0.01
1897,0.896666666666667,0.69,0.0,0.21,0.07,0.03
1898,0.8883333333333338,0.66,0.0,0.26,0.05,0.03
1899,0.77,0.55,0.0,0.28,0.1,0.07
1900,0.8249999999999998,0.53,0.0,0.26,0.15,0.06
1901,0.8033333333333332,0.49,0.0,0.3,0.18,0.03
1902,0.8266666666666665,0.54,0.0,0.25,0.16,0.05
1903,0.83,0.51,0.0,0.25,0.19,0.05
1904,0.8116666666666668,0.51,0.0,0.22,0.19,0.08
1905,0.8583333333333333,0.52,0.0,0.11,0.27,0.1
1906,0.8783333333333334,0.66,0.0,0.1,0.15,0.09
1907,0.8816666666666667,0.72,0.0,0.09,0.12,0.07
1908,0.9029537591236542,0.84,0.0,0.06,0.06,0.04
1909,0.8866666666666667,0.85,0.0,0.03,0.07,0.05
1910,0.8900000000000002,0.87,0.0,0.03,0.08,0.02
1911,0.8766666666666668,0.86,0.0,0.06,0.08,0.0
1912,0.8933333333333333,0.81,0.0,0.12,0.07,0.0
1913,0.8766795638489218,0.69,0.0,0.14,0.17,0.0
1914,0.8699999999999999,0.66,0.0,0.2,0.12,0.02
1915,0.9,0.64,0.0,0.25,0.09,0.02
1916,0.8694741881553553,0.54,0.0,0.3,0.1,0.06
1917,0.8877102895403164,0.51,0.0,0.37,0.03,0.09
1918,0.8891257126323455,0.59,0.0,0.29,0.04,0.08
1919,0.7316666666666667,0.51,0.0,0.34,0.05,0.1
1920,0.8283333333333336,0.6,0.0,0.23,0.07,0.1
1921,0.8383333333333334,0.62,0.0,0.22,0.09,0.07
1922,0.8716666666666667,0.64,0.0,0.22,0.11,0.03
1923,0.8916666666666666,0.69,0.0,0.16,0.14,0.01
1924,0.9066666666666666,0.71,0.0,0.18,0.1,0.01
1925,0.8633333333333332,0.68,0.0,0.17,0.11,0.04
1926,0.8833333333333333,0.67,0.0,0.2,0.09,0.04
1927,0.905,0.64,0.0,0.2,0.13,0.03
1928,0.8933333333333333,0.59,0.0,0.25,0.15,0.01
1929,0.8616666666666666,0.61,0.0,0.2,0.15,0.04
1930,0.8683333333333336,0.6,0.0,0.25,0.14,0.01
1931,0.870671853369568,0.6,0.0,0.24,0.14,0.02
1932,0.8816666666666666,0.57,0.0,0.25,0.14,0.04
1933,0.8906366402808473,0.55,0.0,0.25,0.12,0.08
1934,0.8897930221045632,0.41,0.0,0.37,0.12,0.1
1935,0.8817281456456284,0.43,0.0,0.33,0.09,0.15
1936,0.8984923866810623,0.41,0.0,0.41,0.05,0.13
1937,0.8818511963742232,0.36,0.0,0.42,0.06,0.16
1938,0.8904772073002857,0.34,0.0,0.47,0.03,0.16
1939,0.6516666666666666,0.32,0.0,0.48,0.02,0.18
1940,0.7416666666666666,0.42,0.0,0.33,0.02,0.23
1941,0.7730252800535383,0.52,0.0,0.25,0.04,0.19
1942,0.7828890937079156,0.57,0.0,0.18,0.07,0.18
1943,0.8157781874158314,0.6,0.0,0.18,0.13,0.09
1944,0.8440758401606149,0.67,0.0,0.13,0.13,0.07
1945,0.829691946720205,0.69,0.0,0.14,0.13,0.04
1946,0.8331971469877107,0.64,0.0,0.2,0.15,0.01
1947,0.8031971469877105,0.59,0.0,0.23,0.15,0.03
1948,0.8265304803210439,0.58,0.0,0.15,0.24,0.03
1949,0.8483333333333336,0.63,0.0,0.08,0.27,0.02
1950,0.8530098261100271,0.64,0.0,0.09,0.22,0.05
1951,0.8694547403261084,0.61,0.0,0.11,0.23,0.05
1952,0.8729713989488519,0.62,0.0,0.1,0.24,0.04
1953,0.8465312009271077,0.52,0.0,0.11,0.21,0.16
1954,0.8564489783425825,0.47,0.0,0.2,0.13,0.2
1955,0.8867529533776931,0.5,0.0,0.21,0.13,0.16
1956,0.8658827532391825,0.41,0.0,0.27,0.14,0.18
1957,0.8719349760425533,0.39,0.0,0.28,0.14,0.19
1958,0.8999092732146834,0.38,0.0,0.34,0.11,0.17
1959,0.735,0.49,0.0,0.24,0.07,0.2
1960,0.7983333333333335,0.63,0.0,0.13,0.1,0.14
1961,0.8400000000000002,0.72,0.0,0.09,0.06,0.13
1962,0.8699999999999999,0.84,0.0,0.08,0.06,0.02
1963,0.872031931951041,0.77,0.0,0.11,0.1,0.02
1964,0.89,0.8,0.0,0.08,0.1,0.02
1965,0.8520319319510409,0.76,0.0,0.11,0.13,0.0
1966,0.8883333333333333,0.8,0.0,0.07,0.12,0.01
1967,0.9086985986177076,0.7,0.0,0.06,0.23,0.01
1968,0.9212725069176312,0.72,0.0,0.05,0.23,0.0
1969,0.8383333333333333,0.6,0.0,0.08,0.31,0.01
1970,0.8416666666666666,0.54,0.0,0.08,0.36,0.02
1971,0.8400000000000004,0.61,0.0,0.12,0.23,0.04
1972,0.8716666666666667,0.67,0.0,0.09,0.18,0.06
1973,0.8366666666666671,0.68,0.0,0.07,0.22,0.03
1974,0.86,0.67,0.0,0.09,0.19,0.05
1975,0.8200000000000002,0.63,0.0,0.12,0.22,0.03
1976,0.8466666666666671,0.53,0.0,0.16,0.23,0.08
1977,0.8851978674350934,0.66,0.0,0.14,0.16,0.04
1978,0.915,0.65,0.0,0.17,0.16,0.02
1979,0.775,0.67,0.0,0.22,0.11,0.0
1980,0.8799999999999999,0.75,0.0,0.16,0.09,0.0
1981,0.8433333333333334,0.77,0.0,0.13,0.1,0.0
1982,0.8807385629179535,0.81,0.0,0.08,0.09,0.02
1983,0.8807385629179535,0.74,0.0,0.11,0.11,0.04
1984,0.8731437925025738,0.74,0.0,0.11,0.14,0.01
1985,0.9024052295846201,0.71,0.0,0.1,0.19,0.0
1986,0.8923893323777037,0.64,0.0,0.08,0.28,0.0
1987,0.9057385629179535,0.62,0.0,0.05,0.29,0.04
1988,0.8990718962512869,0.69,0.0,0.04,0.22,0.05
1989,0.8416666666666667,0.59,0.0,0.05,0.31,0.05
1990,0.8466666666666671,0.58,0.0,0.06,0.28,0.08
1991,0.8833333333333334,0.58,0.0,0.16,0.14,0.12
1992,0.8919713349966242,0.68,0.0,0.16,0.08,0.08
1993,0.9119713349966238,0.71,0.0,0.16,0.06,0.07
1994,0.9133333333333334,0.67,0.0,0.18,0.04,0.11
1995,0.9133333333333334,0.59,0.0,0.27,0.04,0.1
1996,0.9216666666666665,0.57,0.0,0.36,0.0,0.07
1997,0.9133333333333334,0.47,0.0,0.42,0.02,0.09
1998,0.907122329792427,0.49,0.0,0.38,0.04,0.09
1999,0.7,0.46,0.0,0.34,0.08,0.12
2000,0.7347708373951515,0.46,0.0,0.28,0.14,0.12
2001,0.7866666666666667,0.57,0.0,0.23,0.12,0.08
2002,0.875,0.64,0.0,0.11,0.16,0.09
2003,0.8983333333333334,0.64,0.0,0.12,0.19,0.05
2004,0.9033333333333334,0.68,0.0,0.11,0.18,0.03
2005,0.9066666666666666,0.72,0.0,0.08,0.18,0.02
2006,0.9366666666666669,0.77,0.0,0.03,0.2,0.0
2007,0.9416666666666665,0.79,0.0,0.03,0.18,0.0
2008,0.9593841656775066,0.8,0.0,0.01,0.18,0.01
2009,0.8316666666666667,0.73,0.0,0.06,0.18,0.03
2010,0.8483333333333336,0.68,0.0,0.08,0.23,0.01
2011,0.843333333333333,0.66,0.0,0.13,0.2,0.01
2012,0.8850000000000005,0.7,0.0,0.14,0.15,0.01
2013,0.8916666666666668,0.73,0.0,0.1,0.12,0.05
2014,0.9349999999999998,0.8,0.0,0.1,0.05,0.05
2015,0.9366666666666668,0.79,0.0,0.12,0.05,0.04
2016,0.92,0.76,0.0,0.1,0.09,0.05
2017,0.8983333333333334,0.76,0.0,0.06,0.1,0.08
2018,0.9170287846541485,0.82,0.0,0.08,0.06,0.04
2019,0.7516666666666666,0.73,0.0,0.13,0.09,0.05
2020,0.8083333333333335,0.74,0.0,0.12,0.11,0.03
2021,0.795,0.72,0.0,0.16,0.1,0.02
2022,0.8433333333333333,0.75,0.0,0.15,0.09,0.01
2023,0.8566666666666667,0.71,0.0,0.14,0.15,0.0
2024,0.9083333333333333,0.71,0.0,0.11,0.18,0.0
2025,0.9066666666666667,0.68,0.0,0.16,0.16,0.0
2026,0.895,0.68,0.0,0.12,0.17,0.03
2027,0.8883333333333334,0.71,0.0,0.07,0.19,0.03
2028,0.8750000000000003,0.63,0.0,0.11,0.25,0.01
2029,0.7816666666666666,0.63,0.0,0.06,0.31,0.0
2030,0.8150000000000003,0.62,0.0,0.11,0.26,0.01
2031,0.8533333333333334,0.67,0.0,0.07,0.23,0.03
2032,0.8724131012664599,0.71,0.0,0.05,0.19,0.05
2033,0.8443027260965761,0.59,0.0,0.11,0.17,0.13
2034,0.8886054521931515,0.62,0.0,0.18,0.08,0.12
2035,0.9143027260965756,0.68,0.0,0.16,0.1,0.06
2036,0.9033333333333338,0.62,0.0,0.24,0.11,0.03
2037,0.9118702645211023,0.65,0.0,0.2,0.08,0.07
2038,0.886666666666667,0.65,0.0,0.18,0.12,0.05
2039,0.835,0.67,0.0,0.2,0.06,0.07
2040,0.7883333333333334,0.65,0.0,0.27,0.06,0.02
2041,0.8150000000000002,0.72,0.0,0.17,0.07,0.04
2042,0.8153211321321323,0.63,0.0,0.18,0.14,0.05
2043,0.8533291680931394,0.56,0.0,0.14,0.22,0.08
2044,0.8933291680931393,0.5,0.0,0.1,0.31,0.09
2045,0.87997917379903,0.39,0.0,0.09,0.42,0.1
2046,0.8711637714175527,0.45,0.0,0.05,0.4,0.1
2047,0.9333250028529454,0.56,0.0,0.02,0.38,0.04
2048,0.9033291680931392,0.59,0.0,0.01,0.33,0.07
2049,0.7866666666666668,0.5,0.0,0.02,0.37,0.11
2050,0.8183333333333332,0.57,0.0,0.04,0.3,0.09
2051,0.8566666666666669,0.59,0.0,0.09,0.24,0.08
2052,0.8866666666666666,0.59,0.0,0.16,0.2,0.05
2053,0.8833333333333334,0.52,0.0,0.2,0.2,0.08
2054,0.8860329478332103,0.44,0.0,0.27,0.18,0.11
2055,0.8816666666666668,0.37,0.0,0.3,0.22,0.11
2056,0.8716666666666666,0.32,0.0,0.37,0.17,0.14
2057,0.9200000000000003,0.27,0.0,0.56,0.08,0.09
2058,0.9066666666666667,0.27,0.0,0.54,0.09,0.1
2059,0.6,0.27,0.0,0.57,0.09,0.07
2060,0.6783333333333332,0.23,0.0,0.59,0.13,0.05
2061,0.7003592349291736,0.24,0.0,0.59,0.13,0.04
2062,0.6857184698583468,0.29,0.0,0.48,0.16,0.07
2063,0.7136925682625068,0.25,0.0,0.46,0.21,0.08
2064,0.74,0.28,0.0,0.42,0.22,0.08
2065,0.7550000000000001,0.36,0.0,0.33,0.26,0.05
2066,0.8133333333333335,0.39,0.0,0.21,0.35,0.05
2067,0.8394237537366007,0.42,0.0,0.2,0.35,0.03
2068,0.8783333333333333,0.35,0.0,0.16,0.45,0.04
2069,0.79,0.29,0.0,0.14,0.53,0.04
2070,0.8150000000000002,0.39,0.0,0.14,0.43,0.04
2071,0.82,0.35,0.0,0.16,0.44,0.05
2072,0.8500000000000001,0.44,0.0,0.2,0.29,0.07
2073,0.8566666666666666,0.47,0.0,0.18,0.2,0.15
2074,0.8600000000000003,0.47,0.0,0.2,0.14,0.19
2075,0.8566666666666665,0.52,0.0,0.18,0.13,0.17
2076,0.8899999999999999,0.47,0.0,0.24,0.1,0.19
2077,0.8916666666666668,0.45,0.0,0.3,0.09,0.16
2078,0.8900000000000005,0.51,0.0,0.25,0.13,0.11
2079,0.7133333333333333,0.54,0.0,0.26,0.1,0.1
2080,0.7450000000000001,0.58,0.0,0.23,0.12,0.07
2081,0.7250000000000001,0.63,0.0,0.21,0.12,0.04
2082,0.7966666666666667,0.65,0.0,0.21,0.13,0.01
2083,0.8199999999999998,0.68,0.0,0.16,0.16,0.0
2084,0.85,0.69,0.0,0.12,0.17,0.02
2085,0.9116666666666667,0.65,0.0,0.08,0.26,0.01
2086,0.915,0.67,0.0,0.05,0.24,0.04
2087,0.8866666666666666,0.66,0.0,0.06,0.24,0.04
2088,0.9183333333333333,0.51,0.0,0.08,0.38,0.03
2089,0.8099999999999997,0.52,0.0,0.06,0.41,0.01
2090,0.8483333333333336,0.54,0.0,0.08,0.33,0.05
2091,0.828333333333333,0.48,0.0,0.12,0.32,0.08
2092,0.8583333333333336,0.58,0.0,0.08,0.26,0.08
2093,0.8566666666666667,0.59,0.0,0.11,0.18,0.12
2094,0.8700000000000003,0.56,0.0,0.19,0.15,0.1
2095,0.8616666666666666,0.49,0.0,0.29,0.14,0.08
2096,0.8883333333333335,0.45,0.0,0.39,0.08,0.08
2097,0.866666666666667,0.37,0.0,0.47,0.07,0.09
2098,0.8866666666666668,0.27,0.0,0.52,0.1,0.11
2099,0.6833333333333331,0.36,0.0,0.45,0.07,0.12
2100,0.7433333333333333,0.45,0.0,0.29,0.14,0.12
2101,0.7983333333333335,0.58,0.0,0.2,0.17,0.05
2102,0.8316666666666667,0.53,0.0,0.2,0.23,0.04
2103,0.8216666666666668,0.47,0.0,0.1,0.31,0.12
2104,0.8266666666666667,0.42,0.0,0.11,0.32,0.15
2105,0.8666666666666667,0.47,0.0,0.04,0.35,0.14
2106,0.8816666666666667,0.48,0.0,0.06,0.38,0.08
2107,0.9233333333333333,0.54,0.0,0.01,0.39,0.06
2108,0.905,0.45,0.0,0.05,0.44,0.06
2109,0.8133333333333335,0.51,0.0,0.04,0.39,0.06
2110,0.8433333333333334,0.58,0.0,0.04,0.31,0.07
2111,0.8199999999999998,0.58,0.0,0.08,0.26,0.08
2112,0.8350000000000002,0.61,0.0,0.12,0.2,0.07
2113,0.8666666666666667,0.65,0.0,0.11,0.17,0.07
2114,0.8816666666666667,0.63,0.0,0.14,0.15,0.08
2115,0.9053126088986484,0.68,0.0,0.13,0.12,0.07
2116,0.8803126088986484,0.6,0.0,0.17,0.11,0.12
2117,0.8803126088986483,0.63,0.0,0.16,0.09,0.12
2118,0.8966666666666666,0.76,0.0,0.1,0.05,0.09
2119,0.8400000000000002,0.7,0.0,0.13,0.09,0.08
2120,0.8483333333333333,0.77,0.0,0.1,0.1,0.03
2121,0.92,0.77,0.0,0.08,0.13,0.02
2122,0.9050000000000001,0.86,0.0,0.06,0.08,0.0
2123,0.9103223397759405,0.78,0.0,0.09,0.13,0.0
2124,0.8949999999999999,0.71,0.0,0.14,0.14,0.01
2125,0.8933333333333334,0.62,0.0,0.16,0.21,0.01
2126,0.9033333333333334,0.73,0.0,0.11,0.15,0.01
2127,0.8716666666666667,0.68,0.0,0.1,0.21,0.01
2128,0.9066666666666667,0.67,0.0,0.04,0.27,0.02
2129,0.8700000000000001,0.69,0.0,0.05,0.23,0.03
2130,0.8736078334317342,0.65,0.0,0.06,0.23,0.06
2131,0.8919411667650672,0.63,0.0,0.12,0.22,0.03
2132,0.9083333333333337,0.68,0.0,0.13,0.16,0.03
2133,0.9066666666666667,0.69,0.0,0.17,0.11,0.03
2134,0.9033333333333333,0.61,0.0,0.24,0.12,0.03
2135,0.9150000000000001,0.66,0.0,0.22,0.06,0.06
2136,0.9466666666666668,0.66,0.0,0.29,0.03,0.02
2137,0.9416666666666668,0.66,0.0,0.28,0.04,0.02
2138,0.88,0.53,0.0,0.33,0.09,0.05
2139,0.745,0.56,0.0,0.3,0.08,0.06
2140,0.775,0.56,0.0,0.23,0.15,0.06
2141,0.8033333333333335,0.57,0.0,0.19,0.16,0.08
2142,0.8199999999999997,0.59,0.0,0.15,0.22,0.04
2143,0.8433333333333337,0.39,0.0,0.2,0.38,0.03
2144,0.8416666666666667,0.46,0.0,0.14,0.34,0.06
2145,0.8833333333333335,0.46,0.0,0.12,0.39,0.03
2146,0.8741493918431972,0.45,0.0,0.13,0.38,0.04
2147,0.8874827251765306,0.46,0.0,0.11,0.38,0.05
2148,0.9008160585098643,0.4,0.0,0.07,0.5,0.03
2149,0.7566666666666666,0.31,0.0,0.1,0.53,0.06
2150,0.7716666666666664,0.35,0.0,0.08,0.49,0.08
2151,0.78,0.34,0.0,0.14,0.4,0.12
2152,0.8050000000000004,0.38,0.0,0.14,0.39,0.09
2153,0.8166666666666665,0.41,0.0,0.19,0.31,0.09
2154,0.8316666666666669,0.46,0.0,0.2,0.23,0.11
2155,0.8516666666666669,0.44,0.0,0.26,0.14,0.16
2156,0.836604993845826,0.41,0.0,0.25,0.14,0.2
2157,0.8514816482041447,0.45,0.0,0.24,0.1,0.21
2158,0.8779632964082894,0.51,0.0,0.3,0.06,0.13
2159,0.7766666666666667,0.56,0.0,0.26,0.07,0.11
2160,0.7816666666666667,0.55,0.0,0.26,0.14,0.05
2161,0.8166666666666668,0.59,0.0,0.19,0.17,0.05
2162,0.8316666666666666,0.56,0.0,0.24,0.15,0.05
2163,0.8331451630608205,0.54,0.0,0.23,0.19,0.04
2164,0.825,0.56,0.0,0.15,0.24,0.05
2165,0.8366666666666666,0.55,0.0,0.16,0.26,0.03
2166,0.8350000000000002,0.54,0.0,0.17,0.28,0.01
2167,0.8483333333333334,0.58,0.0,0.11,0.29,0.02
2168,0.9066666666666666,0.62,0.0,0.08,0.3,0.0
2169,0.8166666666666669,0.67,0.0,0.09,0.21,0.03
2170,0.8066666666666671,0.59,0.0,0.13,0.18,0.1
2171,0.8116666666666668,0.61,0.0,0.14,0.2,0.05
2172,0.8283333333333335,0.52,0.0,0.14,0.26,0.08
2173,0.8499999999999998,0.63,0.0,0.09,0.21,0.07
2174,0.846666666666667,0.64,0.0,0.09,0.19,0.08
2175,0.871666666666667,0.57,0.0,0.19,0.21,0.03
2176,0.8866666666666667,0.45,0.0,0.28,0.24,0.03
2177,0.8800000000000003,0.49,0.0,0.33,0.15,0.03
2178,0.8700000000000001,0.43,0.0,0.34,0.19,0.04
2179,0.785,0.48,0.0,0.34,0.13,0.05
2180,0.82,0.63,0.0,0.25,0.09,0.03
2181,0.8333333333333333,0.59,0.0,0.25,0.08,0.08
2182,0.8533333333333333,0.56,0.0,0.19,0.17,0.08
2183,0.8321826249834148,0.52,0.0,0.15,0.21,0.12
2184,0.8483333333333334,0.55,0.0,0.1,0.22,0.13
2185,0.8809098097686401,0.59,0.0,0.07,0.23,0.11
2186,0.8433333333333334,0.57,0.0,0.07,0.19,0.17
2187,0.8625377265791865,0.69,0.0,0.08,0.15,0.08
2188,0.8866666666666667,0.67,0.0,0.07,0.17,0.09
2189,0.8249999999999998,0.66,0.0,0.04,0.21,0.09
2190,0.82,0.65,0.0,0.07,0.18,0.1
2191,0.855,0.74,0.0,0.08,0.12,0.06
2192,0.8599854185030871,0.69,0.0,0.07,0.17,0.07
2193,0.89,0.66,0.0,0.11,0.13,0.1
2194,0.8649999999999998,0.57,0.0,0.18,0.16,0.09
2195,0.8883333333333335,0.57,0.0,0.23,0.13,0.07
2196,0.8800000000000001,0.56,0.0,0.31,0.07,0.06
2197,0.8574677878627373,0.47,0.0,0.33,0.12,0.08
2198,0.8932689090588087,0.42,0.0,0.4,0.09,0.09
2199,0.735,0.34,0.0,0.47,0.11,0.08
2200,0.7668993836613447,0.47,0.0,0.37,0.1,0.06
2201,0.8150000000000002,0.58,0.0,0.23,0.14,0.05
2202,0.8349999999999999,0.63,0.0,0.15,0.18,0.04
2203,0.8621950688358478,0.67,0.0,0.1,0.18,0.05
2204,0.8702327169946779,0.62,0.0,0.11,0.22,0.05
2205,0.8818993836613447,0.62,0.0,0.13,0.19,0.06
2206,0.8531347807059432,0.62,0.0,0.09,0.24,0.05
2207,0.9235583613748024,0.5,0.0,0.07,0.39,0.04
2208,0.8978281488317686,0.52,0.0,0.07,0.37,0.04
2209,0.7983333333333333,0.55,0.0,0.04,0.38,0.03
2210,0.8194746650154283,0.47,0.0,0.06,0.4,0.07
2211,0.8439493300308569,0.49,0.0,0.07,0.38,0.06
2212,0.8674639867900923,0.58,0.0,0.09,0.27,0.06
2213,0.8664133168209489,0.55,0.0,0.11,0.28,0.06
2214,0.8720833757938347,0.51,0.0,0.14,0.29,0.06
2215,0.8906624717035568,0.55,0.0,0.13,0.23,0.09
2216,0.8842213151697104,0.48,0.0,0.17,0.26,0.09
2217,0.8831837564817989,0.4,0.0,0.24,0.28,0.08
2218,0.878916637454739,0.36,0.0,0.26,0.23,0.15
2219,0.7433333333333334,0.36,0.0,0.21,0.27,0.16
2220,0.7366666666666662,0.4,0.0,0.13,0.29,0.18
2221,0.7716666666666668,0.48,0.0,0.08,0.28,0.16
2222,0.7906453481633875,0.57,0.0,0.05,0.26,0.12
2223,0.7878226740816942,0.49,0.0,0.08,0.3,0.13
2224,0.8037600352400925,0.41,0.0,0.11,0.35,0.13
2225,0.8152080556501308,0.34,0.0,0.09,0.39,0.18
2226,0.8466666666666667,0.26,0.0,0.1,0.49,0.15
2227,0.8726040278250656,0.24,0.0,0.1,0.56,0.1
2228,0.8729390970091272,0.28,0.0,0.05,0.55,0.12
2229,0.7583333333333332,0.3,0.0,0.05,0.5,0.15
2230,0.7666666666666667,0.32,0.0,0.08,0.51,0.09
2231,0.8066666666666668,0.45,0.0,0.08,0.43,0.04
2232,0.8394213782136604,0.55,0.0,0.07,0.32,0.06
2233,0.85442137821366,0.6,0.0,0.07,0.27,0.06
2234,0.8721760897606533,0.57,0.0,0.12,0.25,0.06
2235,0.8551104457881997,0.49,0.0,0.2,0.24,0.07
2236,0.8676855128546399,0.54,0.0,0.2,0.14,0.12
2237,0.8872173368564995,0.46,0.0,0.3,0.12,0.12
2238,0.9142829808289525,0.44,0.0,0.32,0.14,0.1
2239,0.7283333333333334,0.42,0.0,0.32,0.13,0.13
2240,0.7733333333333333,0.5,0.0,0.25,0.12,0.13
2241,0.8383333333333332,0.59,0.0,0.13,0.17,0.11
2242,0.8649999999999999,0.67,0.0,0.08,0.17,0.08
2243,0.8601581456589187,0.63,0.0,0.06,0.23,0.08
2244,0.8633333333333333,0.62,0.0,0.09,0.23,0.06
2245,0.8733333333333334,0.68,0.0,0.11,0.17,0.04
2246,0.8916666666666667,0.65,0.0,0.12,0.2,0.03
2247,0.8849999999999999,0.6,0.0,0.09,0.25,0.06
2248,0.8783333333333334,0.54,0.0,0.09,0.33,0.04
2249,0.8333333333333333,0.49,0.0,0.1,0.35,0.06
2250,0.8466666666666665,0.54,0.0,0.11,0.28,0.07
2251,0.8402660937701234,0.52,0.0,0.11,0.19,0.18
2252,0.8466666666666667,0.53,0.0,0.11,0.1,0.26
2253,0.84,0.51,0.0,0.1,0.16,0.23
2254,0.8848706058985626,0.57,0.0,0.16,0.1,0.17
2255,0.8547412117971257,0.53,0.0,0.12,0.2,0.15
2256,0.8739472327967772,0.53,0.0,0.15,0.19,0.13
2257,0.8983333333333334,0.6,0.0,0.13,0.2,0.07
2258,0.8851366996686862,0.57,0.0,0.18,0.18,0.07
2259,0.7366666666666666,0.62,0.0,0.26,0.05,0.07
2260,0.7799999999999998,0.66,0.0,0.18,0.05,0.11
2261,0.8450000000000002,0.69,0.0,0.15,0.06,0.1
2262,0.8133333333333336,0.56,0.0,0.15,0.16,0.13
2263,0.8400000000000002,0.63,0.0,0.16,0.12,0.09
2264,0.8433333333333336,0.62,0.0,0.14,0.18,0.06
2265,0.8733333333333333,0.64,0.0,0.14,0.18,0.04
2266,0.8733333333333335,0.67,0.0,0.13,0.18,0.02
2267,0.9016666666666666,0.66,0.0,0.11,0.22,0.01
2268,0.9116666666666668,0.6,0.0,0.1,0.26,0.04
2269,0.8183333333333335,0.64,0.0,0.06,0.23,0.07
2270,0.8253979852873462,0.58,0.0,0.11,0.22,0.09
2271,0.8099252744827194,0.49,0.0,0.18,0.22,0.11
2272,0.7990545783907449,0.39,0.0,0.24,0.26,0.11
2273,0.8297912131841335,0.36,0.0,0.29,0.22,0.13
2274,0.8350551371728941,0.33,0.0,0.4,0.21,0.06
2275,0.8337864557935742,0.25,0.0,0.49,0.21,0.05
2276,0.8583884705062271,0.25,0.0,0.5,0.18,0.07
2277,0.8907959705746928,0.3,0.0,0.52,0.11,0.07
2278,0.8828564239202953,0.33,0.0,0.49,0.08,0.1
2279,0.7083333333333333,0.32,0.0,0.48,0.07,0.13
2280,0.7526771695543583,0.44,0.0,0.35,0.05,0.16
2281,0.7953543391087163,0.48,0.0,0.31,0.12,0.09
2282,0.839619963357439,0.52,0.0,0.2,0.2,0.08
2283,0.8945058069683292,0.51,0.0,0.18,0.25,0.06
2284,0.9189213067873035,0.5,0.0,0.09,0.38,0.03
2285,0.8922971329117969,0.44,0.0,0.09,0.39,0.08
2286,0.9291874122764194,0.57,0.0,0.02,0.33,0.08
2287,0.9130315086630748,0.51,0.0,0.05,0.38,0.06
2288,0.8660105028876918,0.5,0.0,0.08,0.33,0.09
2289,0.7833333333333335,0.42,0.0,0.09,0.39,0.1
2290,0.7833333333333335,0.41,0.0,0.11,0.4,0.08
2291,0.8350000000000003,0.45,0.0,0.09,0.36,0.1
2292,0.8516666666666669,0.54,0.0,0.07,0.3,0.09
2293,0.8466666666666667,0.46,0.0,0.14,0.31,0.09
2294,0.8233333333333336,0.4,0.0,0.14,0.36,0.1
2295,0.846666666666667,0.37,0.0,0.22,0.33,0.08
2296,0.8800000000000001,0.38,0.0,0.27,0.27,0.08
2297,0.8583333333333333,0.33,0.0,0.26,0.31,0.1
2298,0.8683333333333336,0.3,0.0,0.31,0.28,0.11
2299,0.6816666666666664,0.32,0.0,0.31,0.26,0.11
2300,0.7183333333333333,0.39,0.0,0.22,0.27,0.12
2301,0.7531061101704465,0.35,0.0,0.19,0.32,0.14
2302,0.7736911825797158,0.37,0.0,0.15,0.36,0.12
2303,0.7833333333333333,0.37,0.0,0.07,0.41,0.15
2304,0.81,0.42,0.0,0.09,0.34,0.15
2305,0.8150000000000004,0.46,0.0,0.06,0.38,0.1
2306,0.8433333333333334,0.38,0.0,0.09,0.48,0.05
2307,0.8783333333333337,0.3,0.0,0.08,0.58,0.04
2308,0.8716666666666666,0.3,0.0,0.01,0.62,0.07
2309,0.7616666666666666,0.24,0.0,0.0,0.64,0.12
2310,0.776889681973971,0.22,0.0,0.02,0.59,0.17
2311,0.7800000000000001,0.24,0.0,0.08,0.46,0.22
2312,0.8240431969946123,0.3,0.0,0.14,0.41,0.15
2313,0.8423765303279461,0.32,0.0,0.19,0.31,0.18
2314,0.8230863939892252,0.29,0.0,0.21,0.32,0.18
2315,0.8393846330539447,0.29,0.0,0.26,0.31,0.14
2316,0.8566666666666669,0.3,0.0,0.31,0.25,0.14
2317,0.8816666666666667,0.35,0.0,0.36,0.17,0.12
2318,0.8816666666666666,0.39,0.0,0.31,0.18,0.12
2319,0.7533333333333333,0.47,0.0,0.29,0.16,0.08
2320,0.7766666666666667,0.57,0.0,0.15,0.18,0.1
2321,0.8483333333333333,0.63,0.0,0.08,0.19,0.1
2322,0.8400000000000002,0.61,0.0,0.07,0.27,0.05
2323,0.8450000000000002,0.54,0.0,0.12,0.3,0.04
2324,0.8833333333333333,0.57,0.0,0.08,0.34,0.01
2325,0.8733333333333333,0.54,0.0,0.06,0.35,0.05
2326,0.862118269378844,0.47,0.0,0.04,0.42,0.07
2327,0.8783333333333333,0.4,0.0,0.06,0.48,0.06
2328,0.86,0.38,0.0,0.06,0.49,0.07
2329,0.7566666666666663,0.39,0.0,0.04,0.47,0.1
2330,0.7850000000000006,0.44,0.0,0.06,0.4,0.1
2331,0.8033333333333332,0.48,0.0,0.09,0.3,0.13
2332,0.7933333333333333,0.48,0.0,0.08,0.3,0.14
2333,0.8333333333333331,0.52,0.0,0.18,0.26,0.04
2334,0.8475895562173864,0.52,0.0,0.23,0.21,0.04
2335,0.8583333333333336,0.52,0.0,0.23,0.17,0.08
2336,0.8683333333333334,0.53,0.0,0.26,0.16,0.05
2337,0.8666666666666665,0.48,0.0,0.31,0.16,0.05
2338,0.8966666666666666,0.56,0.0,0.29,0.1,0.05
2339,0.7950000000000003,0.65,0.0,0.23,0.11,0.01
2340,0.8288993251791112,0.66,0.0,0.23,0.11,0.0
2341,0.8208180883391246,0.63,0.0,0.23,0.13,0.01
2342,0.80273106103354,0.63,0.0,0.18,0.15,0.04
2343,0.819509346863234,0.67,0.0,0.14,0.16,0.03
2344,0.8243945262905719,0.67,0.0,0.12,0.17,0.04
2345,0.8695009851252322,0.64,0.0,0.06,0.24,0.06
2346,0.8579773670612895,0.6,0.0,0.09,0.28,0.03
2347,0.8763107003946226,0.6,0.0,0.04,0.32,0.04
2348,0.8735729269000649,0.51,0.0,0.08,0.37,0.04
2349,0.8233333333333336,0.53,0.0,0.04,0.38,0.05
2350,0.8333333333333331,0.55,0.0,0.06,0.36,0.03
2351,0.8640644893298502,0.57,0.0,0.1,0.29,0.04
2352,0.862397822663184,0.54,0.0,0.16,0.22,0.08
2353,0.8683333333333333,0.48,0.0,0.27,0.22,0.03
2354,0.8600000000000001,0.5,0.0,0.26,0.13,0.11
2355,0.8733333333333333,0.45,0.0,0.26,0.14,0.15
2356,0.8566666666666667,0.43,0.0,0.26,0.11,0.2
2357,0.8733333333333332,0.45,0.0,0.28,0.08,0.19
2358,0.8666437994265276,0.36,0.0,0.34,0.1,0.2
2359,0.6383333333333332,0.31,0.0,0.38,0.06,0.25
2360,0.675,0.41,0.0,0.28,0.08,0.23
2361,0.7199999999999999,0.42,0.0,0.17,0.12,0.29
2362,0.7583333333333333,0.41,0.0,0.13,0.15,0.31
2363,0.7583333333333332,0.35,0.0,0.09,0.23,0.33
2364,0.8233333333333333,0.43,0.0,0.09,0.28,0.2
2365,0.8216666666666665,0.41,0.0,0.12,0.29,0.18
2366,0.8149999999999998,0.37,0.0,0.08,0.4,0.15
2367,0.8416666666666667,0.36,0.0,0.11,0.39,0.14
2368,0.8399999999999999,0.4,0.0,0.09,0.43,0.08
2369,0.786666666666667,0.32,0.0,0.11,0.45,0.12
2370,0.8116666666666668,0.36,0.0,0.17,0.32,0.15
2371,0.8250000000000002,0.29,0.0,0.27,0.36,0.08
2372,0.8400000000000003,0.34,0.0,0.29,0.27,0.1
2373,0.8500000000000005,0.44,0.0,0.22,0.22,0.12
2374,0.8650000000000001,0.47,0.0,0.27,0.11,0.15
2375,0.8683333333333338,0.47,0.0,0.26,0.16,0.11
2376,0.9116666666666668,0.52,0.0,0.31,0.09,0.08
2377,0.876666666666667,0.42,0.0,0.38,0.14,0.06
2378,0.8633333333333336,0.43,0.0,0.32,0.12,0.13
2379,0.68,0.45,0.0,0.39,0.06,0.1
2380,0.7366666666666667,0.43,0.0,0.38,0.09,0.1
2381,0.7716666666666666,0.54,0.0,0.29,0.11,0.06
2382,0.8133333333333336,0.53,0.0,0.22,0.16,0.09
2383,0.82,0.59,0.0,0.21,0.16,0.04
2384,0.87,0.66,0.0,0.12,0.19,0.03
2385,0.825,0.65,0.0,0.17,0.18,0.0
2386,0.8979616028602452,0.68,0.0,0.14,0.16,0.02
2387,0.8742565390538235,0.53,0.0,0.16,0.26,0.05
2388,0.8388848085807353,0.5,0.0,0.18,0.25,0.07
2389,0.855,0.49,0.0,0.22,0.2,0.09
2390,0.8900000000000002,0.6,0.0,0.19,0.13,0.08
2391,0.8783333333333335,0.56,0.0,0.24,0.09,0.11
2392,0.8966666666666668,0.59,0.0,0.19,0.1,0.12
2393,0.9033333333333334,0.57,0.0,0.27,0.07,0.09
2394,0.9033333333333335,0.48,0.0,0.34,0.07,0.11
2395,0.9283333333333336,0.58,0.0,0.28,0.01,0.13
2396,0.9300000000000004,0.61,0.0,0.27,0.03,0.09
2397,0.935,0.61,0.0,0.29,0.01,0.09
2398,0.9183333333333334,0.58,0.0,0.28,0.02,0.12
2399,0.6866666666666668,0.51,0.0,0.35,0.03,0.11
2400,0.7531082799248877,0.49,0.0,0.34,0.1,0.07
2401,0.7608097579650555,0.61,0.0,0.18,0.15,0.06
2402,0.7860348113735011,0.58,0.0,0.2,0.17,0.05
2403,0.8230578004764052,0.48,0.0,0.19,0.29,0.04
2404,0.8766666666666667,0.62,0.0,0.08,0.27,0.03
2405,0.9133333333333333,0.66,0.0,0.05,0.26,0.03
2406,0.8833333333333334,0.62,0.0,0.07,0.26,0.05
2407,0.8750000000000001,0.65,0.0,0.08,0.24,0.03
2408,0.8849999999999999,0.61,0.0,0.08,0.25,0.06
2409,0.8400000000000003,0.63,0.0,0.07,0.25,0.05
2410,0.8396668233401527,0.62,0.0,0.11,0.21,0.06
2411,0.8493402059718571,0.59,0.0,0.17,0.19,0.05
2412,0.8734333831480926,0.62,0.0,0.18,0.17,0.03
2413,0.9,0.6,0.0,0.24,0.1,0.06
2414,0.9049999999999998,0.62,0.0,0.23,0.09,0.06
2415,0.903041129695344,0.64,0.0,0.26,0.06,0.04
2416,0.9227489260573545,0.58,0.0,0.34,0.05,0.03
2417,0.9244155927240214,0.52,0.0,0.37,0.08,0.03
2418,0.935054874972391,0.56,0.0,0.34,0.07,0.03
2419,0.7566666666666667,0.58,0.0,0.3,0.07,0.05
2420,0.7483333333333334,0.59,0.0,0.25,0.1,0.06
2421,0.7916666666666667,0.64,0.0,0.17,0.1,0.09
2422,0.8300000000000002,0.64,0.0,0.09,0.22,0.05
2423,0.8949999999999999,0.71,0.0,0.06,0.2,0.03
2424,0.835,0.65,0.0,0.1,0.22,0.03
2425,0.8733333333333335,0.55,0.0,0.09,0.31,0.05
2426,0.9100000000000001,0.6,0.0,0.04,0.32,0.04
2427,0.8850000000000001,0.62,0.0,0.05,0.24,0.09
2428,0.8683333333333333,0.59,0.0,0.09,0.25,0.07
2429,0.8633333333333336,0.54,0.0,0.1,0.28,0.08
2430,0.8548311151810077,0.55,0.0,0.14,0.23,0.08
2431,0.8994933455430218,0.56,0.0,0.25,0.09,0.1
2432,0.9043244607240298,0.62,0.0,0.2,0.05,0.13
2433,0.9256533577527111,0.61,0.0,0.26,0.04,0.09
2434,0.9341305117443598,0.56,0.0,0.29,0.03,0.12
2435,0.9267381774803681,0.51,0.0,0.34,0.06,0.09
2436,0.9411600122096888,0.45,0.0,0.43,0.07,0.05
2437,0.9298311151810077,0.44,0.0,0.51,0.04,0.01
2438,0.9581644485143407,0.42,0.0,0.53,0.02,0.03
2439,0.7033333333333333,0.32,0.0,0.58,0.05,0.05
2440,0.7483333333333332,0.45,0.0,0.42,0.1,0.03
2441,0.794433807571742,0.53,0.0,0.34,0.12,0.01
2442,0.8483333333333336,0.57,0.0,0.23,0.16,0.04
2443,0.8250440226366008,0.51,0.0,0.28,0.18,0.03
2444,0.8617226597238168,0.47,0.0,0.21,0.26,0.06
2445,0.8933912854327563,0.52,0.0,0.17,0.28,0.03
2446,0.8783773559699342,0.52,0.0,0.14,0.32,0.02
2447,0.898992582663015,0.43,0.0,0.09,0.4,0.08
2448,0.8707198764726969,0.43,0.0,0.09,0.37,0.11
2449,0.7983333333333336,0.39,0.0,0.1,0.44,0.07
2450,0.8583333333333336,0.49,0.0,0.14,0.32,0.05
2451,0.8700000000000001,0.49,0.0,0.21,0.26,0.04
2452,0.8750000000000001,0.53,0.0,0.19,0.23,0.05
2453,0.8855161446293868,0.55,0.0,0.2,0.19,0.06
2454,0.9105161446293865,0.56,0.0,0.21,0.21,0.02
2455,0.8883333333333332,0.54,0.0,0.2,0.21,0.05
2456,0.9136361533550925,0.53,0.0,0.28,0.15,0.04
2457,0.8949999999999999,0.46,0.0,0.33,0.16,0.05
2458,0.8788675356582472,0.46,0.0,0.3,0.18,0.06
2459,0.7983333333333331,0.54,0.0,0.3,0.13,0.03
2460,0.7983333333333333,0.53,0.0,0.27,0.17,0.03
2461,0.8533333333333333,0.53,0.0,0.23,0.22,0.02
2462,0.8633333333333333,0.52,0.0,0.18,0.29,0.01
2463,0.8683333333333334,0.57,0.0,0.08,0.29,0.06
2464,0.8783333333333333,0.56,0.0,0.13,0.27,0.04
2465,0.8666666666666667,0.53,0.0,0.13,0.31,0.03
2466,0.895,0.48,0.0,0.13,0.32,0.07
2467,0.8666666666666667,0.43,0.0,0.09,0.4,0.08
2468,0.8799999999999999,0.42,0.0,0.08,0.39,0.11
2469,0.7983333333333336,0.42,0.0,0.06,0.42,0.1
2470,0.8086500374955458,0.49,0.0,0.09,0.35,0.07
2471,0.8056966641550631,0.46,0.0,0.12,0.31,0.11
2472,0.8262344617594043,0.47,0.0,0.18,0.22,0.13
2473,0.8252644592478009,0.38,0.0,0.25,0.21,0.16
2474,0.8469311259144674,0.37,0.0,0.26,0.24,0.13
2475,0.8466666666666667,0.33,0.0,0.32,0.15,0.2
2476,0.8722044642710078,0.31,0.0,0.37,0.1,0.22
2477,0.889187835099887,0.36,0.0,0.45,0.04,0.15
2478,0.9043556546883721,0.34,0.0,0.48,0.02,0.16
2479,0.6616666666666667,0.38,0.0,0.42,0.04,0.16
2480,0.6619995889844935,0.38,0.0,0.42,0.1,0.1
2481,0.713999177968987,0.45,0.0,0.29,0.12,0.14
2482,0.754332100286814,0.52,0.0,0.25,0.13,0.1
2483,0.7756658446356538,0.51,0.0,0.2,0.21,0.08
2484,0.833999177968987,0.49,0.0,0.14,0.28,0.09
2485,0.8633333333333334,0.42,0.0,0.08,0.39,0.11
2486,0.8433333333333334,0.38,0.0,0.08,0.41,0.13
2487,0.8699999999999999,0.41,0.0,0.05,0.42,0.12
2488,0.8649999999999999,0.37,0.0,0.05,0.43,0.15
2489,0.7850000000000001,0.34,0.0,0.06,0.45,0.15
2490,0.7983333333333335,0.41,0.0,0.1,0.35,0.14
2491,0.8083333333333332,0.34,0.0,0.16,0.39,0.11
2492,0.8216666666666669,0.42,0.0,0.15,0.31,0.12
2493,0.8599999999999999,0.51,0.0,0.2,0.21,0.08
2494,0.895,0.56,0.0,0.24,0.15,0.05
2495,0.8983333333333333,0.5,0.0,0.31,0.13,0.06
2496,0.8900000000000001,0.55,0.0,0.27,0.11,0.07
2497,0.8933333333333338,0.58,0.0,0.29,0.07,0.06
2498,0.9098282833536656,0.53,0.0,0.34,0.07,0.06
2499,0.7016666666666667,0.54,0.0,0.36,0.03,0.07
2500,0.7049999999999998,0.52,0.0,0.38,0.06,0.04
2501,0.7333333333333334,0.54,0.0,0.28,0.13,0.05
2502,0.8063833436217388,0.52,0.0,0.23,0.21,0.04
2503,0.8247166769550719,0.58,0.0,0.21,0.18,0.03
2504,0.8591500308652164,0.64,0.0,0.12,0.22,0.02
2505,0.855,0.65,0.0,0.13,0.19,0.03
2506,0.8233333333333331,0.69,0.0,0.06,0.17,0.08
2507,0.8350000000000002,0.73,0.0,0.05,0.17,0.05
2508,0.8833333333333333,0.7,0.0,0.03,0.24,0.03
2509,0.8483333333333337,0.65,0.0,0.02,0.28,0.05
2510,0.8633333333333333,0.7,0.0,0.06,0.22,0.02
2511,0.8583333333333334,0.67,0.0,0.08,0.25,0.0
2512,0.8616666666666666,0.63,0.0,0.16,0.21,0.0
2513,0.8799999999999997,0.53,0.0,0.29,0.16,0.02
2514,0.8883333333333335,0.5,0.0,0.36,0.12,0.02
2515,0.8566666666666667,0.39,0.0,0.4,0.17,0.04
2516,0.8666666666666668,0.38,0.0,0.41,0.17,0.04
2517,0.8616666666666668,0.33,0.0,0.42,0.2,0.05
2518,0.8733333333333333,0.29,0.0,0.47,0.17,0.07
2519,0.66,0.3,0.0,0.41,0.19,0.1
2520,0.7216666666666666,0.32,0.0,0.3,0.26,0.12
2521,0.7966666666666669,0.41,0.0,0.16,0.29,0.14
2522,0.8366666666666666,0.47,0.0,0.1,0.31,0.12
2523,0.8477216118248657,0.42,0.0,0.09,0.37,0.12
2524,0.8516666666666666,0.34,0.0,0.06,0.47,0.13
2525,0.905,0.23,0.0,0.03,0.61,0.13
2526,0.8766666666666667,0.26,0.0,0.02,0.59,0.13
2527,0.8500000000000001,0.22,0.0,0.07,0.55,0.16
2528,0.8283333333333335,0.24,0.0,0.11,0.51,0.14
2529,0.7583333333333332,0.21,0.0,0.07,0.58,0.14
2530,0.7766666666666668,0.22,0.0,0.07,0.55,0.16
2531,0.7666666666666663,0.2,0.0,0.1,0.46,0.24
2532,0.7833333333333333,0.13,0.0,0.15,0.5,0.22
2533,0.7766666666666667,0.1,0.0,0.18,0.53,0.19
2534,0.7950000000000002,0.09,0.0,0.2,0.47,0.24
2535,0.7933789092038844,0.08,0.0,0.28,0.43,0.21
2536,0.8380907706781126,0.11,0.0,0.37,0.38,0.14
2537,0.8364696798819966,0.13,0.0,0.38,0.39,0.1
2538,0.8448941649564325,0.12,0.0,0.4,0.33,0.15
2539,0.6,0.16,0.0,0.49,0.19,0.16
2540,0.6567461073459068,0.19,0.0,0.41,0.24,0.16
2541,0.6632542041697005,0.2,0.0,0.26,0.37,0.17
2542,0.7082542041697004,0.17,0.0,0.25,0.39,0.19
2543,0.7949166328022135,0.21,0.0,0.15,0.45,0.19
2544,0.8366762609640586,0.15,0.0,0.17,0.58,0.1
2545,0.8566666666666666,0.2,0.0,0.12,0.59,0.09
2546,0.8920026400979916,0.19,0.0,0.05,0.71,0.05
2547,0.9083333333333333,0.18,0.0,0.02,0.73,0.07
2548,0.8790529288124022,0.24,0.0,0.03,0.65,0.08
2549,0.7249999999999999,0.21,0.0,0.0,0.68,0.11
2550,0.7099999999999997,0.19,0.0,0.01,0.65,0.15
2551,0.7366666666666667,0.28,0.0,0.0,0.57,0.15
2552,0.7383333333333328,0.36,0.0,0.0,0.48,0.16
2553,0.738333333333333,0.35,0.0,0.01,0.48,0.16
2554,0.739256577263652,0.34,0.0,0.01,0.42,0.23
2555,0.7475899105969859,0.26,0.0,0.04,0.44,0.26
2556,0.7483333333333334,0.21,0.0,0.08,0.43,0.28
2557,0.7516666666666667,0.11,0.0,0.1,0.38,0.41
2558,0.7600000000000002,0.13,0.0,0.09,0.32,0.46
2559,0.6683333333333333,0.11,0.0,0.15,0.29,0.45
2560,0.675,0.12,0.0,0.14,0.28,0.46
2561,0.7088863227665964,0.06,0.0,0.13,0.38,0.43
2562,0.712221511584377,0.06,0.0,0.11,0.43,0.4
2563,0.754897022019016,0.07,0.0,0.09,0.49,0.35
2564,0.8236843542026112,0.07,0.0,0.08,0.64,0.21
2565,0.8193421771013055,0.1,0.0,0.03,0.6,0.27
2566,0.8533333333333334,0.1,0.0,0.05,0.7,0.15
2567,0.8533333333333334,0.12,0.0,0.04,0.71,0.13
2568,0.8743421771013057,0.18,0.0,0.06,0.69,0.07
2569,0.7533333333333333,0.13,0.0,0.04,0.76,0.07
2570,0.7466666666666663,0.15,0.0,0.03,0.69,0.13
2571,0.7820588772925149,0.21,0.0,0.05,0.6,0.14
2572,0.8283333333333335,0.31,0.0,0.09,0.45,0.15
2573,0.8338207612292241,0.35,0.0,0.14,0.38,0.13
2574,0.8749999999999999,0.48,0.0,0.14,0.31,0.07
2575,0.9116666666666668,0.55,0.0,0.19,0.21,0.05
2576,0.9016666666666663,0.45,0.0,0.25,0.24,0.06
2577,0.9466666666666663,0.52,0.0,0.34,0.11,0.03
2578,0.9366666666666665,0.51,0.0,0.34,0.14,0.01
2579,0.7383333333333332,0.5,0.0,0.36,0.11,0.03
2580,0.8016666666666665,0.59,0.0,0.27,0.08,0.06
2581,0.88,0.67,0.0,0.17,0.13,0.03
2582,0.8583333333333336,0.63,0.0,0.17,0.17,0.03
2583,0.87,0.7,0.0,0.09,0.2,0.01
2584,0.8866666666666668,0.63,0.0,0.1,0.26,0.01
2585,0.8566666666666667,0.55,0.0,0.12,0.31,0.02
2586,0.8499999999999998,0.44,0.0,0.1,0.42,0.04
2587,0.8883333333333334,0.4,0.0,0.09,0.47,0.04
2588,0.865,0.39,0.0,0.06,0.5,0.05
2589,0.8083333333333339,0.35,0.0,0.06,0.53,0.06
2590,0.836666666666667,0.4,0.0,0.13,0.4,0.07
2591,0.8416666666666666,0.42,0.0,0.16,0.33,0.09
2592,0.8633333333333336,0.54,0.0,0.14,0.23,0.09
2593,0.8859392478092165,0.54,0.0,0.18,0.2,0.08
2594,0.8816666666666668,0.56,0.0,0.21,0.14,0.09
2595,0.8859392478092167,0.53,0.0,0.2,0.18,0.09
2596,0.9033333333333331,0.47,0.0,0.31,0.13,0.09
2597,0.8933333333333331,0.42,0.0,0.35,0.15,0.08
2598,0.9016666666666667,0.35,0.0,0.46,0.14,0.05
2599,0.6716666666666665,0.32,0.0,0.54,0.07,0.07
2600,0.7533333333333334,0.41,0.0,0.38,0.14,0.07
2601,0.75,0.4,0.0,0.38,0.14,0.08
2602,0.7849999999999998,0.45,0.0,0.26,0.2,0.09
2603,0.8504440221465902,0.6,0.0,0.17,0.18,0.05
2604,0.835,0.61,0.0,0.16,0.19,0.04
2605,0.8066666666666668,0.66,0.0,0.12,0.21,0.01
2606,0.8733333333333332,0.61,0.0,0.12,0.27,0.0
2607,0.8816666666666667,0.54,0.0,0.09,0.37,0.0
2608,0.9050000000000001,0.45,0.0,0.08,0.47,0.0
2609,0.7900000000000005,0.48,0.0,0.07,0.43,0.02
2610,0.8030646698120141,0.46,0.0,0.1,0.4,0.04
2611,0.8030646698120141,0.42,0.0,0.13,0.37,0.08
2612,0.8027264317872925,0.39,0.0,0.17,0.31,0.13
2613,0.7843930984539587,0.38,0.0,0.13,0.35,0.14
2614,0.8090487675436026,0.37,0.0,0.12,0.36,0.15
2615,0.8117960484598664,0.33,0.0,0.15,0.41,0.11
2616,0.820570162707385,0.32,0.0,0.2,0.37,0.11
2617,0.8331367388302832,0.33,0.0,0.29,0.29,0.09
2618,0.848442221661057,0.31,0.0,0.31,0.31,0.07
2619,0.7316666666666667,0.27,0.0,0.38,0.27,0.08
2620,0.7816666666666666,0.27,0.0,0.27,0.38,0.08
2621,0.7616666666666667,0.3,0.0,0.24,0.38,0.08
2622,0.7383333333333332,0.28,0.0,0.27,0.33,0.12
2623,0.8016666666666665,0.26,0.0,0.2,0.4,0.14
2624,0.825,0.28,0.0,0.14,0.44,0.14
2625,0.8233333333333336,0.24,0.0,0.11,0.52,0.13
2626,0.8143347258742887,0.26,0.0,0.12,0.55,0.07
2627,0.8183333333333332,0.17,0.0,0.15,0.62,0.06
2628,0.8759127386343805,0.21,0.0,0.05,0.68,0.06
2629,0.7366666666666665,0.22,0.0,0.05,0.67,0.06
2630,0.718333333333333,0.16,0.0,0.08,0.66,0.1
2631,0.7349999999999998,0.17,0.0,0.09,0.59,0.15
2632,0.7466666666666666,0.18,0.0,0.13,0.57,0.12
2633,0.7580887657823158,0.16,0.0,0.19,0.48,0.17
2634,0.7942662973469469,0.16,0.0,0.29,0.36,0.19
2635,0.7856883964625955,0.11,0.0,0.32,0.4,0.17
2636,0.791621360476209,0.12,0.0,0.31,0.37,0.2
2637,0.7920821169445648,0.1,0.0,0.39,0.29,0.22
2638,0.846132225374173,0.13,0.0,0.47,0.22,0.18
2639,0.5699999999999997,0.17,0.0,0.5,0.12,0.21
2640,0.618333333333333,0.06,0.0,0.5,0.2,0.24
2641,0.6665952049335911,0.08,0.0,0.38,0.27,0.27
2642,0.7099285382669245,0.09,0.0,0.26,0.32,0.33
2643,0.7376158427166127,0.06,0.0,0.25,0.38,0.31
2644,0.8201851636762366,0.05,0.0,0.2,0.59,0.16
2645,0.8735184970095702,0.07,0.0,0.13,0.68,0.12
2646,0.8678010063928494,0.03,0.0,0.11,0.76,0.1
2647,0.8876158427166128,0.02,0.0,0.03,0.82,0.13
2648,0.8850000000000001,0.02,0.0,0.01,0.83,0.14
2649,0.6733333333333327,0.01,0.0,0.01,0.81,0.17
2650,0.6849999999999996,0.04,0.0,0.02,0.77,0.17
2651,0.6833333333333326,0.03,0.0,0.02,0.73,0.22
2652,0.6799982998055926,0.03,0.0,0.01,0.73,0.23
2653,0.6866649664722593,0.07,0.0,0.01,0.64,0.28
2654,0.6916666666666664,0.07,0.0,0.05,0.52,0.36
2655,0.694996599611186,0.07,0.0,0.05,0.48,0.4
2656,0.6948449338706069,0.1,0.0,0.04,0.46,0.4
2657,0.7116649664722597,0.07,0.0,0.08,0.42,0.43
2658,0.7233316331389261,0.12,0.0,0.11,0.31,0.46
2659,0.6633333333333333,0.11,0.0,0.18,0.23,0.48
2660,0.685,0.13,0.0,0.19,0.29,0.39
2661,0.7383333333333334,0.16,0.0,0.15,0.42,0.27
2662,0.7533333333333334,0.21,0.0,0.09,0.4,0.3
2663,0.81,0.23,0.0,0.08,0.48,0.21
2664,0.885,0.22,0.0,0.04,0.61,0.13
2665,0.905,0.22,0.0,0.03,0.69,0.06
2666,0.8766666666666667,0.24,0.0,0.03,0.67,0.06
2667,0.895,0.15,0.0,0.02,0.7,0.13
2668,0.8750000000000001,0.17,0.0,0.01,0.68,0.14
2669,0.7199999999999994,0.21,0.0,0.02,0.63,0.14
2670,0.745,0.28,0.0,0.05,0.48,0.19
2671,0.795,0.32,0.0,0.11,0.39,0.18
2672,0.805,0.34,0.0,0.18,0.32,0.16
2673,0.8383333333333334,0.25,0.0,0.34,0.25,0.16
2674,0.8416666666666669,0.28,0.0,0.43,0.17,0.12
2675,0.8750000000000003,0.26,0.0,0.49,0.12,0.13
2676,0.9,0.23,0.0,0.56,0.1,0.11
2677,0.8766666666666668,0.24,0.0,0.55,0.05,0.16
2678,0.9,0.18,0.0,0.6,0.07,0.15
2679,0.6600000000000001,0.12,0.0,0.62,0.05,0.21
2680,0.6900000000000003,0.16,0.0,0.54,0.06,0.24
2681,0.7433333333333334,0.22,0.0,0.52,0.09,0.17
2682,0.78,0.28,0.0,0.43,0.08,0.21
2683,0.7749922040382329,0.27,0.0,0.37,0.17,0.19
2684,0.8033099454480315,0.29,0.0,0.32,0.26,0.13
2685,0.8818156090280665,0.35,0.0,0.26,0.26,0.13
2686,0.8683159861989102,0.35,0.0,0.21,0.27,0.17
2687,0.8666103397234067,0.3,0.0,0.24,0.21,0.25
2688,0.8698830605734911,0.29,0.0,0.2,0.22,0.29
2689,0.7816666666666666,0.29,0.0,0.21,0.2,0.3
2690,0.8183333333333331,0.25,0.0,0.26,0.15,0.34
2691,0.8416666666666665,0.26,0.0,0.34,0.11,0.29
2692,0.8316666666666667,0.25,0.0,0.32,0.1,0.33
2693,0.856666666666667,0.2,0.0,0.4,0.08,0.32
2694,0.8666666666666667,0.11,0.0,0.53,0.09,0.27
2695,0.8950000000000005,0.1,0.0,0.63,0.04,0.23
2696,0.8833333333333334,0.04,0.0,0.65,0.08,0.23
2697,0.9016666666666668,0.05,0.0,0.74,0.04,0.17
2698,0.9199999999999998,0.07,0.0,0.77,0.04,0.12
2699,0.6750000000000002,0.06,0.0,0.81,0.01,0.12
2700,0.7266666666666667,0.05,0.0,0.77,0.01,0.17
2701,0.7649999999999997,0.02,0.0,0.76,0.02,0.2
2702,0.7733333333333335,0.01,0.0,0.69,0.05,0.25
2703,0.7619970638292715,0.0,0.0,0.64,0.07,0.29
2704,0.736666666666667,0.0,0.0,0.62,0.06,0.32
2705,0.7489823830395008,0.01,0.0,0.61,0.08,0.3
2706,0.7666666666666666,0.0,0.0,0.51,0.1,0.39
2707,0.7686637304959381,0.0,0.0,0.44,0.11,0.45
2708,0.745,0.0,0.0,0.46,0.09,0.45
2709,0.8183333333333337,0.0,0.0,0.53,0.06,0.41
2710,0.8233333333333333,0.01,0.0,0.6,0.06,0.33
2711,0.826666666666667,0.01,0.0,0.59,0.06,0.34
2712,0.8666654855522925,0.02,0.0,0.73,0.04,0.21
2713,0.8900000000000005,0.02,0.0,0.74,0.02,0.22
2714,0.8783333333333335,0.04,0.0,0.72,0.04,0.2
2715,0.8733321522189592,0.08,0.0,0.75,0.02,0.15
2716,0.8766654855522928,0.06,0.0,0.71,0.01,0.22
2717,0.8799988188856263,0.08,0.0,0.72,0.02,0.18
2718,0.9066666666666672,0.09,0.0,0.72,0.03,0.16
2719,0.691666666666667,0.08,0.0,0.76,0.02,0.14
2720,0.7183333333333333,0.13,0.0,0.65,0.05,0.17
2721,0.7699999999999999,0.16,0.0,0.58,0.09,0.17
2722,0.805,0.2,0.0,0.5,0.13,0.17
2723,0.7983333333333337,0.16,0.0,0.51,0.15,0.18
2724,0.8660535082469365,0.2,0.0,0.4,0.24,0.16
2725,0.8399999999999999,0.15,0.01,0.42,0.3,0.13
2726,0.8805222445192054,0.17,0.0,0.36,0.36,0.11
2727,0.9049999999999998,0.13,0.0,0.38,0.44,0.05
2728,0.9133333333333334,0.16,0.0,0.28,0.51,0.05
2729,0.7833333333333334,0.14,0.0,0.28,0.44,0.14
2730,0.8119659958354818,0.17,0.0,0.27,0.37,0.19
2731,0.8483333333333336,0.17,0.0,0.31,0.32,0.2
2732,0.82,0.15,0.0,0.31,0.24,0.3
2733,0.828162094139651,0.14,0.0,0.28,0.23,0.35
2734,0.8335675956428602,0.14,0.01,0.3,0.27,0.29
2735,0.8558815674618145,0.12,0.01,0.43,0.13,0.32
2736,0.8679259977510481,0.17,0.01,0.4,0.12,0.31
2737,0.8847639036113972,0.12,0.01,0.48,0.14,0.26
2738,0.8691853288354296,0.13,0.01,0.46,0.11,0.3
2739,0.6416666666666667,0.16,0.01,0.5,0.09,0.25
2740,0.7500000000000001,0.19,0.02,0.34,0.19,0.28
2741,0.8166666666666663,0.29,0.04,0.25,0.23,0.23
2742,0.8366666666666664,0.34,0.01,0.22,0.24,0.2
2743,0.8199999999999998,0.39,0.0,0.22,0.22,0.17
2744,0.8466666666666669,0.42,0.0,0.23,0.22,0.13
2745,0.8799999999999999,0.49,0.0,0.12,0.25,0.14
2746,0.9383333333333332,0.5,0.0,0.11,0.29,0.1
2747,0.9166666666666667,0.44,0.0,0.11,0.35,0.1
2748,0.91,0.35,0.0,0.1,0.43,0.12
2749,0.7266666666666669,0.24,0.0,0.13,0.51,0.12
2750,0.7583333333333334,0.31,0.0,0.13,0.48,0.08
2751,0.7600000000000001,0.35,0.0,0.1,0.46,0.09
2752,0.7766666666666667,0.36,0.0,0.19,0.32,0.13
2753,0.7798777950837819,0.37,0.0,0.22,0.26,0.15
2754,0.7916666666666665,0.33,0.0,0.25,0.28,0.14
2755,0.7933333333333336,0.37,0.0,0.27,0.23,0.13
2756,0.8266666666666664,0.37,0.0,0.35,0.16,0.12
2757,0.8283333333333331,0.28,0.0,0.44,0.12,0.16
2758,0.8283333333333336,0.18,0.0,0.5,0.09,0.23
2759,0.6800000000000002,0.16,0.0,0.55,0.05,0.24
2760,0.6973143186072497,0.21,0.0,0.51,0.02,0.26
2761,0.7606476519405831,0.3,0.0,0.39,0.03,0.28
2762,0.781666666666667,0.32,0.0,0.36,0.06,0.26
2763,0.8516666666666666,0.45,0.0,0.22,0.09,0.24
2764,0.8833333333333332,0.56,0.0,0.22,0.07,0.15
2765,0.8966666666666666,0.55,0.0,0.19,0.11,0.15
2766,0.9283333333333331,0.7,0.0,0.16,0.08,0.06
2767,0.9399999999999998,0.68,0.0,0.18,0.12,0.02
2768,0.9533333333333335,0.68,0.0,0.14,0.17,0.01
2769,0.8316666666666667,0.66,0.01,0.15,0.18,0.01
2770,0.8233333333333331,0.62,0.0,0.17,0.19,0.02
2771,0.8337878170516908,0.57,0.0,0.21,0.21,0.01
2772,0.8566666666666669,0.56,0.0,0.22,0.19,0.03
2773,0.84378781705169,0.57,0.0,0.23,0.15,0.05
2774,0.8666666666666666,0.67,0.0,0.23,0.09,0.01
2775,0.8499999999999999,0.59,0.01,0.29,0.1,0.02
2776,0.8604544837183566,0.38,0.01,0.4,0.17,0.05
2777,0.8682100350473693,0.29,0.01,0.54,0.09,0.08
2778,0.8745103314832221,0.34,0.01,0.47,0.08,0.11
2779,0.7533333333333333,0.34,0.0,0.43,0.11,0.12
2780,0.7950000000000002,0.38,0.01,0.33,0.16,0.13
2781,0.8516666666666666,0.47,0.01,0.27,0.13,0.13
2782,0.8683333333333333,0.49,0.02,0.19,0.19,0.13
2783,0.9133333333333334,0.59,0.02,0.12,0.21,0.08
2784,0.92,0.59,0.02,0.13,0.23,0.05
2785,0.9533333333333331,0.6,0.03,0.1,0.26,0.04
2786,0.9516666666666667,0.53,0.02,0.1,0.32,0.05
2787,0.9466666666666668,0.49,0.04,0.05,0.39,0.07
2788,0.9333333333333331,0.42,0.04,0.09,0.41,0.08
2789,0.8099999999999997,0.39,0.04,0.06,0.39,0.16
2790,0.8429042063424155,0.48,0.03,0.05,0.28,0.19
2791,0.8744324429393763,0.58,0.06,0.04,0.16,0.22
2792,0.8833333333333334,0.6,0.08,0.08,0.13,0.19
2793,0.898333333333333,0.6,0.1,0.08,0.11,0.21
2794,0.9044324429393762,0.58,0.09,0.12,0.15,0.15
2795,0.9005315525454192,0.55,0.08,0.19,0.13,0.13
2796,0.8971982192120859,0.62,0.09,0.15,0.07,0.16
2797,0.9029118886076448,0.59,0.1,0.28,0.05,0.08
2798,0.9295785552743112,0.61,0.15,0.27,0.05,0.07
2799,0.7716666666666664,0.56,0.11,0.34,0.05,0.05
2800,0.8196944192161802,0.55,0.12,0.32,0.05,0.08
2801,0.8613610858828467,0.6,0.18,0.22,0.1,0.08
2802,0.8941866184283345,0.71,0.18,0.12,0.08,0.09
2803,0.8946944192161801,0.59,0.13,0.18,0.14,0.09
2804,0.9032442755944541,0.53,0.15,0.14,0.26,0.07
2805,0.9033988522500416,0.52,0.19,0.13,0.3,0.05
2806,0.8735498563782741,0.52,0.19,0.12,0.27,0.09
2807,0.8898489958717672,0.49,0.17,0.14,0.28,0.09
2808,0.8712100817546142,0.62,0.22,0.14,0.21,0.03
2809,0.9133333333333336,0.6,0.25,0.18,0.18,0.04
2810,0.9083333333333335,0.64,0.27,0.19,0.15,0.02
2811,0.9233611307806048,0.7,0.31,0.16,0.1,0.04
2812,0.9067500590084809,0.54,0.2,0.27,0.09,0.1
2813,0.913459735214579,0.52,0.19,0.24,0.16,0.08
2814,0.9113837551702839,0.45,0.12,0.25,0.19,0.11
2815,0.9065433815214101,0.4,0.09,0.24,0.22,0.14
2816,0.901072314319814,0.4,0.1,0.27,0.18,0.15
2817,0.9038899179897623,0.34,0.1,0.29,0.26,0.11
2818,0.8902777147565595,0.32,0.09,0.27,0.24,0.17
2819,0.7333333333333333,0.3,0.1,0.29,0.22,0.19
2820,0.7916666666666667,0.26,0.11,0.34,0.23,0.17
2821,0.8316666666666669,0.2,0.11,0.41,0.26,0.13
2822,0.86,0.21,0.1,0.34,0.3,0.15
2823,0.8516666666666665,0.26,0.07,0.31,0.31,0.12
2824,0.88,0.36,0.08,0.21,0.34,0.09
2825,0.8833333333333332,0.33,0.05,0.18,0.41,0.08
2826,0.8816666666666667,0.35,0.05,0.11,0.47,0.07
2827,0.9116666666666666,0.29,0.04,0.08,0.58,0.05
2828,0.9116666666666668,0.27,0.07,0.09,0.53,0.11
2829,0.821666666666667,0.34,0.07,0.03,0.56,0.07
2830,0.8238219328527187,0.38,0.09,0.05,0.48,0.09
2831,0.8564657985581569,0.5,0.11,0.06,0.33,0.11
2832,0.8954885995193855,0.54,0.11,0.15,0.2,0.11
2833,0.8954885995193859,0.51,0.15,0.19,0.17,0.13
2834,0.8988219328527189,0.46,0.19,0.22,0.18,0.14
2835,0.9054885995193854,0.44,0.18,0.27,0.17,0.12
2836,0.9321552661860522,0.46,0.13,0.36,0.1,0.08
2837,0.9133333333333333,0.39,0.1,0.41,0.08,0.12
2838,0.9031366700192542,0.44,0.16,0.37,0.09,0.1
2839,0.7883333333333334,0.46,0.13,0.39,0.05,0.1
2840,0.7866666666666668,0.51,0.17,0.36,0.05,0.08
2841,0.8133333333333331,0.57,0.26,0.3,0.05,0.08
2842,0.8581700903264999,0.55,0.27,0.29,0.09,0.07
2843,0.8912153524463353,0.55,0.3,0.21,0.14,0.1
2844,0.8944585059825195,0.59,0.35,0.18,0.1,0.13
2845,0.8833333333333333,0.58,0.33,0.22,0.08,0.12
2846,0.9182085051266691,0.62,0.28,0.2,0.12,0.06
2847,0.8863473257995903,0.51,0.25,0.26,0.14,0.09
2848,0.9187969739497517,0.56,0.32,0.16,0.13,0.15
2849,0.8933333333333333,0.63,0.4,0.15,0.08,0.14
2850,0.8900000000000005,0.62,0.43,0.2,0.07,0.11
2851,0.9066666666666667,0.59,0.45,0.27,0.08,0.06
2852,0.9216666666666667,0.57,0.43,0.26,0.1,0.07
2853,0.9314620190301584,0.55,0.44,0.31,0.08,0.06
2854,0.9350000000000002,0.53,0.47,0.31,0.06,0.1
2855,0.945,0.59,0.56,0.29,0.04,0.08
2856,0.9499999999999998,0.56,0.52,0.36,0.03,0.05
2857,0.9483333333333335,0.51,0.49,0.4,0.03,0.06
2858,0.9650000000000002,0.47,0.44,0.45,0.02,0.06
2859,0.7350000000000001,0.42,0.37,0.46,0.03,0.09
2860,0.7766666666666668,0.47,0.4,0.37,0.07,0.09
2861,0.8276868359939215,0.57,0.49,0.27,0.09,0.07
2862,0.8565628084214673,0.53,0.49,0.24,0.14,0.09
2863,0.8592496444153886,0.51,0.47,0.22,0.2,0.07
2864,0.8710201693272548,0.53,0.47,0.2,0.21,0.06
2865,0.9016666666666666,0.52,0.44,0.17,0.28,0.03
2866,0.9253736719878429,0.5,0.44,0.12,0.28,0.1
2867,0.8967226583645582,0.48,0.41,0.13,0.28,0.11
2868,0.8846248871158106,0.42,0.34,0.13,0.31,0.14
2869,0.8483333333333336,0.46,0.32,0.14,0.33,0.07
2870,0.8563683783457754,0.42,0.3,0.17,0.31,0.1
2871,0.8366666666666669,0.47,0.26,0.13,0.31,0.09
2872,0.8663683783457751,0.38,0.23,0.18,0.33,0.11
2873,0.8577367566915498,0.38,0.21,0.16,0.31,0.15
2874,0.8563683783457747,0.42,0.18,0.2,0.21,0.17
2875,0.8780350450124415,0.42,0.22,0.21,0.2,0.17
2876,0.856666666666667,0.38,0.21,0.26,0.22,0.14
2877,0.8900000000000001,0.48,0.34,0.26,0.13,0.13
2878,0.9080350450124416,0.48,0.35,0.25,0.09,0.18
2879,0.8266666666666664,0.47,0.36,0.29,0.07,0.17
2880,0.8883333333333334,0.52,0.44,0.27,0.11,0.1
2881,0.9049999999999997,0.56,0.46,0.23,0.13,0.08
2882,0.9099999999999996,0.52,0.43,0.19,0.15,0.14
2883,0.9411001187697888,0.57,0.48,0.13,0.23,0.07
2884,0.9244334521031223,0.6,0.49,0.16,0.18,0.06
2885,0.9016666666666667,0.55,0.44,0.16,0.2,0.09
2886,0.911666666666667,0.5,0.43,0.21,0.2,0.09
2887,0.9083333333333331,0.4,0.35,0.26,0.27,0.07
2888,0.9085007583515532,0.35,0.26,0.24,0.32,0.09
2889,0.8183333333333332,0.32,0.24,0.22,0.35,0.11
2890,0.8303095685945633,0.33,0.25,0.2,0.27,0.2
2891,0.8560026288564435,0.39,0.31,0.27,0.21,0.13
2892,0.8852613225593045,0.39,0.35,0.25,0.2,0.16
2893,0.8985706699190996,0.46,0.4,0.25,0.17,0.12
2894,0.9135706699190997,0.46,0.36,0.29,0.12,0.13
2895,0.9094028721105737,0.48,0.36,0.29,0.1,0.13
2896,0.9226123305950107,0.52,0.38,0.26,0.06,0.16
2897,0.9164533160544386,0.54,0.38,0.27,0.04,0.15
2898,0.9258839605635614,0.45,0.34,0.35,0.09,0.11
2899,0.8683333333333333,0.47,0.35,0.35,0.08,0.1
2900,0.8850000000000001,0.55,0.37,0.33,0.06,0.06
2901,0.9049999999999998,0.6,0.47,0.34,0.04,0.02
2902,0.9223697153148084,0.64,0.56,0.25,0.06,0.05
2903,0.9383333333333331,0.7,0.62,0.2,0.07,0.03
2904,0.9283333333333335,0.67,0.58,0.22,0.07,0.04
2905,0.9116666666666666,0.66,0.56,0.22,0.11,0.01
2906,0.9366666666666668,0.69,0.57,0.2,0.1,0.01
2907,0.9013396089023752,0.64,0.53,0.18,0.17,0.01
2908,0.9150000000000001,0.59,0.51,0.21,0.2,0.0
2909,0.8950000000000001,0.57,0.48,0.19,0.21,0.03
2910,0.8983333333333335,0.66,0.59,0.2,0.11,0.03
2911,0.9500000000000002,0.73,0.66,0.15,0.1,0.02
2912,0.9516666666666669,0.72,0.65,0.22,0.05,0.01
2913,0.9666666666666667,0.68,0.59,0.28,0.02,0.02
2914,0.9516666666666665,0.61,0.49,0.35,0.03,0.01
2915,0.9566666666666666,0.58,0.46,0.37,0.02,0.03
2916,0.9316666666666668,0.55,0.45,0.37,0.04,0.04
2917,0.955,0.56,0.47,0.35,0.03,0.06
2918,0.9683333333333333,0.52,0.45,0.43,0.01,0.04
2919,0.8299999999999998,0.52,0.43,0.39,0.04,0.05
2920,0.8416666666666666,0.5,0.39,0.42,0.07,0.01
2921,0.8749999999999999,0.57,0.43,0.33,0.06,0.04
2922,0.911161891469684,0.59,0.49,0.25,0.13,0.03
2923,0.9499999999999997,0.67,0.56,0.18,0.11,0.04
2924,0.9233333333333331,0.61,0.45,0.16,0.19,0.04
2925,0.9155478719093056,0.5,0.42,0.26,0.2,0.04
2926,0.9138498502760342,0.49,0.4,0.2,0.25,0.06
2927,0.9087954443706802,0.43,0.32,0.18,0.3,0.09
2928,0.9405165169427009,0.55,0.41,0.15,0.24,0.06
2929,0.836666666666667,0.56,0.39,0.16,0.24,0.04
2930,0.8442382195585155,0.6,0.36,0.12,0.23,0.05
2931,0.8768097724503641,0.7,0.43,0.11,0.15,0.04
2932,0.8959048862251819,0.69,0.46,0.18,0.08,0.05
2933,0.9225715528918487,0.63,0.43,0.22,0.06,0.09
2934,0.9359048862251816,0.63,0.44,0.21,0.06,0.1
2935,0.9328577644592427,0.64,0.44,0.18,0.06,0.12
2936,0.921047992008879,0.64,0.49,0.23,0.04,0.09
2937,0.9375715528918488,0.64,0.49,0.25,0.06,0.05
2938,0.916666666666667,0.55,0.42,0.34,0.08,0.03
2939,0.8199999999999998,0.52,0.34,0.35,0.07,0.06
2940,0.8066666666666665,0.57,0.39,0.27,0.07,0.09
2941,0.8699999999999999,0.64,0.48,0.2,0.1,0.06
2942,0.8766666666666666,0.57,0.5,0.23,0.15,0.05
2943,0.8686353652114164,0.49,0.45,0.24,0.2,0.07
2944,0.8833333333333333,0.51,0.34,0.19,0.21,0.09
2945,0.858479495687793,0.49,0.27,0.19,0.25,0.07
2946,0.9033333333333335,0.42,0.26,0.19,0.32,0.07
2947,0.9049999999999998,0.41,0.27,0.2,0.35,0.04
2948,0.9366666666666668,0.39,0.31,0.17,0.39,0.05
2949,0.8533333333333334,0.39,0.28,0.2,0.36,0.05
2950,0.8650000000000004,0.4,0.29,0.21,0.31,0.08
2951,0.8933333333333333,0.5,0.37,0.19,0.24,0.07
2952,0.8900000000000001,0.51,0.34,0.19,0.23,0.07
2953,0.8966666666666668,0.53,0.36,0.19,0.21,0.07
2954,0.9216666666666667,0.52,0.33,0.27,0.18,0.03
2955,0.9416666666666669,0.49,0.28,0.36,0.12,0.03
2956,0.9383333333333335,0.45,0.22,0.43,0.09,0.03
2957,0.9366666666666668,0.44,0.2,0.49,0.04,0.03
2958,0.9350000000000002,0.37,0.15,0.51,0.05,0.07
2959,0.7350000000000001,0.32,0.17,0.57,0.05,0.06
2960,0.7733333333333335,0.32,0.2,0.54,0.05,0.09
2961,0.7789104519804522,0.38,0.22,0.5,0.02,0.1
2962,0.8383333333333332,0.46,0.32,0.41,0.03,0.1
2963,0.8350000000000002,0.39,0.28,0.41,0.07,0.13
2964,0.8449999999999999,0.4,0.31,0.41,0.06,0.13
2965,0.8616666666666665,0.47,0.41,0.38,0.07,0.08
2966,0.8783333333333334,0.61,0.54,0.27,0.05,0.07
2967,0.9,0.66,0.56,0.19,0.09,0.06
2968,0.9116666666666664,0.7,0.55,0.18,0.09,0.03
2969,0.9000000000000005,0.59,0.46,0.24,0.09,0.08
2970,0.8806178889876618,0.59,0.44,0.17,0.12,0.12
2971,0.8588796800221422,0.52,0.37,0.22,0.12,0.14
2972,0.8660349643788843,0.58,0.41,0.19,0.11,0.12
2973,0.9033236440595305,0.53,0.36,0.28,0.12,0.07
2974,0.9109892570368414,0.56,0.33,0.31,0.07,0.06
2975,0.8937020688390561,0.55,0.37,0.24,0.13,0.08
2976,0.9109866244933842,0.63,0.43,0.21,0.09,0.07
2977,0.893084179851394,0.62,0.43,0.14,0.12,0.12
2978,0.8812331454318663,0.59,0.43,0.14,0.19,0.08
2979,0.8933333333333333,0.6,0.43,0.17,0.2,0.03
2980,0.9033333333333333,0.57,0.42,0.15,0.21,0.07
2981,0.88,0.55,0.41,0.15,0.22,0.08
2982,0.9016666666666666,0.54,0.38,0.1,0.23,0.13
2983,0.9183333333333333,0.54,0.36,0.16,0.27,0.03
2984,0.9256169068520648,0.53,0.38,0.11,0.3,0.06
2985,0.9170525740759956,0.46,0.33,0.14,0.32,0.08
2986,0.9316666666666668,0.52,0.35,0.09,0.32,0.07
2987,0.9433333333333331,0.5,0.25,0.07,0.37,0.06
2988,0.9133333333333333,0.48,0.27,0.11,0.35,0.06
2989,0.8316666666666664,0.53,0.27,0.1,0.3,0.07
2990,0.8633333333333334,0.53,0.31,0.12,0.27,0.08
2991,0.871666666666667,0.56,0.4,0.13,0.23,0.08
2992,0.9000000000000001,0.57,0.39,0.13,0.2,0.1
2993,0.865,0.58,0.37,0.17,0.19,0.06
2994,0.9083333333333333,0.56,0.39,0.23,0.16,0.05
2995,0.8850000000000001,0.57,0.41,0.18,0.17,0.08
2996,0.905405674051477,0.6,0.44,0.2,0.16,0.04
2997,0.915405674051477,0.62,0.4,0.2,0.13,0.05
2998,0.9054056740514769,0.65,0.38,0.16,0.12,0.07
2999,0.853333333333333,0.62,0.37,0.2,0.12,0.06
3000,0.8633333333333332,0.6,0.39,0.21,0.11,0.08
3001,0.8800000000000001,0.64,0.45,0.25,0.06,0.05
3002,0.8749999999999999,0.54,0.39,0.31,0.12,0.03
3003,0.8749999999999997,0.45,0.33,0.32,0.16,0.07
3004,0.9049999999999996,0.5,0.33,0.28,0.15,0.07
3005,0.8922954405516328,0.49,0.34,0.26,0.21,0.04
3006,0.9074070541247362,0.58,0.47,0.23,0.16,0.03
3007,0.9225558067865515,0.55,0.4,0.21,0.19,0.05
3008,0.9141206149356644,0.55,0.41,0.16,0.23,0.06
3009,0.84,0.48,0.39,0.14,0.3,0.08
3010,0.8369955907634054,0.4,0.28,0.15,0.36,0.09
3011,0.8800000000000001,0.45,0.35,0.19,0.3,0.06
3012,0.8916666666666667,0.45,0.33,0.26,0.24,0.05
3013,0.9276299855414392,0.54,0.39,0.26,0.17,0.03
3014,0.9252707793536691,0.53,0.39,0.27,0.18,0.02
3015,0.9116666666666666,0.53,0.41,0.28,0.16,0.03
3016,0.9299999999999997,0.53,0.44,0.26,0.16,0.05
3017,0.903333333333333,0.52,0.4,0.23,0.16,0.09
3018,0.9250000000000002,0.5,0.39,0.27,0.14,0.09
3019,0.8216666666666669,0.5,0.38,0.21,0.16,0.13
3020,0.83,0.54,0.34,0.23,0.14,0.09
3021,0.85,0.54,0.34,0.21,0.18,0.07
3022,0.8799999999999997,0.58,0.35,0.23,0.14,0.05
3023,0.92,0.61,0.34,0.16,0.18,0.05
3024,0.9166666666666667,0.6,0.35,0.16,0.22,0.02
3025,0.9283333333333331,0.57,0.38,0.16,0.25,0.02
3026,0.925,0.6,0.43,0.13,0.2,0.07
3027,0.9333333333333332,0.49,0.43,0.14,0.28,0.09
3028,0.9516666666666664,0.5,0.47,0.13,0.32,0.05
3029,0.8266666666666667,0.5,0.43,0.13,0.3,0.07
3030,0.8683333333333337,0.6,0.45,0.12,0.25,0.03
3031,0.8933333333333331,0.65,0.47,0.13,0.18,0.04
3032,0.9283333333333335,0.74,0.48,0.12,0.11,0.03
3033,0.9233333333333333,0.73,0.48,0.09,0.11,0.07
3034,0.9233333333333329,0.68,0.4,0.13,0.14,0.05
3035,0.9266666666666669,0.71,0.33,0.16,0.1,0.03
3036,0.9300000000000002,0.61,0.33,0.28,0.06,0.05
3037,0.925,0.63,0.34,0.24,0.09,0.04
3038,0.915,0.61,0.32,0.22,0.11,0.06
3039,0.8300000000000002,0.59,0.27,0.24,0.12,0.05
3040,0.8616666666666667,0.62,0.26,0.18,0.14,0.06
3041,0.8500000000000004,0.57,0.23,0.14,0.23,0.06
3042,0.86,0.5,0.22,0.14,0.29,0.07
3043,0.9114751108453332,0.4,0.22,0.14,0.35,0.11
3044,0.9116666666666666,0.35,0.17,0.15,0.43,0.07
3045,0.8866666666666667,0.33,0.18,0.13,0.45,0.09
3046,0.9166666666666667,0.28,0.18,0.1,0.49,0.13
3047,0.9249999999999997,0.27,0.18,0.03,0.51,0.19
3048,0.8966785117055927,0.28,0.14,0.05,0.48,0.19
3049,0.7683333333333334,0.22,0.13,0.06,0.58,0.14
3050,0.7933333333333334,0.3,0.19,0.11,0.48,0.11
3051,0.8349999999999999,0.33,0.18,0.11,0.49,0.07
3052,0.8433333333333336,0.39,0.18,0.14,0.42,0.05
3053,0.8483333333333333,0.31,0.18,0.23,0.36,0.1
3054,0.8783333333333333,0.4,0.2,0.26,0.2,0.14
3055,0.91,0.44,0.26,0.32,0.16,0.08
3056,0.9450000000000002,0.49,0.24,0.39,0.05,0.07
3057,0.9566666666666666,0.44,0.2,0.5,0.03,0.03
3058,0.9466666666666668,0.4,0.21,0.54,0.04,0.02
3059,0.7816666666666667,0.4,0.21,0.53,0.05,0.02
3060,0.8409100381450446,0.45,0.27,0.39,0.09,0.07
3061,0.8609100381450446,0.45,0.21,0.37,0.12,0.06
3062,0.8906916136760914,0.4,0.22,0.36,0.13,0.11
3063,0.885,0.43,0.21,0.38,0.11,0.08
3064,0.8730440460057112,0.38,0.15,0.35,0.12,0.15
3065,0.8957085285268785,0.47,0.14,0.31,0.1,0.12
3066,0.9325767048117111,0.49,0.11,0.25,0.14,0.12
3067,0.9209100381450446,0.54,0.15,0.24,0.11,0.11
3068,0.9273751951935452,0.55,0.14,0.24,0.14,0.07
3069,0.8499999999999999,0.59,0.13,0.18,0.15,0.08
3070,0.876666666666667,0.57,0.19,0.16,0.19,0.08
3071,0.8802575833849642,0.54,0.2,0.23,0.19,0.04
3072,0.8730606353967548,0.59,0.18,0.21,0.15,0.05
3073,0.8943472925615165,0.55,0.18,0.27,0.11,0.07
3074,0.9098194587487078,0.61,0.24,0.2,0.08,0.11
3075,0.9235922135274559,0.64,0.25,0.23,0.06,0.07
3076,0.9170607938433871,0.64,0.29,0.21,0.09,0.06
3077,0.9387952339675328,0.63,0.29,0.25,0.08,0.04
3078,0.9439823245886907,0.65,0.38,0.24,0.09,0.02
3079,0.9016666666666666,0.62,0.35,0.23,0.15,0.0
3080,0.9166666666666664,0.63,0.37,0.19,0.17,0.01
3081,0.9333333333333335,0.6,0.39,0.22,0.16,0.02
3082,0.9133333333333333,0.52,0.38,0.26,0.16,0.06
3083,0.9033333333333333,0.51,0.4,0.3,0.14,0.05
3084,0.9399999999999998,0.54,0.4,0.17,0.24,0.05
3085,0.9398803161211263,0.58,0.44,0.14,0.23,0.05
3086,0.9548575594662398,0.53,0.41,0.11,0.33,0.03
3087,0.9525651539660668,0.47,0.36,0.09,0.39,0.05
3088,0.9585607291540202,0.46,0.38,0.06,0.43,0.05
3089,0.8099999999999998,0.44,0.33,0.09,0.43,0.04
3090,0.8316666666666664,0.45,0.39,0.09,0.45,0.01
3091,0.8583333333333334,0.49,0.4,0.18,0.32,0.01
3092,0.8816666666666668,0.49,0.38,0.21,0.26,0.04
3093,0.8866666666666668,0.44,0.33,0.26,0.26,0.04
3094,0.8916745526134139,0.45,0.32,0.3,0.2,0.05
3095,0.9,0.45,0.29,0.31,0.21,0.03
3096,0.9066666666666667,0.45,0.34,0.28,0.24,0.03
3097,0.9433333333333335,0.56,0.39,0.26,0.18,0.0
3098,0.9433333333333336,0.51,0.36,0.33,0.13,0.03
3099,0.8333333333333335,0.51,0.32,0.32,0.12,0.05
3100,0.8866666666666666,0.59,0.38,0.17,0.15,0.09
3101,0.9029268730004987,0.57,0.29,0.11,0.2,0.12
3102,0.8973220641374854,0.61,0.22,0.14,0.2,0.05
3103,0.9183333333333333,0.65,0.3,0.13,0.19,0.03
3104,0.9307673054006754,0.68,0.29,0.13,0.18,0.01
3105,0.9498679441346844,0.66,0.29,0.11,0.21,0.02
3106,0.9206352495353599,0.68,0.35,0.14,0.16,0.02
3107,0.9197358882693689,0.68,0.4,0.13,0.18,0.01
3108,0.9414025549360354,0.68,0.42,0.12,0.17,0.03
3109,0.8633333333333336,0.61,0.38,0.11,0.22,0.06
3110,0.8712911795662818,0.67,0.4,0.08,0.19,0.06
3111,0.9031823558297616,0.7,0.48,0.09,0.15,0.06
3112,0.9216666666666664,0.64,0.44,0.13,0.2,0.03
3113,0.9264677758756759,0.62,0.4,0.14,0.19,0.05
3114,0.9119173453028933,0.63,0.43,0.16,0.19,0.02
3115,0.8902506786362265,0.53,0.38,0.18,0.25,0.04
3116,0.9185840119695596,0.62,0.48,0.16,0.17,0.05
3117,0.9285489029576351,0.58,0.42,0.19,0.16,0.07
3118,0.933333333333333,0.67,0.48,0.17,0.08,0.08
3119,0.8533333333333334,0.66,0.5,0.16,0.07,0.11
3120,0.8291865514117893,0.57,0.45,0.24,0.1,0.09
3121,0.9144484137180088,0.72,0.56,0.13,0.11,0.04
3122,0.9094484137180088,0.76,0.6,0.12,0.09,0.03
3123,0.915,0.81,0.59,0.08,0.06,0.05
3124,0.935,0.8,0.64,0.07,0.05,0.08
3125,0.945,0.82,0.67,0.09,0.06,0.03
3126,0.955,0.83,0.68,0.1,0.05,0.02
3127,0.9583333333333331,0.8,0.66,0.12,0.06,0.02
3128,0.9416666666666668,0.75,0.57,0.15,0.08,0.02
3129,0.8816666666666666,0.83,0.58,0.08,0.07,0.02
3130,0.925,0.85,0.7,0.08,0.06,0.01
3131,0.9438442722536732,0.83,0.74,0.11,0.05,0.01
3132,0.9433333333333336,0.9,0.81,0.04,0.05,0.01
3133,0.935,0.82,0.72,0.07,0.1,0.01
3134,0.9583333333333333,0.84,0.7,0.07,0.08,0.01
3135,0.9437942481033745,0.84,0.67,0.07,0.08,0.01
3136,0.9450000000000002,0.84,0.61,0.05,0.1,0.01
3137,0.9385592007739311,0.79,0.56,0.09,0.11,0.01
3138,0.9500000000000002,0.79,0.53,0.12,0.09,0.0
3139,0.8916666666666666,0.75,0.41,0.18,0.07,0.0
3140,0.9333333333333336,0.82,0.47,0.06,0.11,0.01
3141,0.9328746000873066,0.81,0.5,0.11,0.08,0.0
3142,0.9059302001074248,0.77,0.48,0.09,0.14,0.0
3143,0.94,0.75,0.48,0.08,0.16,0.01
3144,0.95,0.8,0.53,0.08,0.11,0.01
3145,0.9433333333333335,0.7,0.42,0.13,0.16,0.01
3146,0.9450000000000002,0.69,0.38,0.15,0.14,0.02
3147,0.9433333333333335,0.73,0.43,0.14,0.11,0.02
3148,0.9263889333534516,0.69,0.36,0.16,0.12,0.03
3149,0.9000000000000001,0.73,0.42,0.11,0.12,0.04
3150,0.9116969543927582,0.7,0.42,0.16,0.11,0.03
3151,0.931610757754402,0.68,0.38,0.2,0.1,0.02
3152,0.9282206969990586,0.61,0.35,0.28,0.09,0.02
3153,0.9308160014382096,0.6,0.33,0.29,0.08,0.03
3154,0.9370719311592777,0.62,0.37,0.26,0.11,0.01
3155,0.9532206969990589,0.55,0.32,0.34,0.09,0.02
3156,0.9382540142455789,0.53,0.29,0.35,0.07,0.05
3157,0.9569876102523311,0.58,0.3,0.29,0.09,0.04
3158,0.9643953093062336,0.63,0.32,0.24,0.12,0.01
3159,0.8249999999999998,0.6,0.29,0.29,0.09,0.02
3160,0.8466666666666662,0.6,0.28,0.24,0.13,0.03
3161,0.8766666666666666,0.61,0.29,0.24,0.14,0.01
3162,0.8533333333333333,0.6,0.32,0.27,0.11,0.02
3163,0.8933333333333331,0.61,0.37,0.24,0.08,0.07
3164,0.903333333333333,0.56,0.35,0.24,0.1,0.1
3165,0.8800000000000001,0.58,0.35,0.23,0.09,0.1
3166,0.8999999999999995,0.56,0.32,0.17,0.14,0.13
3167,0.8861527962403776,0.5,0.26,0.2,0.19,0.11
3168,0.8978194629070437,0.52,0.29,0.15,0.18,0.15
3169,0.8216666666666668,0.48,0.26,0.14,0.23,0.15
3170,0.8450000000000002,0.49,0.35,0.16,0.27,0.08
3171,0.8350000000000002,0.53,0.4,0.14,0.21,0.12
3172,0.88,0.54,0.39,0.16,0.16,0.14
3173,0.8949174003625712,0.54,0.37,0.21,0.16,0.09
3174,0.9066666666666667,0.55,0.37,0.18,0.15,0.12
3175,0.9283333333333335,0.51,0.36,0.27,0.13,0.09
3176,0.9316666666666664,0.58,0.43,0.23,0.12,0.07
3177,0.945,0.55,0.4,0.28,0.13,0.04
3178,0.9316666666666669,0.54,0.41,0.32,0.13,0.01
3179,0.8333333333333331,0.5,0.38,0.38,0.09,0.03
3180,0.8669734117296793,0.66,0.55,0.21,0.08,0.05
3181,0.908489337829587,0.71,0.58,0.2,0.05,0.04
3182,0.9029684782589041,0.73,0.55,0.2,0.05,0.02
3183,0.9371696981520534,0.74,0.51,0.15,0.09,0.02
3184,0.914853618447927,0.7,0.44,0.2,0.06,0.04
3185,0.8975220668349025,0.71,0.4,0.17,0.1,0.02
3186,0.9099999999999998,0.73,0.34,0.19,0.06,0.02
3187,0.925,0.7,0.4,0.12,0.16,0.02
3188,0.9083333333333331,0.76,0.4,0.13,0.09,0.02
3189,0.9083333333333333,0.76,0.45,0.06,0.15,0.03
3190,0.9300000000000002,0.77,0.4,0.08,0.12,0.03
3191,0.9316666666666668,0.71,0.39,0.16,0.11,0.02
3192,0.9169870255142123,0.62,0.32,0.22,0.11,0.05
3193,0.9287753029514875,0.49,0.22,0.38,0.06,0.07
3194,0.9371086362848208,0.41,0.13,0.45,0.09,0.05
3195,0.96,0.47,0.15,0.49,0.01,0.03
3196,0.92658499212478,0.52,0.23,0.4,0.03,0.05
3197,0.9566666666666669,0.49,0.26,0.4,0.05,0.06
3198,0.9450000000000002,0.52,0.27,0.39,0.02,0.07
3199,0.7983333333333333,0.46,0.22,0.44,0.05,0.05
3200,0.8633333333333334,0.6,0.38,0.33,0.05,0.02
3201,0.8733845944387543,0.64,0.34,0.26,0.06,0.04
3202,0.8802861294106458,0.62,0.34,0.29,0.05,0.04
3203,0.8717179277720875,0.63,0.31,0.25,0.08,0.04
3204,0.92,0.65,0.37,0.17,0.16,0.02
3205,0.8951537833162629,0.68,0.37,0.11,0.16,0.05
3206,0.9017179277720878,0.62,0.36,0.12,0.2,0.06
3207,0.9316666666666665,0.57,0.34,0.07,0.31,0.05
3208,0.9183845944387543,0.56,0.41,0.05,0.31,0.08
3209,0.8449999999999999,0.52,0.37,0.06,0.37,0.05
3210,0.8800000000000001,0.52,0.41,0.09,0.3,0.09
3211,0.855,0.49,0.37,0.08,0.24,0.19
3212,0.8883333333333333,0.59,0.4,0.09,0.18,0.14
3213,0.9233333333333335,0.68,0.44,0.12,0.16,0.04
3214,0.9350000000000002,0.68,0.44,0.14,0.1,0.08
3215,0.94,0.65,0.38,0.2,0.1,0.05
3216,0.94,0.68,0.39,0.18,0.08,0.06
3217,0.9383333333333331,0.63,0.33,0.22,0.09,0.06
3218,0.93,0.65,0.35,0.22,0.1,0.03
3219,0.8599999999999999,0.6,0.36,0.24,0.12,0.04
3220,0.9102459911862191,0.71,0.39,0.17,0.09,0.03
3221,0.9199999999999998,0.69,0.35,0.16,0.13,0.02
3222,0.9300000000000002,0.61,0.35,0.15,0.21,0.03
3223,0.9233520592827678,0.6,0.34,0.13,0.23,0.04
3224,0.9150000000000001,0.53,0.33,0.19,0.27,0.01
3225,0.9400000000000002,0.55,0.3,0.11,0.33,0.01
3226,0.94,0.57,0.25,0.07,0.31,0.05
3227,0.9566666666666666,0.53,0.25,0.12,0.33,0.02
3228,0.9333333333333332,0.48,0.14,0.12,0.34,0.06
3229,0.8383333333333337,0.47,0.12,0.1,0.37,0.06
3230,0.8474950374989926,0.48,0.12,0.11,0.37,0.04
3231,0.85057021409434,0.46,0.08,0.14,0.38,0.02
3232,0.8766666666666671,0.49,0.07,0.22,0.25,0.04
3233,0.8716666666666666,0.45,0.09,0.22,0.27,0.06
3234,0.8983333333333333,0.48,0.05,0.27,0.2,0.05
3235,0.9266666666666667,0.42,0.04,0.37,0.19,0.02
3236,0.9233333333333335,0.38,0.01,0.43,0.15,0.04
3237,0.9305702140943403,0.34,0.0,0.44,0.15,0.07
3238,0.9266666666666665,0.43,0.0,0.33,0.14,0.1
3239,0.7716666666666664,0.48,0.0,0.29,0.09,0.14
3240,0.825,0.55,0.0,0.23,0.12,0.1
3241,0.8433333333333333,0.66,0.0,0.11,0.08,0.15
3242,0.8492423628969361,0.61,0.0,0.13,0.13,0.13
3243,0.8950000000000001,0.65,0.0,0.06,0.18,0.11
3244,0.9133333333333333,0.71,0.0,0.03,0.17,0.09
3245,0.9161253999099879,0.6,0.0,0.04,0.25,0.11
3246,0.9502980160555862,0.57,0.0,0.01,0.37,0.05
3247,0.9354136919272008,0.47,0.0,0.06,0.44,0.03
3248,0.955,0.49,0.01,0.03,0.44,0.04
3249,0.8550000000000001,0.51,0.0,0.03,0.43,0.03
3250,0.8616666666666666,0.48,0.0,0.09,0.34,0.09
3251,0.8872339623928127,0.56,0.0,0.11,0.26,0.07
3252,0.895,0.54,0.0,0.13,0.22,0.11
3253,0.9105672957261458,0.6,0.0,0.18,0.13,0.09
3254,0.9166666666666664,0.54,0.0,0.25,0.11,0.1
3255,0.9033333333333334,0.52,0.0,0.25,0.09,0.14
3256,0.8800000000000001,0.48,0.0,0.23,0.14,0.15
3257,0.8883333333333333,0.48,0.0,0.26,0.13,0.13
3258,0.9033333333333333,0.53,0.0,0.23,0.15,0.09
3259,0.8399999999999997,0.55,0.0,0.27,0.12,0.06
3260,0.8883333333333334,0.62,0.0,0.2,0.13,0.05
3261,0.8883333333333333,0.59,0.0,0.18,0.18,0.05
3262,0.9284155915576576,0.62,0.0,0.11,0.24,0.03
3263,0.9283333333333335,0.51,0.0,0.13,0.32,0.04
3264,0.9083333333333331,0.45,0.0,0.1,0.37,0.08
3265,0.9199999999999998,0.38,0.0,0.1,0.43,0.09
3266,0.9163226822261461,0.47,0.0,0.07,0.36,0.1
3267,0.9293856462478199,0.48,0.0,0.07,0.42,0.03
3268,0.9293856462478203,0.43,0.01,0.09,0.46,0.02
3269,0.8433333333333336,0.4,0.0,0.05,0.53,0.02
3270,0.8450000000000003,0.42,0.0,0.08,0.45,0.05
3271,0.8933333333333329,0.49,0.0,0.13,0.36,0.02
3272,0.8896268159672629,0.47,0.0,0.15,0.33,0.05
3273,0.8929601493005963,0.5,0.0,0.12,0.26,0.12
3274,0.9183333333333333,0.52,0.0,0.18,0.25,0.05
3275,0.9349999999999998,0.5,0.01,0.26,0.19,0.05
3276,0.9099176161950281,0.44,0.0,0.26,0.23,0.07
3277,0.9212031850252681,0.47,0.0,0.31,0.15,0.07
3278,0.9266666666666664,0.48,0.0,0.31,0.15,0.06
3279,0.7816666666666668,0.47,0.0,0.33,0.13,0.07
3280,0.8050000000000002,0.54,0.0,0.24,0.13,0.09
3281,0.8599999999999999,0.64,0.0,0.19,0.12,0.05
3282,0.8816666666666667,0.64,0.0,0.13,0.18,0.05
3283,0.8716666666666665,0.61,0.0,0.16,0.19,0.04
3284,0.8949999999999999,0.6,0.0,0.16,0.18,0.06
3285,0.8866666666666667,0.63,0.0,0.2,0.14,0.03
3286,0.9033333333333331,0.6,0.0,0.17,0.17,0.06
3287,0.9062011353043183,0.57,0.0,0.13,0.24,0.06
3288,0.8978678019709855,0.48,0.0,0.15,0.31,0.06
3289,0.8316666666666669,0.5,0.01,0.16,0.28,0.06
3290,0.855,0.44,0.0,0.22,0.28,0.06
3291,0.8449999999999998,0.37,0.0,0.26,0.31,0.06
3292,0.8349999999999999,0.46,0.0,0.24,0.23,0.07
3293,0.8966666666666668,0.52,0.0,0.22,0.17,0.09
3294,0.9083333333333331,0.57,0.0,0.18,0.13,0.12
3295,0.9033333333333333,0.54,0.0,0.17,0.15,0.14
3296,0.88,0.44,0.0,0.21,0.13,0.22
3297,0.8662797207562362,0.46,0.0,0.2,0.12,0.22
3298,0.8833333333333337,0.44,0.0,0.25,0.11,0.2
3299,0.8116666666666668,0.49,0.0,0.27,0.05,0.19
3300,0.823333333333333,0.57,0.0,0.24,0.09,0.1
3301,0.8816666666666666,0.61,0.0,0.19,0.1,0.1
3302,0.8916666666666664,0.57,0.01,0.16,0.15,0.12
3303,0.8616666666666667,0.59,0.01,0.14,0.19,0.08
3304,0.9000000000000001,0.58,0.03,0.11,0.25,0.06
3305,0.9116666666666663,0.51,0.01,0.07,0.32,0.1
3306,0.9133333333333333,0.46,0.01,0.1,0.35,0.09
3307,0.9033333333333333,0.42,0.0,0.11,0.34,0.13
3308,0.8999999999999996,0.36,0.0,0.09,0.38,0.17
3309,0.7950000000000003,0.31,0.0,0.06,0.47,0.16
3310,0.8133333333333331,0.36,0.0,0.09,0.39,0.16
3311,0.8315270433674249,0.36,0.0,0.13,0.32,0.19
3312,0.8166666666666668,0.36,0.0,0.17,0.31,0.16
3313,0.8182635216837126,0.3,0.01,0.18,0.34,0.18
3314,0.8465968550170453,0.36,0.02,0.19,0.27,0.18
3315,0.869930188350379,0.42,0.02,0.2,0.23,0.15
3316,0.9049999999999997,0.43,0.01,0.31,0.15,0.11
3317,0.9150000000000001,0.43,0.01,0.31,0.1,0.16
3318,0.9383333333333331,0.49,0.03,0.35,0.06,0.1
3319,0.8383333333333333,0.5,0.04,0.34,0.06,0.1
3320,0.8516666666666665,0.49,0.06,0.31,0.06,0.14
3321,0.8966666666666667,0.62,0.03,0.19,0.1,0.09
3322,0.8916666666666664,0.62,0.05,0.17,0.14,0.07
3323,0.9066666666666667,0.62,0.03,0.12,0.22,0.04
3324,0.9216666666666667,0.61,0.06,0.11,0.22,0.06
3325,0.95,0.61,0.06,0.03,0.3,0.06
3326,0.9416666666666665,0.57,0.07,0.05,0.28,0.1
3327,0.9616666666666667,0.6,0.1,0.02,0.33,0.05
3328,0.9549999999999998,0.5,0.07,0.05,0.39,0.06
3329,0.8200000000000003,0.47,0.07,0.06,0.42,0.05
3330,0.8533333333333332,0.47,0.11,0.13,0.35,0.05
3331,0.8666666666666667,0.47,0.1,0.17,0.29,0.07
3332,0.8666666666666666,0.47,0.09,0.16,0.31,0.06
3333,0.8808315480408784,0.51,0.16,0.17,0.23,0.09
3334,0.8916630960817574,0.58,0.17,0.12,0.19,0.11
3335,0.8900496451895102,0.55,0.14,0.18,0.2,0.07
3336,0.8974946441226354,0.54,0.12,0.19,0.2,0.07
3337,0.9149964294150902,0.53,0.07,0.25,0.17,0.05
3338,0.9141648813742118,0.51,0.11,0.24,0.17,0.08
3339,0.86,0.49,0.17,0.33,0.1,0.08
3340,0.878333333333333,0.46,0.17,0.32,0.17,0.05
3341,0.8804501756770189,0.49,0.13,0.25,0.21,0.05
3342,0.8804501756770188,0.42,0.1,0.27,0.25,0.06
3343,0.8971168423436855,0.38,0.1,0.22,0.32,0.08
3344,0.9037835090103523,0.37,0.12,0.17,0.39,0.07
3345,0.8733468761651209,0.26,0.07,0.13,0.45,0.16
3346,0.9037835090103522,0.35,0.12,0.11,0.41,0.13
3347,0.9321168423436857,0.27,0.08,0.09,0.52,0.12
3348,0.9137835090103522,0.25,0.07,0.1,0.48,0.17
3349,0.7966666666666664,0.25,0.09,0.11,0.5,0.14
3350,0.8283333333333331,0.35,0.09,0.13,0.41,0.11
3351,0.8216666666666664,0.28,0.11,0.16,0.43,0.13
3352,0.8249999999999998,0.28,0.06,0.12,0.44,0.16
3353,0.8516666666666665,0.3,0.07,0.15,0.42,0.13
3354,0.8516666666666667,0.28,0.14,0.17,0.44,0.11
3355,0.8733333333333332,0.33,0.17,0.21,0.31,0.15
3356,0.865,0.31,0.18,0.27,0.24,0.18
3357,0.9000000000000002,0.33,0.16,0.26,0.22,0.19
3358,0.8783333333333334,0.29,0.13,0.29,0.24,0.18
3359,0.7916666666666665,0.31,0.13,0.29,0.25,0.15
3360,0.8316666666666666,0.37,0.18,0.2,0.29,0.14
3361,0.8749999999999997,0.42,0.18,0.18,0.28,0.12
3362,0.9100000000000001,0.43,0.22,0.19,0.32,0.06
3363,0.9149999999999998,0.47,0.21,0.19,0.28,0.06
3364,0.9327023752813658,0.51,0.19,0.15,0.29,0.05
3365,0.9377023752813659,0.42,0.13,0.16,0.38,0.04
3366,0.9316666666666665,0.4,0.15,0.13,0.42,0.05
3367,0.9416666666666664,0.39,0.15,0.1,0.4,0.11
3368,0.9334161715346476,0.33,0.16,0.12,0.42,0.13
3369,0.8016666666666663,0.31,0.12,0.12,0.47,0.1
3370,0.8046933044743997,0.28,0.1,0.13,0.42,0.17
3371,0.8100000000000003,0.37,0.12,0.13,0.32,0.18
3372,0.8216666666666668,0.36,0.07,0.16,0.32,0.16
3373,0.8333333333333333,0.32,0.06,0.16,0.33,0.19
3374,0.8566666666666666,0.34,0.05,0.16,0.35,0.15
3375,0.8630463106213375,0.28,0.03,0.24,0.3,0.18
3376,0.8683333333333336,0.33,0.05,0.28,0.2,0.19
3377,0.8616666666666667,0.39,0.02,0.25,0.19,0.17
3378,0.8999999999999999,0.37,0.02,0.28,0.18,0.17
3379,0.815,0.34,0.01,0.33,0.16,0.17
3380,0.7966666666666665,0.39,0.02,0.25,0.19,0.17
3381,0.8266666666666663,0.44,0.02,0.19,0.21,0.16
3382,0.835,0.47,0.02,0.18,0.19,0.16
3383,0.8866666666666663,0.49,0.04,0.23,0.22,0.06
3384,0.8800000000000003,0.51,0.07,0.21,0.22,0.06
3385,0.9281957493696587,0.51,0.07,0.13,0.3,0.06
3386,0.925,0.42,0.05,0.14,0.36,0.08
3387,0.9183333333333333,0.39,0.05,0.1,0.41,0.1
3388,0.91,0.35,0.05,0.1,0.44,0.11
3389,0.8333333333333336,0.31,0.06,0.14,0.44,0.11
3390,0.8416666666666669,0.31,0.07,0.15,0.41,0.13
3391,0.8616666666666666,0.37,0.07,0.15,0.32,0.16
3392,0.8716666666666665,0.36,0.09,0.21,0.33,0.1
3393,0.8816666666666668,0.34,0.11,0.24,0.3,0.12
3394,0.866666666666667,0.3,0.1,0.27,0.3,0.13
3395,0.885,0.39,0.13,0.19,0.34,0.08
3396,0.8983333333333333,0.43,0.15,0.21,0.29,0.07
3397,0.9183333333333334,0.48,0.13,0.27,0.14,0.11
3398,0.9199999999999997,0.51,0.17,0.28,0.09,0.12
3399,0.7249999999999999,0.52,0.16,0.33,0.1,0.05
3400,0.817052733908161,0.58,0.25,0.29,0.11,0.02
3401,0.8366666666666666,0.61,0.26,0.25,0.12,0.02
3402,0.8800000000000001,0.57,0.28,0.2,0.19,0.04
3403,0.8783333333333333,0.49,0.2,0.16,0.3,0.05
3404,0.9236099503367323,0.46,0.2,0.13,0.37,0.04
3405,0.9295000280252248,0.47,0.24,0.1,0.41,0.02
3406,0.94,0.45,0.24,0.08,0.41,0.06
3407,0.9449999999999998,0.5,0.22,0.07,0.37,0.06
3408,0.9416666666666665,0.52,0.23,0.02,0.39,0.07
3409,0.8399999999999999,0.53,0.26,0.01,0.38,0.08
3410,0.8508304843916297,0.49,0.28,0.01,0.42,0.08
3411,0.8513018394776073,0.47,0.2,0.05,0.39,0.09
3412,0.8446408706943487,0.42,0.19,0.07,0.43,0.08
3413,0.8753216317355988,0.47,0.22,0.1,0.37,0.06
3414,0.8799999999999999,0.48,0.18,0.11,0.35,0.06
3415,0.8766666666666667,0.51,0.14,0.15,0.23,0.11
3416,0.8733333333333333,0.5,0.18,0.2,0.21,0.09
3417,0.8820692157166864,0.47,0.14,0.2,0.22,0.11
3418,0.9116666666666667,0.58,0.22,0.21,0.14,0.07
3419,0.8516666666666667,0.56,0.22,0.23,0.1,0.11
3420,0.8766666666666665,0.5,0.19,0.24,0.19,0.07
3421,0.86,0.46,0.17,0.22,0.24,0.08
3422,0.8632074937865625,0.42,0.16,0.22,0.25,0.11
3423,0.8794541848187589,0.43,0.15,0.19,0.3,0.08
3424,0.9098741604532294,0.39,0.15,0.18,0.33,0.1
3425,0.9485308509972051,0.35,0.11,0.17,0.4,0.08
3426,0.9264149875731252,0.36,0.12,0.17,0.4,0.07
3427,0.9373849084898463,0.33,0.13,0.11,0.45,0.11
3428,0.9452696498525771,0.36,0.11,0.07,0.43,0.14
3429,0.81,0.45,0.16,0.03,0.45,0.07
3430,0.8466666666666666,0.52,0.22,0.05,0.35,0.08
3431,0.8727037868208211,0.56,0.25,0.05,0.32,0.07
3432,0.8627037868208209,0.57,0.28,0.1,0.26,0.07
3433,0.8493704534874879,0.54,0.22,0.17,0.21,0.08
3434,0.871666666666667,0.5,0.25,0.17,0.23,0.1
3435,0.874370453487488,0.39,0.19,0.25,0.26,0.1
3436,0.8716666666666665,0.4,0.13,0.27,0.18,0.15
3437,0.9116666666666668,0.37,0.13,0.38,0.12,0.13
3438,0.9266666666666665,0.36,0.12,0.44,0.1,0.1
3439,0.7799999999999998,0.36,0.11,0.41,0.13,0.1
3440,0.8305073205677842,0.33,0.1,0.42,0.17,0.08
3441,0.8533333333333336,0.39,0.14,0.3,0.22,0.09
3442,0.8821739872344512,0.56,0.19,0.17,0.15,0.12
3443,0.8988406539011174,0.58,0.25,0.13,0.18,0.11
3444,0.8995626755321043,0.59,0.23,0.09,0.21,0.11
3445,0.8945626755321046,0.64,0.22,0.14,0.14,0.08
3446,0.8586959489378039,0.67,0.25,0.15,0.09,0.09
3447,0.8830439234067058,0.64,0.29,0.1,0.16,0.1
3448,0.8945626755321046,0.61,0.27,0.13,0.2,0.06
3449,0.9266666666666667,0.66,0.35,0.1,0.2,0.04
3450,0.9133333333333333,0.64,0.35,0.11,0.18,0.07
3451,0.9250000000000003,0.64,0.31,0.16,0.14,0.06
3452,0.9312766723391439,0.53,0.18,0.25,0.17,0.05
3453,0.9203275536660156,0.51,0.22,0.3,0.12,0.07
3454,0.9285951800924563,0.48,0.22,0.35,0.14,0.03
3455,0.9396103666598451,0.58,0.26,0.29,0.11,0.02
3456,0.9548050028362387,0.5,0.21,0.35,0.13,0.02
3457,0.9423550812691408,0.45,0.17,0.38,0.09,0.08
3458,0.9525500784329023,0.46,0.11,0.39,0.06,0.09
3459,0.7766666666666666,0.53,0.09,0.28,0.08,0.11
3460,0.8099999999999997,0.56,0.1,0.22,0.11,0.11
3461,0.7933333333333334,0.55,0.14,0.2,0.17,0.08
3462,0.85,0.6,0.13,0.15,0.17,0.08
3463,0.8583333333333332,0.59,0.1,0.14,0.18,0.09
3464,0.8572942656157823,0.49,0.08,0.13,0.25,0.13
3465,0.8415522185774532,0.44,0.03,0.15,0.29,0.12
3466,0.8416666666666665,0.45,0.05,0.13,0.25,0.17
3467,0.8375912862950046,0.47,0.05,0.1,0.22,0.21
3468,0.8216666666666665,0.41,0.03,0.07,0.32,0.2
3469,0.8433333333333333,0.33,0.03,0.08,0.34,0.25
3470,0.8716666666666671,0.4,0.04,0.11,0.31,0.18
3471,0.8936623002602819,0.44,0.01,0.12,0.26,0.18
3472,0.8949999999999999,0.44,0.02,0.14,0.26,0.16
3473,0.8953289669269487,0.47,0.02,0.17,0.22,0.14
3474,0.9453289669269488,0.56,0.02,0.23,0.12,0.09
3475,0.9489912671872307,0.58,0.04,0.26,0.05,0.11
3476,0.9447541143463098,0.54,0.04,0.34,0.03,0.09
3477,0.9472907080787073,0.47,0.04,0.37,0.06,0.1
3478,0.9548306716015909,0.48,0.03,0.43,0.07,0.02
3479,0.6466666666666666,0.4,0.04,0.47,0.05,0.08
3480,0.7138260120603576,0.4,0.0,0.43,0.13,0.04
3481,0.7583333333333333,0.5,0.0,0.29,0.19,0.02
3482,0.8366666666666666,0.58,0.0,0.2,0.17,0.05
3483,0.8433333333333333,0.54,0.0,0.23,0.19,0.04
3484,0.865,0.53,0.0,0.17,0.23,0.07
3485,0.8635041368139343,0.48,0.0,0.16,0.25,0.11
3486,0.875,0.44,0.0,0.15,0.34,0.07
3487,0.8983333333333334,0.45,0.0,0.11,0.37,0.07
3488,0.8833333333333333,0.41,0.0,0.09,0.34,0.16
3489,0.835,0.53,0.0,0.03,0.31,0.13
3490,0.8451851774262594,0.53,0.0,0.09,0.25,0.13
3491,0.877222198945444,0.58,0.0,0.09,0.21,0.12
3492,0.9009713401401251,0.63,0.01,0.13,0.18,0.06
3493,0.9190739732080354,0.57,0.04,0.18,0.18,0.07
3494,0.9363416949926433,0.58,0.03,0.2,0.12,0.1
3495,0.9379629086504806,0.55,0.02,0.23,0.1,0.12
3496,0.9090739732080353,0.44,0.0,0.23,0.18,0.15
3497,0.9199999301696654,0.43,0.0,0.32,0.14,0.11
3498,0.9371101101252252,0.47,0.0,0.34,0.09,0.1
3499,0.75,0.46,0.0,0.33,0.1,0.11
3500,0.7816666666666666,0.56,0.0,0.23,0.06,0.15
3501,0.8003469739209208,0.48,0.0,0.24,0.11,0.17
3502,0.8366666666666666,0.48,0.0,0.21,0.11,0.2
3503,0.8577675452321839,0.43,0.0,0.2,0.15,0.22
3504,0.8588684237977013,0.47,0.0,0.15,0.15,0.23
3505,0.8727521964137935,0.5,0.0,0.08,0.16,0.26
3506,0.9038530749793111,0.52,0.0,0.06,0.19,0.23
3507,0.8660855297471269,0.52,0.0,0.06,0.21,0.21
3508,0.8860701809287365,0.39,0.0,0.09,0.27,0.25
3509,0.8566666666666666,0.46,0.0,0.06,0.32,0.16
3510,0.8740259169802508,0.42,0.0,0.13,0.32,0.13
3511,0.8950000000000005,0.46,0.0,0.17,0.21,0.16
3512,0.9,0.48,0.01,0.17,0.19,0.16
3513,0.9033333333333334,0.51,0.02,0.16,0.2,0.13
3514,0.9356925836469174,0.55,0.02,0.2,0.14,0.11
3515,0.9234629182345871,0.53,0.02,0.14,0.2,0.13
3516,0.9198480855284218,0.59,0.04,0.13,0.18,0.1
3517,0.9284629182345872,0.6,0.04,0.17,0.13,0.1
3518,0.9373592503135839,0.54,0.05,0.28,0.1,0.08
3519,0.7416666666666667,0.51,0.04,0.33,0.09,0.07
3520,0.7633333333333333,0.55,0.03,0.27,0.11,0.07
3521,0.7950000000000002,0.57,0.05,0.19,0.15,0.09
3522,0.7966666666666665,0.56,0.05,0.21,0.2,0.03
3523,0.8033333333333332,0.55,0.03,0.18,0.25,0.02
3524,0.8283333333333336,0.46,0.04,0.21,0.28,0.05
3525,0.8849999999999997,0.51,0.06,0.14,0.3,0.05
3526,0.86,0.51,0.08,0.08,0.32,0.09
3527,0.8583333333333334,0.48,0.09,0.1,0.31,0.11
3528,0.835,0.44,0.05,0.14,0.3,0.12
3529,0.8916666666666666,0.4,0.05,0.18,0.33,0.09
3530,0.9149999999999998,0.39,0.05,0.3,0.21,0.1
3531,0.9066666666666666,0.38,0.08,0.34,0.19,0.09
3532,0.9166666666666667,0.42,0.06,0.33,0.15,0.1
3533,0.9133333333333333,0.44,0.06,0.33,0.14,0.09
3534,0.9066666666666668,0.5,0.07,0.29,0.14,0.07
3535,0.9300000000000002,0.58,0.11,0.27,0.11,0.04
3536,0.9316666666666665,0.59,0.15,0.31,0.08,0.02
3537,0.9183333333333329,0.55,0.15,0.25,0.12,0.08
3538,0.925,0.54,0.14,0.25,0.11,0.1
3539,0.7016666666666665,0.52,0.12,0.26,0.13,0.09
3540,0.81,0.49,0.14,0.17,0.2,0.14
3541,0.8466666666666667,0.52,0.21,0.14,0.27,0.07
3542,0.900129493252245,0.46,0.25,0.12,0.35,0.07
3543,0.8843588965367485,0.49,0.26,0.09,0.35,0.07
3544,0.925,0.53,0.33,0.07,0.36,0.04
3545,0.8960264054501687,0.61,0.37,0.06,0.26,0.07
3546,0.9267148061406578,0.6,0.38,0.06,0.32,0.02
3547,0.9416666666666665,0.63,0.37,0.07,0.28,0.02
3548,0.9197101347143111,0.64,0.32,0.1,0.22,0.04
3549,0.908333333333333,0.66,0.34,0.07,0.24,0.03
3550,0.9133333333333334,0.62,0.34,0.12,0.22,0.04
3551,0.8850000000000002,0.49,0.22,0.18,0.28,0.05
3552,0.8950000000000001,0.52,0.27,0.2,0.21,0.07
3553,0.9333333333333335,0.59,0.33,0.18,0.12,0.11
3554,0.9041017941699423,0.57,0.31,0.16,0.15,0.12
3555,0.922261308817871,0.6,0.29,0.17,0.12,0.11
3556,0.9416666666666668,0.68,0.35,0.16,0.09,0.07
3557,0.9566666666666666,0.69,0.39,0.19,0.09,0.03
3558,0.98,0.73,0.39,0.22,0.02,0.03
3559,0.84,0.7,0.37,0.24,0.03,0.03
3560,0.8683333333333334,0.69,0.32,0.23,0.05,0.03
3561,0.8699999999999997,0.63,0.25,0.21,0.13,0.03
3562,0.9083333333333334,0.7,0.28,0.12,0.11,0.07
3563,0.8952940450557557,0.69,0.24,0.13,0.12,0.06
3564,0.9016666666666667,0.71,0.23,0.11,0.16,0.02
3565,0.8813489025131028,0.6,0.12,0.12,0.21,0.07
3566,0.9033333333333334,0.65,0.11,0.08,0.21,0.06
3567,0.8637763815813608,0.62,0.11,0.07,0.28,0.03
3568,0.9143881907906807,0.63,0.08,0.07,0.24,0.06
3569,0.8716666666666665,0.59,0.11,0.07,0.29,0.05
3570,0.8750000000000001,0.56,0.18,0.12,0.28,0.04
3571,0.8753279176326809,0.53,0.12,0.11,0.26,0.1
3572,0.8809553991931597,0.57,0.17,0.1,0.2,0.13
3573,0.8999999999999999,0.63,0.21,0.11,0.11,0.15
3574,0.8933333333333334,0.58,0.19,0.17,0.13,0.12
3575,0.9099999999999998,0.58,0.2,0.19,0.11,0.12
3576,0.8816666666666667,0.46,0.14,0.26,0.13,0.15
3577,0.8933333333333335,0.49,0.12,0.29,0.09,0.13
3578,0.9064415442945711,0.48,0.1,0.32,0.08,0.12
3579,0.7566666666666666,0.44,0.08,0.37,0.08,0.11
3580,0.7733333333333333,0.45,0.11,0.36,0.12,0.07
3581,0.8516666666666666,0.5,0.14,0.3,0.16,0.04
3582,0.9200000000000002,0.61,0.16,0.17,0.21,0.01
3583,0.935,0.64,0.16,0.13,0.23,0.0
3584,0.9149999999999997,0.57,0.17,0.17,0.25,0.01
3585,0.915,0.51,0.08,0.14,0.33,0.02
3586,0.9083333333333334,0.48,0.07,0.11,0.37,0.04
3587,0.92,0.52,0.06,0.12,0.3,0.06
3588,0.9116666666666667,0.53,0.06,0.11,0.31,0.05
3589,0.8550000000000003,0.58,0.1,0.1,0.3,0.02
3590,0.8716666666666667,0.54,0.09,0.18,0.26,0.02
3591,0.8666666666666667,0.47,0.08,0.24,0.27,0.02
3592,0.8833333333333337,0.49,0.1,0.3,0.2,0.01
3593,0.9250000000000003,0.42,0.08,0.42,0.13,0.03
3594,0.9266666666666669,0.42,0.07,0.45,0.1,0.03
3595,0.9250000000000002,0.43,0.03,0.46,0.06,0.05
3596,0.9470776930139116,0.42,0.02,0.47,0.03,0.08
3597,0.9266666666666667,0.41,0.02,0.44,0.06,0.09
3598,0.9250000000000003,0.41,0.01,0.44,0.08,0.07
3599,0.6900000000000003,0.37,0.0,0.47,0.06,0.1
3600,0.7100000000000003,0.43,0.0,0.4,0.05,0.12
3601,0.7783333333333335,0.5,0.0,0.37,0.02,0.11
3602,0.8216666666666668,0.59,0.01,0.27,0.03,0.11
3603,0.8333333333333335,0.66,0.02,0.23,0.05,0.06
3604,0.8316666666666667,0.6,0.01,0.22,0.1,0.08
3605,0.8566666666666667,0.58,0.01,0.25,0.12,0.05
3606,0.885,0.6,0.01,0.15,0.19,0.06
3607,0.9199999999999997,0.61,0.04,0.13,0.23,0.03
3608,0.925,0.48,0.07,0.12,0.35,0.05
3609,0.8466666666666667,0.46,0.06,0.07,0.34,0.13
3610,0.8617707865156116,0.43,0.09,0.17,0.2,0.2
3611,0.9066666666666666,0.49,0.09,0.22,0.15,0.14
3612,0.9351041198489447,0.57,0.05,0.27,0.09,0.07
3613,0.9518749063645557,0.6,0.11,0.29,0.08,0.03
3614,0.9666666666666669,0.6,0.11,0.31,0.09,0.0
3615,0.9634374531822776,0.58,0.09,0.35,0.05,0.02
3616,0.9617707865156112,0.49,0.08,0.41,0.07,0.03
3617,0.9619790262135003,0.48,0.08,0.45,0.05,0.02
3618,0.9698908164561236,0.52,0.12,0.41,0.03,0.04
3619,0.7016666666666665,0.52,0.09,0.4,0.04,0.04
3620,0.7483333333333333,0.43,0.06,0.43,0.06,0.08
3621,0.8099999999999998,0.43,0.06,0.38,0.07,0.12
3622,0.7949999999999998,0.42,0.08,0.3,0.13,0.15
3623,0.8466666666666666,0.42,0.08,0.2,0.24,0.14
3624,0.8616666666666667,0.47,0.1,0.15,0.23,0.15
3625,0.8716666666666667,0.47,0.12,0.13,0.24,0.16
3626,0.8883333333333332,0.46,0.18,0.1,0.25,0.19
3627,0.8766666666666666,0.46,0.11,0.11,0.26,0.17
3628,0.9316666666666668,0.45,0.14,0.05,0.37,0.13
3629,0.8566666666666667,0.46,0.11,0.03,0.41,0.1
3630,0.8820132586155631,0.56,0.11,0.04,0.27,0.13
3631,0.8923598505644591,0.59,0.06,0.04,0.23,0.14
3632,0.9150000000000001,0.59,0.05,0.1,0.16,0.15
3633,0.9007500946732298,0.48,0.05,0.1,0.22,0.2
3634,0.9216666666666664,0.53,0.06,0.12,0.18,0.17
3635,0.9233333333333331,0.47,0.03,0.19,0.19,0.15
3636,0.9183333333333333,0.45,0.03,0.2,0.21,0.14
3637,0.9483333333333333,0.48,0.03,0.3,0.09,0.13
3638,0.937510745787603,0.49,0.02,0.25,0.08,0.18
3639,0.7949999999999998,0.51,0.03,0.27,0.08,0.14
3640,0.8983333333333333,0.67,0.04,0.14,0.14,0.05
3641,0.895,0.66,0.02,0.18,0.14,0.02
3642,0.9016666666666668,0.7,0.03,0.12,0.18,0.0
3643,0.89,0.62,0.04,0.13,0.23,0.02
3644,0.905,0.71,0.05,0.1,0.19,0.0
3645,0.9049999999999997,0.73,0.09,0.11,0.15,0.01
3646,0.9174999999999998,0.67,0.07,0.09,0.22,0.02
3647,0.8893700883656144,0.56,0.08,0.15,0.28,0.01
3648,0.9066666666666666,0.49,0.06,0.1,0.35,0.06
3649,0.8483333333333336,0.49,0.03,0.07,0.35,0.09
3650,0.8617771975016834,0.52,0.05,0.11,0.28,0.09
3651,0.8889703422444601,0.5,0.08,0.19,0.26,0.05
3652,0.9074534013304736,0.43,0.05,0.31,0.19,0.07
3653,0.9002065358395498,0.38,0.01,0.36,0.17,0.09
3654,0.9300568100868699,0.43,0.0,0.39,0.1,0.08
3655,0.930394085819394,0.45,0.0,0.4,0.07,0.08
3656,0.9427542898108144,0.38,0.0,0.45,0.05,0.12
3657,0.9370212758951542,0.42,0.0,0.42,0.03,0.13
3658,0.9603151326375806,0.43,0.0,0.42,0.03,0.12
3659,0.6966666666666665,0.33,0.0,0.58,0.0,0.09
3660,0.7510429011223265,0.38,0.0,0.55,0.02,0.05
3661,0.7860429011223267,0.5,0.0,0.4,0.03,0.07
3662,0.8127095677889931,0.51,0.0,0.37,0.08,0.04
3663,0.8850000000000001,0.69,0.01,0.19,0.07,0.05
3664,0.8983333333333333,0.71,0.03,0.18,0.06,0.05
3665,0.8966666666666666,0.69,0.03,0.2,0.06,0.05
3666,0.9083333333333333,0.68,0.02,0.17,0.12,0.03
3667,0.9297634418574965,0.7,0.02,0.15,0.11,0.04
3668,0.9260110070594888,0.7,0.06,0.15,0.13,0.02
3669,0.9316666666666665,0.57,0.06,0.23,0.18,0.02
3670,0.9383333333333335,0.53,0.05,0.32,0.1,0.05
3671,0.9233333333333335,0.52,0.04,0.3,0.11,0.07
3672,0.9546575598300245,0.61,0.04,0.28,0.06,0.05
3673,0.9435317402410283,0.53,0.03,0.33,0.08,0.06
3674,0.9553968138153892,0.51,0.05,0.39,0.05,0.05
3675,0.9455952207230838,0.48,0.04,0.4,0.07,0.05
3676,0.9509920345384734,0.51,0.06,0.38,0.06,0.05
3677,0.9562466494714148,0.45,0.07,0.43,0.04,0.08
3678,0.9441269609641119,0.44,0.07,0.39,0.07,0.1
3679,0.7400000000000001,0.41,0.05,0.42,0.05,0.12
3680,0.805,0.52,0.1,0.26,0.03,0.19
3681,0.8349999999999999,0.66,0.15,0.13,0.04,0.17
3682,0.8814528122248462,0.73,0.2,0.1,0.09,0.08
3683,0.911452812224846,0.74,0.25,0.1,0.13,0.03
3684,0.9366666666666668,0.72,0.27,0.09,0.19,0.0
3685,0.9566666666666667,0.75,0.3,0.04,0.2,0.01
3686,0.9566666666666667,0.67,0.24,0.08,0.23,0.02
3687,0.95,0.67,0.29,0.06,0.25,0.02
3688,0.9233333333333335,0.56,0.21,0.09,0.32,0.03
3689,0.855,0.56,0.26,0.08,0.33,0.03
3690,0.8579061694552673,0.55,0.31,0.06,0.36,0.03
3691,0.876666666666667,0.61,0.3,0.09,0.25,0.05
3692,0.8900000000000002,0.58,0.34,0.12,0.22,0.08
3693,0.9366666666666665,0.68,0.45,0.14,0.13,0.05
3694,0.9433333333333335,0.66,0.45,0.18,0.08,0.08
3695,0.9633333333333334,0.71,0.44,0.19,0.06,0.04
3696,0.9466666666666668,0.65,0.44,0.21,0.07,0.07
3697,0.9433333333333332,0.65,0.46,0.21,0.1,0.04
3698,0.9633333333333333,0.52,0.35,0.35,0.07,0.06
3699,0.7258333333333333,0.44,0.27,0.34,0.09,0.13
3700,0.8266666666666667,0.49,0.34,0.3,0.15,0.06
3701,0.8800000000000001,0.54,0.37,0.2,0.24,0.02
3702,0.8966666666666668,0.49,0.27,0.17,0.32,0.02
3703,0.916666666666667,0.48,0.28,0.11,0.36,0.05
3704,0.9633333333333334,0.5,0.29,0.05,0.43,0.02
3705,0.9366666666666668,0.4,0.27,0.08,0.48,0.04
3706,0.9566666666666667,0.34,0.24,0.06,0.57,0.03
3707,0.9266666666666665,0.34,0.31,0.08,0.53,0.05
3708,0.934242783744943,0.36,0.32,0.06,0.54,0.04
3709,0.8266666666666671,0.37,0.31,0.04,0.54,0.05
3710,0.8366666666666669,0.36,0.33,0.07,0.47,0.1
3711,0.8349999999999997,0.34,0.31,0.07,0.47,0.12
3712,0.86,0.38,0.32,0.15,0.39,0.08
3713,0.8517761672391151,0.35,0.27,0.17,0.38,0.1
3714,0.873912491820576,0.45,0.31,0.15,0.3,0.1
3715,0.8748892470384827,0.37,0.25,0.21,0.32,0.1
3716,0.8959393158295896,0.38,0.34,0.3,0.24,0.08
3717,0.8971363245814614,0.38,0.36,0.32,0.2,0.1
3718,0.9033333333333335,0.36,0.31,0.37,0.17,0.1
3719,0.75,0.42,0.33,0.37,0.13,0.08
3720,0.8016666666666667,0.46,0.35,0.27,0.18,0.09
3721,0.8233333333333335,0.39,0.31,0.21,0.28,0.12
3722,0.8583333333333334,0.48,0.4,0.16,0.27,0.09
3723,0.905,0.54,0.43,0.1,0.28,0.08
3724,0.9216666666666667,0.56,0.39,0.1,0.29,0.05
3725,0.9450000000000002,0.55,0.36,0.07,0.35,0.03
3726,0.9369851256164701,0.56,0.36,0.06,0.33,0.05
3727,0.9466666666666668,0.49,0.25,0.07,0.41,0.03
3728,0.9333333333333332,0.5,0.29,0.04,0.43,0.03
3729,0.8150000000000002,0.51,0.29,0.07,0.38,0.04
3730,0.8466666666666667,0.47,0.3,0.11,0.39,0.03
3731,0.8550000000000003,0.46,0.27,0.16,0.33,0.05
3732,0.8966666666666668,0.49,0.26,0.22,0.2,0.09
3733,0.8866666666666668,0.46,0.29,0.22,0.26,0.06
3734,0.9016666666666672,0.38,0.22,0.33,0.22,0.07
3735,0.895,0.35,0.22,0.37,0.19,0.09
3736,0.8915897121493646,0.32,0.17,0.37,0.19,0.12
3737,0.9050000000000002,0.35,0.22,0.37,0.19,0.09
3738,0.9265897121493647,0.35,0.18,0.45,0.14,0.06
3739,0.7350000000000001,0.36,0.19,0.46,0.1,0.08
3740,0.7649999999999997,0.37,0.23,0.4,0.14,0.09
3741,0.8,0.46,0.32,0.3,0.15,0.09
3742,0.8566666666666667,0.51,0.36,0.23,0.18,0.08
3743,0.8899999999999997,0.46,0.32,0.2,0.25,0.09
3744,0.8783333333333333,0.44,0.33,0.21,0.26,0.09
3745,0.8999999999999997,0.4,0.31,0.15,0.34,0.11
3746,0.8916666666666666,0.38,0.32,0.12,0.39,0.11
3747,0.9199999999999997,0.45,0.37,0.09,0.4,0.06
3748,0.9666666666666667,0.47,0.41,0.04,0.47,0.02
3749,0.8383333333333337,0.45,0.38,0.06,0.46,0.03
3750,0.8566666666666665,0.45,0.32,0.09,0.42,0.04
3751,0.8638436998628678,0.42,0.29,0.17,0.38,0.03
3752,0.8999999999999999,0.41,0.32,0.28,0.26,0.05
3753,0.8933333333333334,0.4,0.31,0.3,0.25,0.05
3754,0.9049999999999998,0.35,0.28,0.37,0.2,0.08
3755,0.9099999999999998,0.34,0.3,0.39,0.2,0.07
3756,0.9100000000000001,0.33,0.3,0.4,0.18,0.09
3757,0.91,0.33,0.29,0.4,0.15,0.12
3758,0.9200000000000002,0.27,0.2,0.54,0.13,0.06
3759,0.7266666666666667,0.25,0.2,0.51,0.16,0.08
3760,0.8133333333333332,0.38,0.34,0.33,0.21,0.08
3761,0.8500000000000001,0.42,0.33,0.3,0.22,0.06
3762,0.879570026963513,0.46,0.37,0.25,0.24,0.05
3763,0.8866666666666666,0.48,0.41,0.21,0.28,0.03
3764,0.9091666666666669,0.47,0.38,0.18,0.3,0.05
3765,0.91,0.49,0.4,0.12,0.33,0.06
3766,0.9140731662720942,0.44,0.34,0.09,0.4,0.07
3767,0.9133333333333334,0.45,0.36,0.08,0.41,0.06
3768,0.9061097494081416,0.43,0.35,0.12,0.4,0.05
3769,0.8549999999999999,0.38,0.31,0.09,0.44,0.09
3770,0.8750000000000001,0.44,0.4,0.06,0.42,0.08
3771,0.8820747266412649,0.46,0.39,0.08,0.37,0.09
3772,0.8923090697589409,0.5,0.43,0.11,0.32,0.07
3773,0.8968665830160683,0.53,0.43,0.12,0.29,0.06
3774,0.931284806184548,0.51,0.43,0.21,0.26,0.02
3775,0.9083333333333335,0.5,0.4,0.18,0.29,0.03
3776,0.9216666666666665,0.51,0.42,0.19,0.23,0.07
3777,0.9383333333333331,0.56,0.47,0.22,0.18,0.04
3778,0.9366666666666668,0.42,0.33,0.36,0.18,0.04
3779,0.8116666666666665,0.4,0.29,0.37,0.18,0.05
3780,0.846666666666667,0.43,0.28,0.34,0.23,0.0
3781,0.8699999999999996,0.34,0.14,0.35,0.29,0.02
3782,0.9100000000000001,0.36,0.11,0.27,0.36,0.01
3783,0.9316666666666665,0.39,0.13,0.15,0.41,0.05
3784,0.8833333333333333,0.37,0.08,0.2,0.37,0.06
3785,0.9333333333333331,0.39,0.12,0.11,0.42,0.08
3786,0.9499999999999998,0.33,0.07,0.11,0.47,0.09
3787,0.9416666666666668,0.34,0.08,0.12,0.47,0.07
3788,0.9466666666666665,0.28,0.1,0.06,0.54,0.12
3789,0.7283333333333334,0.25,0.1,0.04,0.53,0.18
3790,0.7531631578964175,0.33,0.09,0.08,0.39,0.2
3791,0.8013635544378681,0.42,0.15,0.11,0.33,0.14
3792,0.8357943293206841,0.42,0.21,0.15,0.31,0.12
3793,0.8681483019084272,0.46,0.19,0.21,0.25,0.08
3794,0.9248453055431908,0.56,0.18,0.25,0.13,0.06
3795,0.9335058314211042,0.54,0.13,0.33,0.1,0.03
3796,0.9098136137455799,0.56,0.1,0.3,0.1,0.04
3797,0.9247987577575896,0.55,0.08,0.26,0.15,0.04
3798,0.888243635317707,0.52,0.04,0.28,0.16,0.04
3799,0.8683333333333334,0.62,0.04,0.22,0.09,0.07
3800,0.8733333333333332,0.64,0.04,0.18,0.08,0.1
3801,0.9049999999999998,0.67,0.07,0.13,0.1,0.1
3802,0.9233333333333331,0.67,0.08,0.12,0.12,0.09
3803,0.9266666666666665,0.67,0.04,0.09,0.14,0.1
3804,0.9333333333333332,0.63,0.06,0.11,0.17,0.09
3805,0.9299999999999998,0.57,0.03,0.12,0.25,0.06
3806,0.9266666666666667,0.53,0.02,0.13,0.27,0.07
3807,0.9166666666666664,0.49,0.03,0.18,0.27,0.06
3808,0.95,0.54,0.05,0.08,0.31,0.07
3809,0.8583333333333338,0.54,0.05,0.1,0.29,0.07
3810,0.8550000000000001,0.61,0.02,0.11,0.18,0.1
3811,0.8883333333333334,0.62,0.04,0.13,0.15,0.1
3812,0.8849999999999999,0.66,0.04,0.08,0.16,0.1
3813,0.8816666666666666,0.58,0.05,0.12,0.18,0.12
3814,0.9183333333333336,0.62,0.01,0.17,0.13,0.08
3815,0.9435546984957947,0.59,0.0,0.25,0.06,0.1
3816,0.9485546984957945,0.57,0.0,0.27,0.06,0.1
3817,0.9304427303249229,0.57,0.0,0.32,0.04,0.07
3818,0.9387760636582558,0.45,0.0,0.38,0.05,0.12
3819,0.7066666666666667,0.56,0.0,0.29,0.02,0.13
3820,0.7899999999999998,0.6,0.01,0.27,0.03,0.1
3821,0.8366666666666666,0.54,0.01,0.23,0.06,0.17
3822,0.8333333333333333,0.5,0.03,0.22,0.07,0.21
3823,0.8266666666666665,0.49,0.03,0.16,0.06,0.29
3824,0.8649999999999999,0.57,0.06,0.13,0.05,0.25
3825,0.8952306644923402,0.5,0.07,0.19,0.03,0.28
3826,0.868333333333333,0.53,0.06,0.27,0.0,0.2
3827,0.8872083422112165,0.61,0.06,0.2,0.0,0.19
3828,0.8906220221044185,0.65,0.05,0.13,0.01,0.21
3829,0.8949999999999999,0.59,0.03,0.18,0.03,0.2
3830,0.8829871344968347,0.44,0.05,0.23,0.05,0.28
3831,0.9026409356603358,0.47,0.07,0.21,0.06,0.26
3832,0.9043076023270025,0.46,0.05,0.23,0.02,0.29
3833,0.9232690058175066,0.49,0.1,0.28,0.01,0.22
3834,0.9219485379873388,0.47,0.06,0.31,0.01,0.21
3835,0.9486152046540053,0.47,0.06,0.41,0.01,0.11
3836,0.975281871320672,0.54,0.11,0.37,0.01,0.08
3837,0.9746538011635012,0.63,0.13,0.29,0.01,0.07
3838,0.9629871344968347,0.67,0.13,0.22,0.05,0.06
3839,0.7883333333333334,0.72,0.17,0.18,0.0,0.1
3840,0.84,0.79,0.21,0.08,0.04,0.09
3841,0.8466666666666667,0.76,0.21,0.09,0.07,0.08
3842,0.9066666666666667,0.71,0.27,0.07,0.14,0.08
3843,0.8800000000000003,0.72,0.29,0.1,0.12,0.06
3844,0.87,0.7,0.24,0.09,0.14,0.07
3845,0.8833333333333332,0.65,0.18,0.1,0.18,0.07
3846,0.9150000000000001,0.66,0.22,0.08,0.2,0.06
3847,0.9066666666666667,0.63,0.17,0.08,0.21,0.08
3848,0.8816666666666668,0.67,0.17,0.08,0.21,0.04
3849,0.895,0.67,0.2,0.05,0.23,0.05
3850,0.905,0.63,0.2,0.15,0.18,0.04
3851,0.905,0.64,0.18,0.17,0.13,0.06
3852,0.9299999999999997,0.63,0.22,0.18,0.11,0.08
3853,0.9267801692350143,0.66,0.25,0.19,0.11,0.04
3854,0.9183333333333334,0.63,0.2,0.2,0.13,0.04
3855,0.9133333333333334,0.62,0.19,0.23,0.12,0.03
3856,0.9215302050422554,0.55,0.19,0.28,0.11,0.06
3857,0.9115302050422558,0.54,0.15,0.32,0.09,0.05
3858,0.914795307563383,0.51,0.09,0.34,0.07,0.08
3859,0.7866666666666666,0.52,0.1,0.32,0.08,0.08
3860,0.8116666666666668,0.61,0.11,0.22,0.1,0.07
3861,0.87,0.58,0.17,0.16,0.19,0.07
3862,0.8933333333333335,0.53,0.19,0.16,0.23,0.08
3863,0.8700115384137014,0.45,0.15,0.24,0.26,0.05
3864,0.8650230768274032,0.45,0.17,0.19,0.27,0.09
3865,0.9133333333333334,0.52,0.17,0.12,0.3,0.06
3866,0.9066666666666667,0.45,0.15,0.09,0.39,0.07
3867,0.9466666666666665,0.5,0.2,0.08,0.39,0.03
3868,0.935,0.46,0.25,0.07,0.43,0.04
3869,0.7983333333333329,0.43,0.16,0.09,0.45,0.03
3870,0.8433333333333333,0.52,0.14,0.07,0.35,0.06
3871,0.8833333333333334,0.56,0.14,0.15,0.25,0.04
3872,0.8866666666666668,0.58,0.15,0.15,0.21,0.06
3873,0.9066666666666667,0.53,0.16,0.24,0.2,0.03
3874,0.9250000000000002,0.54,0.21,0.28,0.11,0.07
3875,0.9233333333333337,0.46,0.15,0.36,0.11,0.07
3876,0.9366666666666665,0.43,0.13,0.37,0.11,0.09
3877,0.9349999999999997,0.43,0.11,0.4,0.07,0.1
3878,0.9216666666666667,0.45,0.12,0.37,0.07,0.11
3879,0.775,0.51,0.12,0.32,0.04,0.13
3880,0.8130253735067251,0.57,0.14,0.28,0.08,0.07
3881,0.8533333333333334,0.66,0.18,0.22,0.08,0.04
3882,0.8983333333333333,0.72,0.26,0.11,0.09,0.08
3883,0.9063587068400585,0.72,0.25,0.07,0.1,0.11
3884,0.9004302456207762,0.71,0.23,0.11,0.1,0.08
3885,0.9310461652739928,0.72,0.3,0.09,0.15,0.04
3886,0.9296920401733915,0.72,0.31,0.08,0.16,0.04
3887,0.9309179896636637,0.62,0.29,0.11,0.21,0.06
3888,0.9236335170292989,0.52,0.25,0.12,0.33,0.03
3889,0.8200000000000002,0.4,0.16,0.11,0.44,0.05
3890,0.851666666666667,0.43,0.21,0.14,0.38,0.05
3891,0.8833333333333334,0.43,0.17,0.24,0.3,0.03
3892,0.8816666666666668,0.46,0.15,0.22,0.28,0.04
3893,0.8916666666666668,0.46,0.13,0.25,0.19,0.1
3894,0.911487436345807,0.45,0.07,0.32,0.16,0.07
3895,0.9231541030124736,0.45,0.06,0.36,0.15,0.04
3896,0.9366666666666665,0.46,0.03,0.37,0.11,0.06
3897,0.9583333333333336,0.56,0.03,0.34,0.03,0.07
3898,0.961487436345807,0.47,0.03,0.45,0.04,0.04
3899,0.6850000000000002,0.47,0.03,0.48,0.02,0.03
3900,0.8149999999999998,0.6,0.04,0.33,0.02,0.05
3901,0.885,0.68,0.03,0.23,0.05,0.04
3902,0.8750000000000003,0.7,0.08,0.19,0.06,0.05
3903,0.9066666666666667,0.68,0.07,0.16,0.09,0.07
3904,0.9216666666666667,0.7,0.07,0.11,0.14,0.05
3905,0.915,0.68,0.07,0.13,0.13,0.06
3906,0.8966666666666667,0.59,0.06,0.17,0.19,0.05
3907,0.8566666666666669,0.57,0.03,0.19,0.18,0.06
3908,0.8783333333333334,0.53,0.02,0.14,0.22,0.11
3909,0.8216666666666669,0.59,0.03,0.13,0.21,0.07
3910,0.8650000000000001,0.51,0.02,0.25,0.16,0.08
3911,0.9183333333333336,0.49,0.04,0.35,0.07,0.09
3912,0.920822183189177,0.53,0.04,0.34,0.08,0.05
3913,0.9362444249279217,0.49,0.06,0.38,0.07,0.06
3914,0.9233333333333335,0.44,0.05,0.42,0.09,0.05
3915,0.9149999999999998,0.45,0.07,0.36,0.11,0.08
3916,0.9266666666666665,0.44,0.07,0.33,0.06,0.17
3917,0.8966666666666666,0.48,0.08,0.26,0.08,0.18
3918,0.9233333333333333,0.48,0.08,0.32,0.06,0.14
3919,0.7349999999999999,0.5,0.08,0.28,0.08,0.14
3920,0.7816666666666667,0.47,0.05,0.26,0.1,0.17
3921,0.8533333333333333,0.53,0.1,0.18,0.16,0.13
3922,0.8866666666666666,0.51,0.15,0.14,0.25,0.1
3923,0.87,0.51,0.19,0.1,0.26,0.13
3924,0.8816666666666667,0.53,0.17,0.11,0.24,0.12
3925,0.9133333333333333,0.6,0.19,0.11,0.18,0.11
3926,0.8766666666666668,0.63,0.27,0.16,0.14,0.07
3927,0.885,0.56,0.23,0.14,0.2,0.1
3928,0.876666666666667,0.57,0.25,0.16,0.17,0.1
3929,0.9116666666666667,0.58,0.22,0.13,0.2,0.09
3930,0.9116666666666667,0.62,0.22,0.14,0.15,0.09
3931,0.92,0.57,0.23,0.21,0.1,0.12
3932,0.9316666666666663,0.6,0.25,0.21,0.07,0.12
3933,0.9253994919075249,0.56,0.28,0.2,0.06,0.18
3934,0.8933333333333334,0.53,0.27,0.22,0.09,0.16
3935,0.8916666666666667,0.46,0.23,0.27,0.13,0.14
3936,0.91,0.43,0.2,0.28,0.1,0.19
3937,0.9266666666666665,0.46,0.19,0.3,0.08,0.16
3938,0.9150000000000001,0.48,0.22,0.28,0.08,0.16
3939,0.7966666666666665,0.47,0.15,0.36,0.06,0.11
3940,0.8383333333333332,0.53,0.12,0.29,0.12,0.06
3941,0.8437461802178373,0.5,0.12,0.28,0.14,0.08
3942,0.8583333333333333,0.5,0.1,0.3,0.14,0.06
3943,0.8500000000000003,0.46,0.1,0.3,0.15,0.09
3944,0.855,0.43,0.08,0.27,0.23,0.07
3945,0.8900000000000002,0.47,0.14,0.24,0.22,0.07
3946,0.886666666666667,0.54,0.14,0.24,0.18,0.04
3947,0.8966666666666667,0.6,0.12,0.17,0.18,0.05
3948,0.9166666666666667,0.62,0.09,0.13,0.19,0.06
3949,0.8366666666666669,0.63,0.06,0.09,0.22,0.06
3950,0.8583333333333334,0.62,0.11,0.12,0.2,0.06
3951,0.8766666666666667,0.53,0.14,0.2,0.22,0.05
3952,0.8833333333333335,0.46,0.16,0.3,0.15,0.09
3953,0.9233333333333335,0.41,0.17,0.41,0.07,0.11
3954,0.9266666666666664,0.47,0.21,0.38,0.1,0.05
3955,0.9083333333333334,0.46,0.16,0.36,0.1,0.08
3956,0.9016666666666668,0.41,0.13,0.43,0.13,0.03
3957,0.9416666666666664,0.4,0.13,0.49,0.07,0.04
3958,0.9333333333333335,0.33,0.11,0.56,0.05,0.06
3959,0.7316666666666662,0.28,0.1,0.58,0.03,0.11
3960,0.7850000000000003,0.34,0.15,0.5,0.04,0.12
3961,0.7966666666666667,0.34,0.16,0.47,0.06,0.13
3962,0.8166666666666665,0.34,0.13,0.42,0.12,0.12
3963,0.8083333333333335,0.35,0.13,0.35,0.13,0.17
3964,0.8233333333333333,0.35,0.14,0.32,0.16,0.17
3965,0.8433333333333334,0.39,0.14,0.23,0.2,0.18
3966,0.8299999999999998,0.39,0.13,0.23,0.16,0.22
3967,0.8516666666666666,0.41,0.18,0.25,0.2,0.14
3968,0.8666666666666666,0.47,0.16,0.24,0.21,0.08
3969,0.8116666666666669,0.4,0.15,0.25,0.25,0.1
3970,0.8250000000000002,0.32,0.12,0.3,0.25,0.13
3971,0.8450000000000002,0.41,0.21,0.2,0.22,0.17
3972,0.8716666666666667,0.49,0.24,0.19,0.2,0.12
3973,0.8983333333333335,0.57,0.22,0.15,0.19,0.09
3974,0.9166666666666664,0.65,0.24,0.16,0.11,0.08
3975,0.9099999999999998,0.63,0.23,0.19,0.09,0.09
3976,0.9250000000000002,0.65,0.21,0.22,0.05,0.08
3977,0.9516666666666667,0.54,0.2,0.32,0.08,0.06
3978,0.9499999999999997,0.38,0.12,0.46,0.08,0.08
3979,0.6916666666666665,0.39,0.12,0.51,0.05,0.05
3980,0.7394427862537525,0.49,0.15,0.4,0.07,0.04
3981,0.7803705946736947,0.52,0.15,0.34,0.12,0.02
3982,0.8121305708766379,0.57,0.22,0.26,0.16,0.01
3983,0.8518556168398844,0.41,0.17,0.23,0.28,0.08
3984,0.860439577962256,0.31,0.11,0.24,0.34,0.11
3985,0.862476839302617,0.31,0.12,0.24,0.39,0.06
3986,0.9221062446289227,0.38,0.17,0.12,0.44,0.06
3987,0.8964412271218758,0.41,0.13,0.16,0.39,0.04
3988,0.8756453562057389,0.42,0.12,0.1,0.46,0.02
3989,0.7833333333333335,0.32,0.05,0.08,0.55,0.05
3990,0.8250000000000003,0.39,0.04,0.12,0.47,0.02
3991,0.8533333333333333,0.43,0.05,0.15,0.38,0.04
3992,0.8666666666666666,0.51,0.07,0.12,0.3,0.07
3993,0.8733333333333333,0.54,0.09,0.11,0.28,0.07
3994,0.8827418455322862,0.52,0.13,0.16,0.25,0.07
3995,0.8931268552395838,0.54,0.14,0.15,0.23,0.08
3996,0.8770516763739642,0.46,0.09,0.22,0.23,0.09
3997,0.9099999999999998,0.5,0.11,0.22,0.19,0.09
3998,0.8894085121989529,0.44,0.1,0.27,0.17,0.12
3999,0.7666666666666664,0.38,0.1,0.32,0.1,0.2
4000,0.7866666666666668,0.37,0.06,0.28,0.11,0.24
4001,0.7550000000000001,0.34,0.04,0.34,0.07,0.25
4002,0.8049999999999997,0.38,0.07,0.22,0.08,0.32
4003,0.7983333333333331,0.36,0.04,0.18,0.08,0.38
4004,0.7900000000000001,0.32,0.02,0.17,0.11,0.4
4005,0.8466666666666671,0.36,0.04,0.13,0.19,0.32
4006,0.8133333333333335,0.4,0.02,0.1,0.21,0.29
4007,0.7966666666666667,0.45,0.04,0.09,0.2,0.26
4008,0.8200000000000003,0.45,0.07,0.05,0.28,0.22
4009,0.8566666666666666,0.49,0.06,0.05,0.28,0.18
4010,0.8558474531925523,0.55,0.06,0.08,0.2,0.17
4011,0.861666666666667,0.57,0.08,0.12,0.18,0.13
4012,0.8925141198592192,0.56,0.09,0.16,0.16,0.12
4013,0.9158474531925523,0.59,0.1,0.22,0.11,0.08
4014,0.9050000000000001,0.64,0.09,0.22,0.09,0.05
4015,0.9133333333333333,0.55,0.15,0.28,0.14,0.03
4016,0.913333333333333,0.52,0.15,0.29,0.15,0.04
4017,0.9366666666666665,0.51,0.21,0.33,0.11,0.05
4018,0.945,0.52,0.21,0.37,0.06,0.05
4019,0.7783333333333333,0.58,0.25,0.31,0.05,0.06
4020,0.8033333333333332,0.51,0.25,0.29,0.14,0.06
4021,0.8283333333333336,0.56,0.23,0.27,0.13,0.04
4022,0.8666666666666667,0.57,0.23,0.18,0.17,0.08
4023,0.8516666666666666,0.55,0.26,0.24,0.15,0.06
4024,0.8458333333333331,0.6,0.25,0.19,0.14,0.07
4025,0.8506505042502758,0.58,0.24,0.16,0.17,0.09
4026,0.8439838375836092,0.54,0.24,0.17,0.12,0.17
4027,0.8886181794174949,0.55,0.26,0.15,0.14,0.16
4028,0.8863010085005522,0.54,0.23,0.12,0.17,0.17
4029,0.8583333333333334,0.49,0.24,0.15,0.18,0.18
4030,0.8983333333333334,0.53,0.23,0.18,0.18,0.11
4031,0.89,0.49,0.19,0.18,0.19,0.14
4032,0.8950000000000002,0.51,0.17,0.16,0.18,0.15
4033,0.9116666666666666,0.51,0.14,0.26,0.12,0.11
4034,0.9233333333333336,0.55,0.1,0.27,0.09,0.09
4035,0.9316666666666669,0.58,0.04,0.32,0.04,0.06
4036,0.9216666666666667,0.56,0.03,0.34,0.04,0.06
4037,0.9333333333333332,0.53,0.04,0.38,0.04,0.05
4038,0.9233333333333331,0.51,0.07,0.42,0.03,0.04
4039,0.7933333333333334,0.55,0.08,0.37,0.02,0.06
4040,0.77885949460196,0.56,0.1,0.34,0.02,0.08
4041,0.8132635368850355,0.55,0.13,0.29,0.06,0.1
4042,0.8688154031715666,0.63,0.16,0.19,0.1,0.08
4043,0.8839506650143832,0.69,0.21,0.13,0.11,0.07
4044,0.8410964139676467,0.62,0.21,0.18,0.1,0.1
4045,0.8760964139676467,0.69,0.33,0.11,0.12,0.08
4046,0.8817137456486966,0.65,0.33,0.1,0.1,0.15
4047,0.908380412315363,0.62,0.28,0.09,0.17,0.12
4048,0.8917137456486963,0.63,0.34,0.09,0.13,0.15
4049,0.8816666666666667,0.53,0.29,0.09,0.23,0.15
4050,0.9233333333333333,0.63,0.36,0.08,0.18,0.11
4051,0.925,0.62,0.3,0.13,0.14,0.11
4052,0.9433333333333331,0.58,0.27,0.19,0.14,0.09
4053,0.9046980885890954,0.52,0.24,0.2,0.19,0.09
4054,0.8908159615045089,0.43,0.21,0.23,0.23,0.11
4055,0.8811976073207671,0.38,0.21,0.23,0.22,0.17
4056,0.9206773584664549,0.44,0.28,0.27,0.16,0.13
4057,0.8958362469174169,0.43,0.23,0.22,0.23,0.12
4058,0.9049652563423514,0.43,0.23,0.25,0.23,0.09
4059,0.8000000000000002,0.53,0.29,0.21,0.21,0.05
4060,0.8316666666666661,0.56,0.37,0.22,0.2,0.02
4061,0.855,0.61,0.4,0.2,0.17,0.02
4062,0.8516666666666662,0.56,0.4,0.23,0.19,0.02
4063,0.8666666666666666,0.61,0.4,0.15,0.2,0.04
4064,0.9116666666666666,0.6,0.44,0.12,0.24,0.04
4065,0.9299999999999998,0.52,0.4,0.09,0.33,0.06
4066,0.9383333333333331,0.58,0.45,0.09,0.31,0.02
4067,0.9216666666666667,0.53,0.45,0.12,0.32,0.03
4068,0.9333333333333335,0.55,0.47,0.12,0.28,0.05
4069,0.8216666666666668,0.55,0.44,0.02,0.4,0.03
4070,0.8376264552605095,0.61,0.46,0.01,0.32,0.06
4071,0.8416666666666672,0.59,0.4,0.02,0.31,0.08
4072,0.8630882151375572,0.58,0.39,0.1,0.23,0.09
4073,0.8985862438543519,0.63,0.51,0.16,0.13,0.08
4074,0.9114215484708902,0.6,0.44,0.22,0.12,0.06
4075,0.9166666666666673,0.53,0.38,0.25,0.16,0.06
4076,0.9133333333333336,0.49,0.32,0.27,0.17,0.07
4077,0.9449999999999998,0.53,0.35,0.29,0.1,0.08
4078,0.938088215137557,0.54,0.38,0.28,0.08,0.1
4079,0.788333333333333,0.52,0.33,0.3,0.08,0.1
4080,0.8583333333333332,0.62,0.43,0.22,0.09,0.07
4081,0.8333333333333333,0.54,0.33,0.25,0.09,0.12
4082,0.8366666666666667,0.52,0.29,0.17,0.12,0.19
4083,0.8416666666666666,0.52,0.24,0.17,0.18,0.13
4084,0.8616666666666665,0.58,0.29,0.12,0.12,0.18
4085,0.913333333333333,0.54,0.29,0.11,0.18,0.17
4086,0.888333333333333,0.56,0.3,0.1,0.2,0.14
4087,0.9066666666666667,0.57,0.27,0.09,0.27,0.07
4088,0.8783333333333335,0.54,0.2,0.08,0.26,0.12
4089,0.8216666666666669,0.51,0.19,0.12,0.28,0.09
4090,0.8749999999999997,0.51,0.18,0.19,0.27,0.03
4091,0.8983333333333334,0.52,0.19,0.22,0.23,0.03
4092,0.8933333333333331,0.48,0.12,0.27,0.19,0.06
4093,0.9083333333333333,0.56,0.13,0.25,0.18,0.01
4094,0.9233333333333335,0.58,0.13,0.29,0.11,0.02
4095,0.9333333333333335,0.59,0.13,0.26,0.13,0.02
4096,0.9366666666666665,0.59,0.14,0.28,0.11,0.02
4097,0.9583333333333335,0.46,0.12,0.44,0.08,0.02
4098,0.9666666666666667,0.46,0.15,0.46,0.04,0.04
4099,0.7033333333333336,0.41,0.13,0.48,0.08,0.03
4100,0.7300000000000003,0.4,0.13,0.5,0.08,0.02
4101,0.7717372278317659,0.51,0.12,0.39,0.08,0.02
4102,0.8251411223301985,0.49,0.14,0.32,0.14,0.05
4103,0.8652116834952978,0.53,0.15,0.21,0.19,0.07
4104,0.8416353992306178,0.49,0.2,0.2,0.18,0.13
4105,0.880211683495298,0.48,0.28,0.21,0.18,0.13
4106,0.8983726270623835,0.54,0.32,0.18,0.13,0.15
4107,0.9018077889968653,0.58,0.34,0.16,0.17,0.09
4108,0.9267372278317658,0.49,0.32,0.18,0.23,0.1
4109,0.8533333333333333,0.4,0.28,0.12,0.34,0.14
4110,0.8433333333333334,0.35,0.22,0.12,0.33,0.2
4111,0.8293656189096918,0.33,0.19,0.14,0.41,0.12
4112,0.8633333333333332,0.39,0.24,0.2,0.23,0.18
4113,0.8649999999999999,0.43,0.2,0.2,0.2,0.17
4114,0.881666666666667,0.38,0.19,0.25,0.18,0.19
4115,0.8999999999999997,0.44,0.21,0.26,0.14,0.16
4116,0.9,0.46,0.24,0.2,0.14,0.2
4117,0.9016666666666664,0.49,0.23,0.16,0.14,0.21
4118,0.8883333333333332,0.52,0.2,0.16,0.14,0.18
4119,0.8450000000000003,0.43,0.17,0.22,0.15,0.2
4120,0.87,0.42,0.16,0.2,0.22,0.16
4121,0.9083333333333331,0.45,0.18,0.12,0.25,0.18
4122,0.9416666666666664,0.52,0.23,0.06,0.26,0.16
4123,0.9316666666666665,0.51,0.21,0.08,0.27,0.14
4124,0.965,0.55,0.16,0.04,0.31,0.1
4125,0.9466666666666669,0.43,0.08,0.07,0.41,0.09
4126,0.9283333333333332,0.48,0.08,0.1,0.33,0.09
4127,0.9399999999999998,0.45,0.1,0.14,0.36,0.05
4128,0.931666666666667,0.45,0.09,0.17,0.32,0.06
4129,0.7199999999999998,0.42,0.06,0.16,0.37,0.05
4130,0.7291575355341464,0.43,0.06,0.11,0.38,0.08
4131,0.7616666666666663,0.52,0.09,0.13,0.31,0.04
4132,0.7749391814023775,0.43,0.09,0.18,0.35,0.04
4133,0.8101335915842641,0.56,0.13,0.22,0.19,0.03
4134,0.8218002582509307,0.47,0.15,0.31,0.19,0.03
4135,0.8524300502698573,0.45,0.13,0.35,0.19,0.01
4136,0.8765875858040033,0.42,0.15,0.37,0.17,0.04
4137,0.8974300502698567,0.33,0.16,0.44,0.16,0.07
4138,0.8824300502698574,0.26,0.09,0.51,0.16,0.07
4139,0.7816666666666666,0.31,0.08,0.54,0.12,0.03
4140,0.8149999999999998,0.3,0.06,0.49,0.16,0.05
4141,0.8116666666666669,0.31,0.05,0.43,0.16,0.1
4142,0.8466666666666667,0.34,0.06,0.42,0.15,0.09
4143,0.8666666666666666,0.33,0.04,0.39,0.17,0.11
4144,0.8616666666666666,0.3,0.04,0.32,0.29,0.09
4145,0.9049999999999996,0.33,0.06,0.26,0.32,0.09
4146,0.87,0.3,0.08,0.26,0.3,0.14
4147,0.9043059529562882,0.32,0.07,0.26,0.32,0.1
4148,0.9042589047967364,0.34,0.05,0.26,0.32,0.08
4149,0.81,0.27,0.06,0.24,0.43,0.06
4150,0.808333333333333,0.29,0.08,0.24,0.39,0.08
4151,0.8033333333333337,0.28,0.08,0.23,0.34,0.15
4152,0.8266666666666667,0.28,0.12,0.24,0.3,0.18
4153,0.8099999999999998,0.21,0.08,0.32,0.36,0.11
4154,0.8216666666666668,0.15,0.06,0.31,0.4,0.14
4155,0.8305056025872126,0.18,0.08,0.36,0.3,0.16
4156,0.8493445385077588,0.15,0.05,0.41,0.27,0.17
4157,0.8625280129360641,0.15,0.04,0.4,0.29,0.16
4158,0.87853921811049,0.23,0.05,0.41,0.28,0.08
4159,0.715,0.2,0.04,0.45,0.26,0.09
4160,0.7550000000000004,0.24,0.05,0.38,0.3,0.08
4161,0.7783333333333333,0.18,0.05,0.32,0.35,0.15
4162,0.7958404146765844,0.14,0.03,0.3,0.33,0.23
4163,0.8136878499193757,0.12,0.02,0.24,0.38,0.26
4164,0.8238480806769366,0.23,0.05,0.2,0.36,0.21
4165,0.8505669072458625,0.21,0.05,0.15,0.42,0.22
4166,0.8722335739125291,0.26,0.08,0.19,0.38,0.17
4167,0.8779607119159523,0.28,0.1,0.19,0.38,0.15
4168,0.8811338144917252,0.29,0.12,0.22,0.35,0.14
4169,0.8200000000000002,0.24,0.1,0.27,0.38,0.11
4170,0.8483333333333333,0.26,0.16,0.32,0.32,0.1
4171,0.8316666666666666,0.2,0.16,0.32,0.37,0.11
4172,0.8749999999999999,0.27,0.24,0.38,0.26,0.09
4173,0.8783333333333335,0.31,0.27,0.42,0.22,0.05
4174,0.8649999999999999,0.31,0.26,0.37,0.27,0.05
4175,0.8506916326557343,0.39,0.28,0.25,0.26,0.1
4176,0.8516666666666667,0.36,0.25,0.27,0.21,0.16
4177,0.8516666666666666,0.43,0.3,0.28,0.16,0.13
4178,0.8483333333333332,0.47,0.31,0.27,0.13,0.13
4179,0.8233333333333333,0.51,0.35,0.31,0.06,0.12
4180,0.8566666666666667,0.54,0.42,0.3,0.11,0.05
4181,0.8616666666666665,0.54,0.44,0.29,0.12,0.05
4182,0.8966666666666667,0.64,0.53,0.17,0.13,0.06
4183,0.8766666666666667,0.6,0.52,0.17,0.15,0.08
4184,0.9150000000000001,0.55,0.51,0.16,0.22,0.07
4185,0.9233333333333336,0.63,0.53,0.13,0.18,0.06
4186,0.9216666666666665,0.58,0.49,0.15,0.23,0.04
4187,0.9383333333333331,0.55,0.48,0.15,0.28,0.02
4188,0.9266666666666667,0.52,0.43,0.15,0.27,0.06
4189,0.8783333333333333,0.58,0.46,0.11,0.26,0.05
4190,0.8685609783508764,0.54,0.42,0.14,0.27,0.05
4191,0.889280489175438,0.57,0.43,0.16,0.21,0.06
4192,0.9092804891754379,0.67,0.54,0.13,0.16,0.04
4193,0.9416666666666668,0.71,0.62,0.16,0.11,0.02
4194,0.9326138225087718,0.67,0.56,0.2,0.09,0.04
4195,0.955,0.66,0.54,0.24,0.06,0.04
4196,0.9383333333333335,0.53,0.43,0.38,0.07,0.02
4197,0.9533333333333335,0.47,0.44,0.49,0.03,0.01
4198,0.9716666666666667,0.42,0.39,0.56,0.01,0.01
4199,0.7266666666666669,0.39,0.37,0.57,0.01,0.03
4200,0.8050000000000002,0.52,0.51,0.39,0.04,0.05
4201,0.8709558531369717,0.64,0.61,0.26,0.05,0.05
4202,0.8840900427055094,0.61,0.6,0.15,0.11,0.13
4203,0.8644683973915974,0.59,0.57,0.14,0.09,0.18
4204,0.8611350640582641,0.57,0.53,0.13,0.1,0.2
4205,0.9024233760388424,0.54,0.49,0.11,0.17,0.18
4206,0.9257567093721759,0.53,0.48,0.11,0.22,0.14
4207,0.9433333333333335,0.46,0.4,0.12,0.33,0.09
4208,0.925,0.43,0.33,0.13,0.39,0.05
4209,0.8366666666666667,0.44,0.31,0.1,0.41,0.05
4210,0.8616666666666667,0.42,0.3,0.18,0.33,0.07
4211,0.8749534966878508,0.44,0.36,0.2,0.27,0.09
4212,0.9032868300211838,0.47,0.39,0.23,0.23,0.07
4213,0.9134626725969892,0.48,0.37,0.26,0.2,0.06
4214,0.9184161692848398,0.48,0.35,0.28,0.22,0.02
4215,0.9349534966878508,0.49,0.32,0.27,0.22,0.02
4216,0.9383333333333335,0.5,0.3,0.3,0.14,0.06
4217,0.9516666666666665,0.52,0.34,0.32,0.11,0.05
4218,0.9533333333333331,0.57,0.36,0.31,0.08,0.04
4219,0.8300000000000003,0.64,0.5,0.3,0.01,0.05
4220,0.8383333333333333,0.66,0.53,0.23,0.05,0.06
4221,0.8900000000000001,0.68,0.55,0.16,0.07,0.09
4222,0.8816666666666667,0.66,0.53,0.17,0.12,0.05
4223,0.9416666666666665,0.76,0.6,0.11,0.11,0.02
4224,0.9033333333333334,0.68,0.58,0.14,0.16,0.02
4225,0.9183333333333334,0.73,0.61,0.14,0.13,0.0
4226,0.905,0.66,0.55,0.16,0.18,0.0
4227,0.9207560496703437,0.64,0.54,0.12,0.23,0.01
4228,0.9066666666666666,0.57,0.49,0.15,0.24,0.04
4229,0.9100000000000001,0.59,0.53,0.15,0.22,0.04
4230,0.8983333333333333,0.63,0.55,0.09,0.23,0.05
4231,0.9283333333333331,0.7,0.6,0.08,0.19,0.03
4232,0.9133333333333334,0.68,0.56,0.1,0.18,0.04
4233,0.9583333333333335,0.81,0.62,0.07,0.05,0.07
4234,0.9433333333333335,0.73,0.51,0.14,0.08,0.05
4235,0.9483333333333335,0.71,0.46,0.18,0.06,0.05
4236,0.9400000000000002,0.67,0.44,0.22,0.08,0.03
4237,0.9616666666666666,0.79,0.53,0.12,0.08,0.01
4238,0.965,0.79,0.52,0.12,0.08,0.01
4239,0.8383333333333333,0.74,0.46,0.18,0.07,0.01
4240,0.8933333333333331,0.72,0.52,0.14,0.13,0.01
4241,0.91,0.65,0.49,0.14,0.19,0.02
4242,0.9199999999999998,0.64,0.5,0.12,0.22,0.02
4243,0.93,0.57,0.49,0.18,0.24,0.01
4244,0.9399999999999998,0.59,0.48,0.16,0.22,0.03
4245,0.92,0.57,0.45,0.18,0.2,0.05
4246,0.9416666666666668,0.58,0.45,0.14,0.24,0.04
4247,0.9265362097161791,0.58,0.44,0.16,0.2,0.06
4248,0.9199999999999997,0.61,0.46,0.17,0.17,0.05
4249,0.8416666666666671,0.57,0.43,0.14,0.22,0.07
4250,0.8750000000000001,0.54,0.39,0.22,0.19,0.05
4251,0.9016666666666667,0.64,0.52,0.2,0.12,0.04
4252,0.9033333333333334,0.59,0.45,0.21,0.14,0.06
4253,0.9216666666666665,0.67,0.52,0.24,0.06,0.03
4254,0.9183333333333334,0.64,0.49,0.22,0.11,0.03
4255,0.9350000000000002,0.67,0.47,0.19,0.13,0.01
4256,0.9533333333333335,0.65,0.49,0.24,0.09,0.02
4257,0.9466666666666668,0.59,0.44,0.31,0.09,0.01
4258,0.9391964377513561,0.63,0.47,0.26,0.1,0.01
4259,0.8049999999999998,0.58,0.43,0.31,0.1,0.01
4260,0.8523182392125023,0.61,0.49,0.28,0.1,0.01
4261,0.8599999999999998,0.6,0.46,0.26,0.13,0.01
4262,0.91,0.66,0.55,0.14,0.18,0.02
4263,0.9389849058791688,0.63,0.55,0.11,0.22,0.04
4264,0.9523182392125021,0.6,0.5,0.08,0.28,0.04
4265,0.9670849892083951,0.63,0.5,0.07,0.27,0.03
4266,0.9673182392125022,0.54,0.46,0.1,0.35,0.01
4267,0.9477365617542306,0.47,0.4,0.08,0.41,0.04
4268,0.9377365617542307,0.46,0.38,0.08,0.42,0.04
4269,0.8199999999999998,0.44,0.34,0.06,0.45,0.05
4270,0.8816666666666666,0.48,0.4,0.11,0.31,0.1
4271,0.8783333333333335,0.5,0.36,0.13,0.25,0.12
4272,0.8800000000000003,0.54,0.33,0.14,0.23,0.09
4273,0.9116666666666668,0.65,0.33,0.12,0.16,0.07
4274,0.9033333333333333,0.62,0.3,0.12,0.19,0.07
4275,0.9105916818282977,0.58,0.31,0.15,0.18,0.09
4276,0.9105916818282981,0.57,0.32,0.14,0.18,0.11
4277,0.9166666666666667,0.64,0.28,0.11,0.11,0.14
4278,0.905591681828298,0.58,0.27,0.18,0.16,0.08
4279,0.8499999999999999,0.64,0.28,0.12,0.16,0.08
4280,0.9233333333333333,0.63,0.29,0.1,0.22,0.05
4281,0.91,0.7,0.31,0.08,0.17,0.05
4282,0.9350000000000002,0.72,0.38,0.08,0.16,0.04
4283,0.892077209255767,0.68,0.35,0.07,0.2,0.05
4284,0.9025,0.65,0.29,0.09,0.24,0.02
4285,0.9160504003764384,0.51,0.3,0.14,0.31,0.04
4286,0.9114041037285587,0.51,0.32,0.14,0.31,0.04
4287,0.9287438759224336,0.44,0.31,0.15,0.37,0.04
4288,0.9366666666666668,0.49,0.34,0.11,0.32,0.08
4289,0.8283333333333331,0.47,0.3,0.12,0.31,0.1
4290,0.8533333333333332,0.52,0.29,0.12,0.26,0.1
4291,0.8650000000000001,0.45,0.29,0.18,0.27,0.1
4292,0.8600000000000001,0.41,0.28,0.16,0.31,0.12
4293,0.8833333333333332,0.46,0.22,0.16,0.23,0.15
4294,0.9083333333333334,0.47,0.23,0.24,0.2,0.09
4295,0.9033333333333333,0.45,0.22,0.23,0.2,0.12
4296,0.8799999999999999,0.49,0.23,0.18,0.19,0.14
4297,0.8933333333333334,0.51,0.21,0.23,0.15,0.11
4298,0.9166666666666665,0.48,0.17,0.26,0.16,0.1
4299,0.7533333333333333,0.51,0.18,0.26,0.16,0.07
4300,0.8133333333333331,0.49,0.2,0.19,0.24,0.08
4301,0.8431001547443694,0.47,0.22,0.15,0.35,0.03
4302,0.9071674403885116,0.45,0.21,0.1,0.42,0.03
4303,0.8800344165439163,0.36,0.18,0.14,0.48,0.02
4304,0.92269103326467,0.38,0.25,0.12,0.45,0.05
4305,0.948100154744369,0.43,0.33,0.06,0.47,0.04
4306,0.956200309488738,0.28,0.22,0.08,0.58,0.06
4307,0.9528669761554047,0.27,0.2,0.11,0.55,0.07
4308,0.9645336428220714,0.26,0.17,0.08,0.61,0.05
4309,0.7149999999999995,0.25,0.12,0.07,0.61,0.07
4310,0.71,0.19,0.09,0.1,0.62,0.09
4311,0.7383333333333333,0.26,0.12,0.13,0.55,0.06
4312,0.7583333333333333,0.32,0.15,0.14,0.44,0.1
4313,0.7883333333333336,0.36,0.21,0.23,0.33,0.08
4314,0.8583333333333336,0.42,0.32,0.28,0.23,0.07
4315,0.8683333333333332,0.38,0.3,0.42,0.11,0.09
4316,0.9,0.37,0.3,0.44,0.1,0.09
4317,0.8783333333333333,0.39,0.32,0.39,0.1,0.12
4318,0.8916666666666668,0.36,0.31,0.41,0.09,0.14
4319,0.8383333333333333,0.38,0.31,0.39,0.08,0.15
4320,0.8549999999999998,0.4,0.3,0.34,0.07,0.19
4321,0.8566666666666665,0.4,0.29,0.38,0.04,0.18
4322,0.8666666666666665,0.45,0.37,0.35,0.04,0.16
4323,0.8833333333333332,0.48,0.41,0.32,0.04,0.16
4324,0.8633333333333332,0.47,0.4,0.35,0.02,0.16
4325,0.853333333333333,0.45,0.39,0.36,0.07,0.12
4326,0.8816666666666667,0.43,0.36,0.35,0.04,0.18
4327,0.8816666666666666,0.53,0.46,0.29,0.04,0.14
4328,0.8800000000000001,0.54,0.48,0.25,0.05,0.16
4329,0.8649999999999999,0.53,0.48,0.17,0.08,0.22
4330,0.8990819225245704,0.6,0.5,0.19,0.03,0.18
4331,0.8974519006452724,0.57,0.42,0.22,0.09,0.12
4332,0.9274152558579039,0.62,0.54,0.22,0.04,0.12
4333,0.9193274578436147,0.63,0.5,0.21,0.04,0.12
4334,0.9148130247967714,0.6,0.47,0.23,0.06,0.11
4335,0.9222282806546754,0.64,0.56,0.2,0.06,0.1
4336,0.9339840083875868,0.72,0.62,0.14,0.07,0.07
4337,0.9527523643507569,0.7,0.56,0.21,0.04,0.05
4338,0.9426607911769481,0.71,0.58,0.16,0.05,0.08
4339,0.8749999999999999,0.66,0.53,0.19,0.08,0.07
4340,0.9183333333333331,0.65,0.53,0.19,0.13,0.03
4341,0.915,0.66,0.51,0.18,0.15,0.01
4342,0.9116666666666667,0.56,0.41,0.23,0.2,0.01
4343,0.8799999999999999,0.59,0.38,0.23,0.16,0.02
4344,0.8808878107487408,0.55,0.39,0.24,0.17,0.04
4345,0.9100000000000001,0.54,0.41,0.19,0.22,0.05
4346,0.871666666666667,0.58,0.37,0.2,0.15,0.07
4347,0.9099999999999997,0.6,0.4,0.19,0.17,0.04
4348,0.9118194382027877,0.57,0.36,0.22,0.17,0.04
4349,0.8300000000000004,0.51,0.26,0.16,0.3,0.03
4350,0.8633333333333337,0.56,0.28,0.18,0.22,0.04
4351,0.858078512441082,0.45,0.22,0.21,0.27,0.07
4352,0.9249999999999998,0.55,0.29,0.21,0.14,0.1
4353,0.9416666666666668,0.56,0.3,0.29,0.09,0.06
4354,0.9233333333333331,0.51,0.31,0.31,0.09,0.09
4355,0.9366666666666665,0.54,0.3,0.3,0.07,0.09
4356,0.9283333333333331,0.53,0.25,0.32,0.07,0.08
4357,0.9333333333333332,0.48,0.25,0.34,0.06,0.12
4358,0.9439355706523105,0.48,0.21,0.36,0.02,0.14
4359,0.8199999999999998,0.56,0.25,0.32,0.05,0.07
4360,0.8666666666666668,0.63,0.31,0.26,0.09,0.02
4361,0.9050000000000001,0.6,0.25,0.23,0.15,0.02
4362,0.8600000000000001,0.54,0.26,0.26,0.17,0.03
4363,0.8933333333333334,0.58,0.22,0.22,0.16,0.04
4364,0.93,0.63,0.26,0.14,0.16,0.07
4365,0.9149999999999997,0.52,0.25,0.16,0.25,0.07
4366,0.9266666666666665,0.57,0.24,0.16,0.2,0.07
4367,0.9233333333333333,0.59,0.27,0.1,0.21,0.1
4368,0.9233333333333331,0.52,0.21,0.14,0.27,0.07
4369,0.8366666666666667,0.49,0.23,0.14,0.27,0.1
4370,0.8633333333333333,0.52,0.28,0.2,0.18,0.1
4371,0.8833333333333334,0.52,0.25,0.23,0.18,0.07
4372,0.9183333333333337,0.58,0.26,0.25,0.12,0.05
4373,0.9066666666666667,0.61,0.27,0.29,0.06,0.04
4374,0.92,0.64,0.28,0.28,0.06,0.02
4375,0.9283333333333335,0.59,0.28,0.3,0.07,0.04
4376,0.9016666666666666,0.53,0.16,0.39,0.06,0.02
4377,0.9270962306616535,0.58,0.18,0.32,0.08,0.02
4378,0.9583333333333331,0.68,0.23,0.22,0.08,0.02
4379,0.87,0.68,0.2,0.2,0.1,0.02
4380,0.8849999999999999,0.69,0.24,0.19,0.09,0.03
4381,0.9127491799136714,0.73,0.31,0.12,0.15,0.0
4382,0.9271650264940093,0.75,0.32,0.11,0.13,0.01
4383,0.9466666666666668,0.77,0.4,0.07,0.14,0.02
4384,0.911609755942484,0.72,0.35,0.13,0.13,0.02
4385,0.9100000000000001,0.69,0.25,0.14,0.13,0.04
4386,0.9016666666666667,0.69,0.23,0.12,0.13,0.06
4387,0.8950000000000001,0.72,0.22,0.1,0.13,0.05
4388,0.9683333333333334,0.7,0.21,0.07,0.2,0.03
4389,0.8850000000000001,0.7,0.2,0.09,0.16,0.05
4390,0.8883333333333333,0.68,0.25,0.1,0.17,0.05
4391,0.9350000000000003,0.75,0.24,0.15,0.06,0.04
4392,0.9299999999999998,0.76,0.27,0.12,0.04,0.08
4393,0.95,0.75,0.22,0.15,0.03,0.07
4394,0.9316666666666668,0.66,0.19,0.21,0.06,0.07
4395,0.925,0.6,0.14,0.32,0.06,0.02
4396,0.9300000000000002,0.57,0.11,0.31,0.08,0.04
4397,0.9483333333333333,0.57,0.11,0.34,0.01,0.08
4398,0.9549999999999998,0.5,0.09,0.4,0.03,0.07
4399,0.6916666666666668,0.37,0.03,0.48,0.09,0.06
4400,0.795,0.41,0.04,0.35,0.17,0.07
4401,0.836666666666667,0.44,0.02,0.28,0.17,0.11
4402,0.8358333333333338,0.37,0.02,0.26,0.24,0.13
4403,0.8516666666666667,0.23,0.0,0.31,0.36,0.1
4404,0.8699999999999999,0.2,0.01,0.23,0.47,0.1
4405,0.8933333333333334,0.2,0.02,0.2,0.54,0.06
4406,0.9216666666666667,0.24,0.03,0.14,0.54,0.08
4407,0.9416666666666665,0.19,0.03,0.11,0.6,0.1
4408,0.9149999999999998,0.13,0.02,0.14,0.58,0.15
4409,0.7066666666666666,0.12,0.0,0.15,0.6,0.13
4410,0.7300000000000003,0.17,0.0,0.2,0.52,0.11
4411,0.7349999999999998,0.21,0.0,0.18,0.44,0.17
4412,0.7816666666666666,0.23,0.0,0.23,0.4,0.14
4413,0.8400000000000003,0.3,0.0,0.27,0.26,0.17
4414,0.8768184341833962,0.38,0.0,0.29,0.14,0.19
4415,0.8966666666666664,0.4,0.01,0.31,0.11,0.18
4416,0.8933333333333334,0.37,0.02,0.41,0.08,0.14
4417,0.9083333333333334,0.33,0.04,0.48,0.07,0.12
4418,0.9199999999999998,0.37,0.07,0.41,0.07,0.15
4419,0.735,0.35,0.08,0.47,0.09,0.09
4420,0.8081058004484764,0.48,0.1,0.3,0.12,0.1
4421,0.8816666666666666,0.54,0.14,0.17,0.16,0.13
4422,0.8656806869256599,0.53,0.11,0.12,0.16,0.19
4423,0.8966666666666667,0.47,0.06,0.09,0.21,0.23
4424,0.8833117566434774,0.52,0.08,0.04,0.19,0.25
4425,0.9092428580307724,0.5,0.03,0.07,0.19,0.24
4426,0.9013748459356905,0.38,0.04,0.09,0.3,0.23
4427,0.911737084807734,0.33,0.02,0.05,0.33,0.29
4428,0.9240750254509209,0.29,0.01,0.07,0.37,0.27
4429,0.7733333333333334,0.3,0.01,0.08,0.34,0.28
4430,0.8199999999999997,0.39,0.04,0.11,0.27,0.23
4431,0.8366666666666663,0.4,0.04,0.16,0.26,0.18
4432,0.8566666666666667,0.44,0.05,0.18,0.24,0.14
4433,0.8783333333333334,0.46,0.06,0.26,0.22,0.06
4434,0.8716666666666667,0.43,0.07,0.26,0.23,0.08
4435,0.8883333333333333,0.43,0.06,0.33,0.15,0.09
4436,0.9283333333333332,0.38,0.08,0.39,0.15,0.08
4437,0.9166666666666664,0.44,0.12,0.33,0.11,0.12
4438,0.9183333333333334,0.45,0.19,0.32,0.1,0.13
4439,0.8450000000000003,0.52,0.26,0.32,0.06,0.1
4440,0.8733333333333332,0.6,0.29,0.28,0.06,0.06
4441,0.9166666666666665,0.69,0.36,0.22,0.05,0.04
4442,0.8900000000000001,0.61,0.33,0.22,0.12,0.05
4443,0.8799999999999999,0.62,0.28,0.18,0.16,0.04
4444,0.9216666666666664,0.52,0.21,0.17,0.24,0.07
4445,0.9099999999999996,0.47,0.17,0.15,0.3,0.08
4446,0.91,0.44,0.21,0.08,0.38,0.1
4447,0.9333333333333335,0.45,0.21,0.06,0.43,0.06
4448,0.9216666666666665,0.42,0.16,0.05,0.46,0.07
4449,0.8133333333333329,0.45,0.16,0.07,0.44,0.04
4450,0.8616666666666666,0.57,0.19,0.09,0.27,0.07
4451,0.8821702389868069,0.59,0.22,0.13,0.23,0.05
4452,0.9133333333333334,0.66,0.23,0.12,0.2,0.02
4453,0.8966666666666666,0.67,0.21,0.11,0.22,0.0
4454,0.9249999999999998,0.72,0.21,0.12,0.15,0.01
4455,0.9183333333333336,0.68,0.21,0.15,0.1,0.07
4456,0.9116666666666666,0.61,0.22,0.19,0.12,0.08
4457,0.9116666666666666,0.55,0.22,0.22,0.15,0.08
4458,0.8816666666666667,0.57,0.24,0.19,0.13,0.11
4459,0.8566666666666669,0.53,0.21,0.24,0.13,0.1
4460,0.8749999999999999,0.58,0.21,0.14,0.14,0.14
4461,0.8816666666666664,0.54,0.21,0.17,0.14,0.15
4462,0.9066666666666667,0.59,0.22,0.11,0.19,0.11
4463,0.8983333333333331,0.62,0.25,0.05,0.25,0.08
4464,0.8899999999999997,0.52,0.28,0.11,0.3,0.07
4465,0.9231166425050672,0.42,0.26,0.1,0.4,0.08
4466,0.9437464008188479,0.4,0.23,0.06,0.43,0.11
4467,0.9243728571902584,0.43,0.24,0.11,0.35,0.11
4468,0.9087457143805175,0.35,0.2,0.14,0.37,0.14
4469,0.7616666666666666,0.21,0.14,0.16,0.48,0.15
4470,0.8163050552622042,0.27,0.18,0.16,0.42,0.15
4471,0.8149999999999998,0.35,0.2,0.16,0.36,0.13
4472,0.8779099297374674,0.47,0.26,0.15,0.25,0.13
4473,0.864214984999671,0.43,0.18,0.15,0.27,0.15
4474,0.909638388595537,0.47,0.14,0.21,0.22,0.1
4475,0.912909929737467,0.42,0.1,0.27,0.18,0.13
4476,0.8948764156171936,0.4,0.08,0.3,0.13,0.17
4477,0.896481290092457,0.38,0.11,0.32,0.11,0.19
4478,0.9232715411419299,0.45,0.11,0.39,0.1,0.06
4479,0.7850000000000001,0.53,0.11,0.34,0.12,0.01
4480,0.814566706426263,0.54,0.16,0.28,0.16,0.02
4481,0.8300000000000002,0.54,0.18,0.21,0.23,0.02
4482,0.7933333333333333,0.6,0.15,0.19,0.15,0.06
4483,0.8716666666666667,0.6,0.14,0.13,0.2,0.07
4484,0.8766666666666666,0.62,0.17,0.14,0.18,0.06
4485,0.9200000000000002,0.55,0.17,0.09,0.28,0.08
4486,0.8833333333333333,0.51,0.14,0.11,0.33,0.05
4487,0.8950000000000002,0.46,0.13,0.1,0.38,0.06
4488,0.8883333333333333,0.39,0.06,0.08,0.47,0.06
4489,0.7983333333333331,0.32,0.04,0.1,0.54,0.04
4490,0.84,0.42,0.07,0.15,0.38,0.05
4491,0.8549999999999999,0.5,0.08,0.13,0.3,0.07
4492,0.8599999999999999,0.52,0.1,0.09,0.3,0.09
4493,0.8466666666666665,0.53,0.14,0.07,0.29,0.11
4494,0.8666666666666665,0.6,0.16,0.06,0.22,0.12
4495,0.92,0.73,0.17,0.05,0.14,0.08
4496,0.9216666666666665,0.72,0.19,0.08,0.13,0.07
4497,0.9533333333333335,0.69,0.1,0.17,0.11,0.03
4498,0.9549999999999998,0.65,0.11,0.18,0.12,0.05
4499,0.7600000000000001,0.66,0.07,0.14,0.14,0.06
4500,0.7866666666666667,0.58,0.1,0.18,0.18,0.06
4501,0.7533333333333332,0.57,0.09,0.2,0.18,0.05
4502,0.7650000000000002,0.44,0.1,0.2,0.26,0.1
4503,0.8433333333333334,0.37,0.16,0.13,0.38,0.12
4504,0.9,0.35,0.18,0.15,0.43,0.07
4505,0.9066666666666667,0.46,0.25,0.08,0.38,0.08
4506,0.9216666666666669,0.49,0.27,0.07,0.4,0.04
4507,0.9299999999999997,0.4,0.23,0.09,0.44,0.07
4508,0.95,0.37,0.22,0.05,0.51,0.07
4509,0.7466666666666667,0.29,0.18,0.08,0.54,0.09
4510,0.8250000000000004,0.35,0.22,0.14,0.37,0.14
4511,0.8550000000000003,0.43,0.25,0.22,0.25,0.1
4512,0.9033333333333339,0.41,0.24,0.29,0.22,0.08
4513,0.89,0.47,0.28,0.29,0.16,0.08
4514,0.9211977130135166,0.52,0.34,0.26,0.14,0.08
4515,0.925,0.5,0.38,0.33,0.11,0.06
4516,0.9383333333333332,0.51,0.34,0.34,0.07,0.08
4517,0.9295310463468502,0.45,0.28,0.41,0.07,0.07
4518,0.9383333333333332,0.46,0.31,0.43,0.01,0.1
4519,0.7849999999999998,0.55,0.38,0.4,0.01,0.04
4520,0.8016666666666669,0.59,0.43,0.34,0.05,0.02
4521,0.8475112381524049,0.58,0.36,0.3,0.1,0.02
4522,0.8736799696361957,0.57,0.38,0.29,0.11,0.03
4523,0.8983976101008062,0.52,0.34,0.27,0.16,0.05
4524,0.9345752351830747,0.61,0.35,0.12,0.19,0.08
4525,0.9515725011003562,0.62,0.35,0.06,0.25,0.07
4526,0.9528603435243344,0.5,0.23,0.04,0.36,0.1
4527,0.9547979542843309,0.4,0.19,0.07,0.44,0.09
4528,0.9632391677670228,0.37,0.19,0.05,0.49,0.09
4529,0.751666666666667,0.37,0.19,0.03,0.52,0.08
4530,0.8000000000000002,0.44,0.2,0.07,0.43,0.06
4531,0.8283364218363438,0.47,0.24,0.09,0.35,0.09
4532,0.8616697551696771,0.53,0.27,0.15,0.22,0.1
4533,0.8951041817812186,0.59,0.32,0.14,0.19,0.08
4534,0.8983425988423648,0.59,0.35,0.16,0.16,0.09
4535,0.9200061770060209,0.57,0.46,0.2,0.18,0.05
4536,0.9250092655090313,0.6,0.42,0.23,0.12,0.05
4537,0.9316666666666668,0.67,0.46,0.25,0.07,0.01
4538,0.9666666666666667,0.65,0.41,0.31,0.03,0.01
4539,0.7866666666666666,0.6,0.4,0.34,0.03,0.03
4540,0.8352944622107376,0.65,0.43,0.31,0.02,0.02
4541,0.8691666666666665,0.76,0.46,0.18,0.06,0.0
4542,0.908627795544071,0.75,0.46,0.19,0.06,0.0
4543,0.8828836433854949,0.64,0.37,0.23,0.11,0.02
4544,0.9133333333333334,0.65,0.34,0.17,0.15,0.03
4545,0.9116395579734913,0.67,0.35,0.14,0.12,0.07
4546,0.9349457826136494,0.69,0.35,0.09,0.14,0.08
4547,0.9215582318939656,0.62,0.32,0.11,0.17,0.1
4548,0.9615853405871408,0.61,0.25,0.07,0.25,0.07
4549,0.8366666666666667,0.49,0.19,0.11,0.29,0.11
4550,0.881666666666667,0.55,0.26,0.14,0.22,0.09
4551,0.8533333333333336,0.53,0.23,0.18,0.18,0.11
4552,0.8683333333333333,0.48,0.18,0.27,0.14,0.11
4553,0.8600000000000001,0.45,0.15,0.27,0.13,0.15
4554,0.9200000000000004,0.45,0.16,0.36,0.05,0.14
4555,0.9416666666666665,0.47,0.21,0.39,0.03,0.11
4556,0.9500000000000002,0.44,0.26,0.41,0.06,0.09
4557,0.9366666666666664,0.48,0.27,0.37,0.06,0.09
4558,0.9366666666666668,0.43,0.23,0.4,0.04,0.13
4559,0.7266666666666667,0.5,0.28,0.39,0.02,0.09
4560,0.8233333333333335,0.65,0.4,0.26,0.04,0.05
4561,0.9033645671888132,0.76,0.46,0.14,0.05,0.05
4562,0.9066979005221468,0.69,0.44,0.14,0.12,0.05
4563,0.9350624677109599,0.68,0.41,0.09,0.18,0.05
4564,0.9333645671888133,0.76,0.44,0.08,0.16,0.0
4565,0.98003123385548,0.84,0.43,0.04,0.12,0.0
4566,0.9325641663047467,0.78,0.38,0.06,0.15,0.01
4567,0.936673799735194,0.74,0.43,0.09,0.15,0.02
4568,0.965,0.73,0.47,0.05,0.18,0.04
4569,0.8733333333333337,0.56,0.35,0.1,0.3,0.04
4570,0.8966666666666668,0.61,0.44,0.14,0.22,0.03
4571,0.8962281755094863,0.66,0.4,0.1,0.21,0.03
4572,0.911228175509486,0.61,0.37,0.16,0.18,0.05
4573,0.8900841306760182,0.63,0.41,0.19,0.15,0.03
4574,0.9350000000000003,0.72,0.44,0.13,0.11,0.04
4575,0.9266666666666665,0.68,0.35,0.16,0.15,0.01
4576,0.9383333333333332,0.67,0.35,0.18,0.14,0.01
4577,0.9470694992495156,0.61,0.28,0.25,0.13,0.01
4578,0.9716666666666667,0.7,0.31,0.26,0.03,0.01
4579,0.8933333333333331,0.7,0.33,0.26,0.03,0.01
4580,0.9229626524995903,0.7,0.35,0.22,0.06,0.02
4581,0.9158486021568767,0.63,0.37,0.2,0.11,0.06
4582,0.9099134425488836,0.64,0.42,0.17,0.12,0.07
4583,0.9136941595582643,0.6,0.45,0.16,0.13,0.11
4584,0.9320274928915971,0.58,0.44,0.14,0.2,0.08
4585,0.9296293191662572,0.6,0.45,0.14,0.22,0.04
4586,0.9260923332836043,0.57,0.43,0.12,0.28,0.03
4587,0.949629319166257,0.6,0.46,0.11,0.28,0.01
4588,0.9329626524995903,0.6,0.43,0.13,0.24,0.03
4589,0.8633333333333336,0.56,0.43,0.12,0.3,0.02
4590,0.8516666666666667,0.51,0.38,0.2,0.25,0.04
4591,0.905,0.52,0.36,0.26,0.14,0.08
4592,0.91,0.56,0.32,0.26,0.09,0.09
4593,0.9200000000000004,0.58,0.38,0.23,0.1,0.09
4594,0.9283333333333335,0.6,0.37,0.3,0.07,0.03
4595,0.9349999999999998,0.66,0.39,0.23,0.05,0.06
4596,0.9349999999999998,0.63,0.4,0.29,0.04,0.04
4597,0.9366666666666664,0.59,0.34,0.35,0.04,0.02
4598,0.95,0.58,0.25,0.4,0.01,0.01
4599,0.8016666666666664,0.59,0.26,0.35,0.01,0.05
4600,0.85,0.67,0.24,0.24,0.02,0.07
4601,0.901666666666667,0.74,0.18,0.2,0.03,0.03
4602,0.8919738757150631,0.73,0.16,0.21,0.03,0.03
4603,0.9200392787465854,0.74,0.15,0.14,0.06,0.06
4604,0.9289477514301265,0.64,0.15,0.17,0.15,0.04
4605,0.924254960478523,0.61,0.13,0.19,0.15,0.05
4606,0.9242942392251082,0.57,0.1,0.18,0.18,0.07
4607,0.915,0.58,0.12,0.16,0.2,0.06
4608,0.9316666666666669,0.52,0.14,0.14,0.28,0.06
4609,0.8000000000000002,0.42,0.09,0.16,0.36,0.06
4610,0.8183333333333332,0.42,0.04,0.24,0.29,0.05
4611,0.8833333333333333,0.39,0.05,0.43,0.13,0.05
4612,0.8899999999999999,0.37,0.05,0.36,0.17,0.1
4613,0.92,0.4,0.06,0.43,0.07,0.1
4614,0.8933333333333333,0.33,0.07,0.59,0.03,0.05
4615,0.9153248447202346,0.33,0.08,0.56,0.04,0.07
4616,0.948333333333333,0.31,0.1,0.6,0.04,0.05
4617,0.9599999999999999,0.29,0.14,0.63,0.01,0.07
4618,0.9533333333333333,0.26,0.11,0.64,0.02,0.08
4619,0.6399999999999999,0.2,0.07,0.71,0.03,0.06
4620,0.7184923486954511,0.27,0.11,0.62,0.04,0.07
4621,0.8100000000000002,0.44,0.09,0.43,0.05,0.08
4622,0.8833333333333332,0.56,0.14,0.31,0.05,0.08
4623,0.8950000000000001,0.58,0.17,0.21,0.1,0.11
4624,0.9233333333333333,0.64,0.14,0.13,0.08,0.15
4625,0.875,0.51,0.11,0.21,0.13,0.15
4626,0.8950000000000001,0.49,0.1,0.21,0.18,0.12
4627,0.9316666666666668,0.5,0.12,0.13,0.24,0.13
4628,0.9233333333333336,0.46,0.14,0.15,0.31,0.08
4629,0.8083333333333336,0.46,0.17,0.14,0.34,0.06
4630,0.8416666666666669,0.47,0.15,0.16,0.3,0.07
4631,0.8683333333333336,0.49,0.12,0.18,0.23,0.1
4632,0.9076671178868989,0.52,0.18,0.2,0.18,0.1
4633,0.897667117886899,0.51,0.14,0.25,0.15,0.09
4634,0.8953342357737979,0.47,0.12,0.27,0.14,0.12
4635,0.895,0.47,0.14,0.3,0.1,0.13
4636,0.925,0.56,0.22,0.25,0.08,0.11
4637,0.9170009024404646,0.59,0.26,0.25,0.06,0.1
4638,0.9003342357737981,0.49,0.27,0.27,0.12,0.12
4639,0.8649999999999999,0.48,0.3,0.29,0.13,0.1
4640,0.9249999999999997,0.53,0.4,0.19,0.22,0.06
4641,0.9183333333333333,0.48,0.35,0.13,0.3,0.09
4642,0.9249999999999998,0.39,0.3,0.11,0.39,0.11
4643,0.9380063088979241,0.38,0.26,0.05,0.42,0.15
4644,0.968006308897924,0.36,0.27,0.05,0.49,0.1
4645,0.9589393265404166,0.25,0.2,0.02,0.58,0.15
4646,0.95228667753165,0.28,0.25,0.03,0.55,0.14
4647,0.9583333333333333,0.26,0.23,0.03,0.58,0.13
4648,0.9530063088979241,0.2,0.18,0.03,0.6,0.17
4649,0.7116666666666663,0.26,0.23,0.06,0.55,0.13
4650,0.7699999999999996,0.4,0.31,0.1,0.41,0.09
4651,0.8283333333333331,0.48,0.37,0.15,0.3,0.07
4652,0.856666666666667,0.39,0.27,0.28,0.25,0.08
4653,0.9033333333333333,0.48,0.38,0.31,0.17,0.04
4654,0.9316666666666665,0.54,0.41,0.32,0.1,0.04
4655,0.9599999999999997,0.63,0.52,0.26,0.05,0.06
4656,0.9649999999999999,0.51,0.45,0.35,0.06,0.08
4657,0.94,0.51,0.4,0.3,0.06,0.13
4658,0.9283333333333336,0.47,0.31,0.36,0.07,0.1
4659,0.7283333333333336,0.4,0.24,0.37,0.06,0.17
4660,0.7999999999999998,0.5,0.29,0.2,0.11,0.19
4661,0.8770998764203459,0.54,0.29,0.18,0.15,0.13
4662,0.9304332097536794,0.65,0.28,0.11,0.15,0.09
4663,0.9283333333333332,0.63,0.26,0.09,0.19,0.09
4664,0.9470998764203458,0.61,0.25,0.07,0.22,0.1
4665,0.9466666666666668,0.62,0.19,0.05,0.25,0.08
4666,0.9583333333333333,0.57,0.21,0.09,0.3,0.04
4667,0.9537665430870125,0.56,0.2,0.11,0.28,0.05
4668,0.9270998764203459,0.55,0.17,0.1,0.28,0.07
4669,0.8433333333333332,0.45,0.17,0.18,0.28,0.09
4670,0.8016723169642086,0.46,0.11,0.24,0.2,0.1
4671,0.875,0.47,0.14,0.26,0.12,0.15
4672,0.895,0.36,0.1,0.33,0.19,0.12
4673,0.9083333333333334,0.37,0.12,0.33,0.15,0.15
4674,0.8983389836308748,0.27,0.05,0.4,0.16,0.17
4675,0.9366666666666664,0.28,0.13,0.5,0.13,0.09
4676,0.8949999999999996,0.26,0.11,0.46,0.11,0.17
4677,0.9331483034721844,0.35,0.13,0.43,0.06,0.16
4678,0.9233333333333335,0.34,0.09,0.45,0.05,0.16
4679,0.7016666666666665,0.3,0.07,0.44,0.1,0.16
4680,0.7435003387380434,0.3,0.05,0.38,0.17,0.15
4681,0.7551670054047102,0.26,0.04,0.37,0.23,0.14
4682,0.8083333333333336,0.34,0.03,0.26,0.29,0.11
4683,0.8301670054047101,0.34,0.09,0.22,0.36,0.08
4684,0.8803340108094203,0.35,0.13,0.24,0.3,0.11
4685,0.8436673441427535,0.36,0.12,0.18,0.3,0.16
4686,0.8503340108094203,0.33,0.12,0.13,0.39,0.15
4687,0.8841683603568841,0.32,0.11,0.11,0.45,0.12
4688,0.9075016936902174,0.33,0.14,0.1,0.44,0.13
4689,0.8350000000000003,0.29,0.14,0.08,0.42,0.21
4690,0.8283333333333333,0.28,0.12,0.12,0.34,0.26
4691,0.8316666666666667,0.27,0.1,0.14,0.29,0.3
4692,0.8266666666666663,0.25,0.11,0.15,0.31,0.29
4693,0.8316912554983646,0.23,0.09,0.15,0.26,0.36
4694,0.8583825109967291,0.3,0.13,0.13,0.2,0.37
4695,0.8631467231165237,0.29,0.09,0.17,0.2,0.34
4696,0.8698625674465862,0.27,0.09,0.16,0.18,0.39
4697,0.869651368398079,0.33,0.11,0.17,0.19,0.31
4698,0.8829109352363189,0.36,0.14,0.14,0.18,0.32
4699,0.735,0.44,0.12,0.14,0.15,0.27
4700,0.8166666666666668,0.42,0.09,0.06,0.26,0.26
4701,0.8216666666666668,0.45,0.07,0.08,0.31,0.16
4702,0.875,0.45,0.06,0.11,0.33,0.11
4703,0.8883333333333333,0.56,0.06,0.08,0.25,0.11
4704,0.8883333333333333,0.53,0.08,0.07,0.25,0.15
4705,0.8466666666666665,0.53,0.09,0.05,0.28,0.14
4706,0.8733333333333334,0.56,0.15,0.08,0.27,0.09
4707,0.903333333333333,0.57,0.2,0.11,0.25,0.07
4708,0.8783333333333333,0.59,0.18,0.11,0.23,0.07
4709,0.8616666666666667,0.56,0.16,0.09,0.28,0.07
4710,0.878333333333333,0.6,0.15,0.1,0.18,0.12
4711,0.9116666666666666,0.63,0.17,0.18,0.09,0.1
4712,0.9133333333333333,0.54,0.14,0.25,0.09,0.12
4713,0.9066666666666668,0.41,0.14,0.34,0.12,0.13
4714,0.9116666666666666,0.47,0.1,0.33,0.09,0.11
4715,0.9350964247246507,0.33,0.1,0.45,0.1,0.12
4716,0.9400964247246506,0.37,0.12,0.43,0.05,0.15
4717,0.9434297580579839,0.3,0.1,0.5,0.07,0.13
4718,0.9399999999999997,0.28,0.12,0.53,0.08,0.11
4719,0.7550000000000003,0.25,0.08,0.55,0.12,0.08
4720,0.7999999999999997,0.34,0.11,0.47,0.13,0.06
4721,0.805,0.39,0.08,0.42,0.13,0.06
4722,0.8566666666666667,0.39,0.08,0.36,0.18,0.07
4723,0.8847279414775003,0.41,0.1,0.34,0.19,0.06
4724,0.8899999999999999,0.37,0.12,0.34,0.23,0.06
4725,0.865,0.37,0.11,0.31,0.25,0.07
4726,0.8716666666666667,0.37,0.1,0.29,0.26,0.08
4727,0.8599999999999999,0.34,0.13,0.28,0.3,0.08
4728,0.9049999999999996,0.38,0.12,0.24,0.33,0.05
4729,0.8150000000000004,0.35,0.11,0.16,0.43,0.06
4730,0.8400000000000002,0.39,0.17,0.18,0.34,0.09
4731,0.8506102162391097,0.44,0.19,0.16,0.33,0.07
4732,0.8866666666666667,0.47,0.21,0.26,0.2,0.07
4733,0.8733333333333334,0.4,0.17,0.26,0.24,0.1
4734,0.9033333333333333,0.42,0.12,0.33,0.19,0.06
4735,0.9223876012080728,0.39,0.16,0.44,0.12,0.05
4736,0.9433333333333331,0.33,0.14,0.51,0.1,0.06
4737,0.9483333333333331,0.35,0.19,0.5,0.07,0.08
4738,0.9532312765463412,0.41,0.27,0.46,0.04,0.09
4739,0.765,0.34,0.17,0.5,0.07,0.09
4740,0.8216666666666664,0.41,0.22,0.43,0.1,0.06
4741,0.8599999999999999,0.52,0.25,0.27,0.1,0.11
4742,0.9066666666666666,0.58,0.34,0.16,0.15,0.11
4743,0.9066666666666666,0.59,0.31,0.14,0.19,0.08
4744,0.9216666666666664,0.5,0.26,0.12,0.29,0.09
4745,0.9149999999999998,0.53,0.29,0.1,0.32,0.05
4746,0.9416666666666665,0.55,0.29,0.05,0.37,0.03
4747,0.9116666666666666,0.51,0.32,0.06,0.41,0.02
4748,0.9083333333333333,0.57,0.34,0.06,0.35,0.02
4749,0.8366666666666669,0.47,0.37,0.09,0.42,0.02
4750,0.8766666666666671,0.5,0.4,0.14,0.31,0.05
4751,0.896666666666667,0.52,0.39,0.2,0.26,0.02
4752,0.9016666666666666,0.57,0.47,0.18,0.18,0.07
4753,0.9036632814358275,0.6,0.52,0.15,0.19,0.06
4754,0.9153299481024942,0.61,0.54,0.15,0.18,0.06
4755,0.9339932295383211,0.64,0.55,0.17,0.12,0.07
4756,0.9239932295383214,0.64,0.49,0.16,0.14,0.06
4757,0.9189932295383214,0.63,0.42,0.17,0.12,0.08
4758,0.9256598962049885,0.63,0.43,0.15,0.12,0.1
4759,0.7966666666666669,0.65,0.43,0.15,0.13,0.07
4760,0.8497459760094999,0.61,0.48,0.17,0.16,0.06
4761,0.9166666666666664,0.67,0.55,0.14,0.16,0.03
4762,0.924411218015028,0.68,0.52,0.1,0.18,0.04
4763,0.95,0.69,0.54,0.09,0.21,0.01
4764,0.9583333333333333,0.68,0.56,0.03,0.27,0.02
4765,0.945,0.68,0.55,0.08,0.23,0.01
4766,0.925,0.61,0.48,0.09,0.27,0.03
4767,0.9349999999999998,0.55,0.43,0.07,0.34,0.04
4768,0.935,0.46,0.35,0.12,0.39,0.03
4769,0.8483333333333334,0.42,0.33,0.11,0.41,0.06
4770,0.8599999999999999,0.42,0.36,0.14,0.35,0.09
4771,0.8950944851679344,0.45,0.33,0.18,0.28,0.09
4772,0.9250944851679344,0.5,0.38,0.2,0.22,0.08
4773,0.9366666666666669,0.52,0.39,0.25,0.15,0.08
4774,0.97,0.5,0.37,0.38,0.09,0.03
4775,0.9433333333333335,0.49,0.34,0.32,0.12,0.07
4776,0.9649999999999999,0.56,0.38,0.34,0.05,0.05
4777,0.975,0.57,0.35,0.36,0.04,0.03
4778,0.9564569724511272,0.51,0.27,0.38,0.07,0.04
4779,0.7450000000000001,0.51,0.3,0.36,0.09,0.04
4780,0.8133333333333335,0.56,0.39,0.35,0.09,0.0
4781,0.8633333333333332,0.65,0.45,0.26,0.08,0.01
4782,0.8316666666666666,0.53,0.32,0.35,0.11,0.01
4783,0.8425000000000001,0.57,0.35,0.31,0.09,0.03
4784,0.8483333333333333,0.7,0.4,0.23,0.05,0.02
4785,0.8850000000000001,0.75,0.51,0.18,0.06,0.01
4786,0.9283333333333331,0.7,0.48,0.17,0.12,0.01
4787,0.9316666666666664,0.7,0.45,0.11,0.16,0.03
4788,0.9233333333333333,0.67,0.42,0.12,0.18,0.03
4789,0.8866666666666667,0.61,0.34,0.14,0.23,0.02
4790,0.9033333333333333,0.61,0.36,0.12,0.23,0.04
4791,0.9166666666666667,0.58,0.37,0.16,0.21,0.05
4792,0.9383333333333332,0.59,0.4,0.27,0.13,0.01
4793,0.9635359377880384,0.6,0.39,0.3,0.08,0.02
4794,0.9502026044547052,0.56,0.39,0.33,0.08,0.03
4795,0.9578663852495644,0.55,0.38,0.34,0.11,0.0
4796,0.9454052089094099,0.44,0.32,0.42,0.11,0.03
4797,0.940435761074456,0.37,0.28,0.47,0.09,0.07
4798,0.9237546650487526,0.35,0.23,0.49,0.08,0.08
4799,0.7233333333333334,0.29,0.17,0.61,0.05,0.05
4800,0.795,0.3,0.2,0.53,0.05,0.12
4801,0.8045144737645099,0.28,0.18,0.54,0.06,0.12
4802,0.8316666666666663,0.37,0.21,0.43,0.06,0.14
4803,0.8249999999999997,0.27,0.19,0.44,0.14,0.15
4804,0.828333333333333,0.26,0.22,0.41,0.1,0.23
4805,0.8249999999999998,0.22,0.19,0.42,0.09,0.27
4806,0.8516666666666666,0.25,0.21,0.39,0.11,0.25
4807,0.8383333333333334,0.17,0.15,0.42,0.18,0.23
4808,0.8733333333333332,0.19,0.15,0.36,0.22,0.23
4809,0.8416666666666667,0.23,0.18,0.27,0.23,0.27
4810,0.8433333333333337,0.27,0.23,0.34,0.26,0.13
4811,0.8583333333333336,0.3,0.27,0.34,0.2,0.16
4812,0.8666666666666668,0.28,0.23,0.42,0.2,0.1
4813,0.8447306219303377,0.19,0.15,0.46,0.14,0.21
4814,0.8759750816371986,0.25,0.18,0.43,0.17,0.15
4815,0.8987696588312072,0.29,0.25,0.42,0.16,0.13
4816,0.8830780738017391,0.26,0.23,0.45,0.14,0.15
4817,0.9054363254978738,0.34,0.29,0.4,0.12,0.14
4818,0.9145777930401947,0.4,0.33,0.34,0.14,0.12
4819,0.8266666666666665,0.4,0.3,0.42,0.09,0.09
4820,0.8433333333333334,0.52,0.43,0.28,0.12,0.08
4821,0.885,0.57,0.48,0.23,0.1,0.1
4822,0.8766666666666665,0.56,0.48,0.24,0.11,0.09
4823,0.8833333333333333,0.58,0.51,0.24,0.11,0.07
4824,0.868333333333333,0.66,0.55,0.19,0.07,0.08
4825,0.9033333333333331,0.63,0.5,0.23,0.09,0.05
4826,0.8866666666666666,0.65,0.43,0.24,0.04,0.07
4827,0.9016666666666666,0.61,0.42,0.21,0.07,0.11
4828,0.8866666666666666,0.6,0.38,0.17,0.09,0.14
4829,0.8766666666666667,0.59,0.32,0.13,0.13,0.15
4830,0.9266666666666667,0.65,0.34,0.2,0.08,0.07
4831,0.925435119255104,0.61,0.32,0.26,0.08,0.05
4832,0.94427873434493,0.56,0.28,0.29,0.11,0.04
4833,0.9131557630266676,0.46,0.22,0.39,0.12,0.03
4834,0.94427873434493,0.49,0.32,0.35,0.13,0.03
4835,0.9299999999999998,0.54,0.3,0.29,0.07,0.1
4836,0.9398224296933343,0.6,0.34,0.3,0.04,0.06
4837,0.9633333333333334,0.61,0.37,0.29,0.05,0.05
4838,0.9683333333333334,0.66,0.43,0.24,0.06,0.04
4839,0.8533333333333333,0.63,0.44,0.26,0.07,0.04
4840,0.8850000000000002,0.67,0.57,0.19,0.08,0.06
4841,0.9026133778022376,0.68,0.58,0.14,0.09,0.09
4842,0.8959045341351692,0.67,0.59,0.11,0.15,0.07
4843,0.8880268944820287,0.59,0.56,0.17,0.16,0.08
4844,0.8921223603468591,0.64,0.54,0.11,0.19,0.06
4845,0.8949999999999997,0.58,0.47,0.1,0.22,0.1
4846,0.9233333333333331,0.56,0.4,0.08,0.29,0.07
4847,0.85,0.56,0.41,0.12,0.23,0.09
4848,0.8876921193513009,0.6,0.47,0.1,0.23,0.07
4849,0.885,0.61,0.44,0.04,0.32,0.03
4850,0.876666666666667,0.54,0.36,0.12,0.27,0.07
4851,0.9033333333333331,0.62,0.42,0.14,0.2,0.04
4852,0.8999999999999999,0.61,0.39,0.11,0.18,0.1
4853,0.9133333333333334,0.57,0.35,0.14,0.15,0.14
4854,0.9016666666666666,0.52,0.26,0.16,0.17,0.15
4855,0.9066666666666667,0.53,0.25,0.16,0.17,0.14
4856,0.9033333333333334,0.45,0.2,0.25,0.13,0.17
4857,0.8858304918466492,0.43,0.18,0.3,0.09,0.18
4858,0.903560214832472,0.39,0.19,0.37,0.1,0.14
4859,0.7300000000000001,0.35,0.15,0.49,0.06,0.1
4860,0.8333333333333333,0.46,0.16,0.3,0.16,0.08
4861,0.8216666666666665,0.5,0.18,0.26,0.17,0.07
4862,0.8083333333333332,0.46,0.16,0.22,0.18,0.14
4863,0.8649999999999999,0.49,0.16,0.11,0.24,0.16
4864,0.9099999999999997,0.58,0.21,0.06,0.25,0.11
4865,0.9183333333333333,0.63,0.21,0.06,0.24,0.07
4866,0.895,0.59,0.17,0.07,0.28,0.06
4867,0.9000000000000001,0.63,0.14,0.09,0.23,0.05
4868,0.9,0.6,0.1,0.09,0.26,0.05
4869,0.8183333333333332,0.57,0.1,0.08,0.31,0.04
4870,0.8499999999999999,0.57,0.15,0.13,0.26,0.04
4871,0.8716666666666666,0.54,0.21,0.17,0.22,0.07
4872,0.8816666666666667,0.5,0.24,0.17,0.24,0.09
4873,0.8829373730323447,0.49,0.26,0.16,0.23,0.12
4874,0.9036266327890438,0.5,0.27,0.22,0.17,0.11
4875,0.8911356345239598,0.52,0.22,0.25,0.16,0.07
4876,0.9433333333333332,0.55,0.17,0.28,0.13,0.04
4877,0.9599017083468665,0.54,0.19,0.31,0.1,0.05
4878,0.9650216191289929,0.57,0.21,0.33,0.08,0.02
4879,0.8533333333333334,0.64,0.23,0.24,0.06,0.06
4880,0.8266666666666667,0.65,0.25,0.2,0.1,0.05
4881,0.8716666666666668,0.7,0.26,0.14,0.12,0.04
4882,0.8733333333333334,0.7,0.28,0.11,0.16,0.03
4883,0.9066666666666666,0.75,0.36,0.1,0.13,0.02
4884,0.9133333333333331,0.75,0.42,0.11,0.12,0.02
4885,0.9116666666666668,0.69,0.44,0.14,0.16,0.01
4886,0.91,0.58,0.35,0.16,0.23,0.03
4887,0.9116666666666666,0.54,0.3,0.19,0.2,0.07
4888,0.9116666666666664,0.49,0.29,0.15,0.26,0.1
4889,0.8283333333333331,0.43,0.24,0.13,0.29,0.15
4890,0.82,0.46,0.2,0.16,0.24,0.14
4891,0.8383333333333332,0.5,0.2,0.17,0.22,0.11
4892,0.8533333333333332,0.43,0.25,0.25,0.22,0.1
4893,0.8683333333333332,0.4,0.26,0.29,0.22,0.09
4894,0.9016666666666667,0.28,0.22,0.47,0.18,0.07
4895,0.9166666666666665,0.19,0.14,0.52,0.18,0.11
4896,0.9173301415509388,0.17,0.15,0.64,0.13,0.06
4897,0.9377305674223346,0.12,0.12,0.74,0.07,0.07
4898,0.9448882607358167,0.12,0.11,0.73,0.07,0.08
4899,0.6650000000000003,0.08,0.08,0.75,0.04,0.13
4900,0.7266666666666669,0.17,0.16,0.64,0.02,0.17
4901,0.7644690749859849,0.18,0.17,0.6,0.02,0.2
4902,0.7691518107062068,0.24,0.22,0.55,0.03,0.18
4903,0.7607859215303074,0.27,0.27,0.47,0.05,0.21
4904,0.8151547318368609,0.31,0.31,0.38,0.06,0.25
4905,0.8244690749859847,0.31,0.31,0.34,0.08,0.27
4906,0.8727139500388684,0.41,0.41,0.26,0.09,0.24
4907,0.8890587505895172,0.52,0.49,0.18,0.12,0.18
4908,0.896617968791525,0.5,0.47,0.22,0.11,0.17
4909,0.896666666666667,0.52,0.45,0.18,0.14,0.16
4910,0.9000000000000002,0.46,0.37,0.26,0.1,0.18
4911,0.943333333333333,0.57,0.42,0.3,0.05,0.08
4912,0.9666666666666667,0.61,0.44,0.3,0.05,0.04
4913,0.955,0.59,0.4,0.3,0.08,0.03
4914,0.9516666666666664,0.49,0.3,0.4,0.06,0.05
4915,0.9566666666666664,0.34,0.21,0.53,0.08,0.05
4916,0.9283333333333332,0.4,0.23,0.5,0.03,0.07
4917,0.95,0.37,0.22,0.57,0.0,0.06
4918,0.9566666666666666,0.33,0.18,0.62,0.0,0.05
4919,0.7449999999999999,0.3,0.15,0.61,0.03,0.06
4920,0.7983333333333333,0.37,0.23,0.49,0.09,0.05
4921,0.8182878152522693,0.44,0.27,0.47,0.08,0.01
4922,0.8316518717376097,0.45,0.28,0.45,0.09,0.01
4923,0.868333333333333,0.46,0.28,0.41,0.13,0.0
4924,0.8499999999999999,0.46,0.23,0.4,0.13,0.01
4925,0.8883185384042761,0.42,0.28,0.3,0.23,0.05
4926,0.8782878152522686,0.35,0.22,0.35,0.24,0.06
4927,0.8916666666666664,0.4,0.29,0.31,0.22,0.07
4928,0.9100000000000001,0.49,0.36,0.23,0.23,0.05
4929,0.9083333333333333,0.51,0.32,0.2,0.21,0.08
4930,0.9040555256381427,0.42,0.29,0.31,0.16,0.11
4931,0.94,0.4,0.33,0.4,0.14,0.06
4932,0.9383333333333335,0.39,0.29,0.4,0.11,0.1
4933,0.9466666666666664,0.44,0.37,0.37,0.11,0.08
4934,0.9373888589714758,0.39,0.35,0.41,0.09,0.11
4935,0.9440555256381429,0.38,0.35,0.48,0.02,0.12
4936,0.9283591505934864,0.28,0.23,0.54,0.02,0.16
4937,0.9573888589714761,0.24,0.21,0.62,0.01,0.13
4938,0.9567075685267862,0.26,0.21,0.63,0.03,0.08
4939,0.7383333333333334,0.27,0.22,0.59,0.01,0.13
4940,0.7683333333333334,0.38,0.34,0.49,0.0,0.13
4941,0.83,0.5,0.45,0.4,0.01,0.09
4942,0.8166666666666668,0.48,0.44,0.27,0.05,0.2
4943,0.85,0.51,0.44,0.21,0.12,0.16
4944,0.8766666666666665,0.55,0.49,0.19,0.11,0.15
4945,0.8816666666666664,0.56,0.51,0.14,0.12,0.18
4946,0.9049999999999998,0.56,0.51,0.08,0.18,0.18
4947,0.9083333333333334,0.56,0.48,0.05,0.18,0.21
4948,0.9299999999999997,0.59,0.49,0.06,0.15,0.2
4949,0.8916666666666668,0.55,0.46,0.11,0.18,0.16
4950,0.8699999999999999,0.47,0.38,0.19,0.21,0.13
4951,0.89,0.51,0.42,0.21,0.19,0.09
4952,0.9112524296865433,0.48,0.39,0.21,0.17,0.14
4953,0.9041715260397535,0.48,0.4,0.19,0.18,0.15
4954,0.9270906223929635,0.5,0.45,0.22,0.19,0.09
4955,0.9416861041590139,0.48,0.44,0.24,0.16,0.12
4956,0.9358479114525937,0.46,0.39,0.26,0.16,0.12
4957,0.9395954817660502,0.4,0.34,0.35,0.16,0.09
4958,0.9441715260397531,0.38,0.3,0.37,0.16,0.09
4959,0.8083333333333331,0.39,0.33,0.42,0.12,0.07
4960,0.8766666666666667,0.51,0.45,0.29,0.15,0.05
4961,0.8716666666666667,0.53,0.49,0.27,0.1,0.1
4962,0.875,0.52,0.5,0.19,0.14,0.15
4963,0.8966666666666666,0.61,0.52,0.09,0.17,0.13
4964,0.8916666666666666,0.56,0.51,0.1,0.19,0.15
4965,0.8966666666666664,0.56,0.51,0.1,0.17,0.17
4966,0.8916666666666666,0.53,0.48,0.12,0.24,0.11
4967,0.9350000000000002,0.59,0.51,0.08,0.25,0.08
4968,0.8824766704895822,0.48,0.4,0.1,0.29,0.13
4969,0.8750000000000001,0.49,0.41,0.04,0.31,0.16
4970,0.8849999999999999,0.56,0.44,0.02,0.28,0.14
4971,0.9016666666666664,0.61,0.51,0.04,0.22,0.13
4972,0.9300000000000002,0.66,0.59,0.09,0.17,0.08
4973,0.9333333333333329,0.63,0.51,0.12,0.15,0.1
4974,0.9249999999999998,0.66,0.53,0.09,0.16,0.09
4975,0.9333333333333332,0.59,0.46,0.16,0.17,0.08
4976,0.9483333333333331,0.66,0.45,0.15,0.13,0.06
4977,0.9183333333333331,0.57,0.36,0.19,0.14,0.1
4978,0.935,0.52,0.38,0.29,0.12,0.07
4979,0.8016666666666665,0.54,0.41,0.28,0.11,0.07
4980,0.8316666666666667,0.55,0.42,0.22,0.16,0.07
4981,0.8699999999999999,0.55,0.45,0.17,0.21,0.07
4982,0.9216666666666665,0.65,0.54,0.11,0.21,0.03
4983,0.93,0.68,0.56,0.12,0.19,0.01
4984,0.91,0.73,0.6,0.1,0.15,0.02
4985,0.93,0.68,0.55,0.13,0.16,0.03
4986,0.9233333333333333,0.66,0.47,0.11,0.19,0.04
4987,0.935,0.7,0.5,0.09,0.2,0.01
4988,0.9466666666666668,0.64,0.47,0.09,0.26,0.01
4989,0.8700000000000003,0.66,0.49,0.05,0.29,0.0
4990,0.9149999999999998,0.75,0.52,0.09,0.15,0.01
4991,0.9122500409116746,0.76,0.44,0.12,0.12,0.0
4992,0.9544206536395969,0.73,0.34,0.16,0.09,0.02
4993,0.96,0.73,0.28,0.16,0.07,0.04
4994,0.9555833742450077,0.73,0.3,0.19,0.08,0.0
4995,0.9561667484900153,0.73,0.36,0.19,0.08,0.0
4996,0.9583333333333333,0.7,0.39,0.21,0.08,0.01
4997,0.9505833742450078,0.54,0.25,0.31,0.09,0.06
4998,0.9405833742450078,0.49,0.2,0.36,0.09,0.06
4999,0.8049999999999998,0.45,0.15,0.33,0.14,0.08
5000,0.87,0.52,0.16,0.2,0.23,0.05
5001,0.8966666666666666,0.63,0.18,0.08,0.22,0.07
5002,0.9066666666666667,0.61,0.16,0.09,0.25,0.05
5003,0.9499999999999998,0.55,0.12,0.09,0.32,0.04
5004,0.9133333333333334,0.49,0.11,0.07,0.38,0.06
5005,0.9516666666666664,0.46,0.1,0.02,0.5,0.02
5006,0.9783333333333333,0.42,0.12,0.02,0.52,0.04
5007,0.9633333333333333,0.39,0.09,0.05,0.53,0.03
5008,0.9633333333333333,0.35,0.11,0.05,0.56,0.04
5009,0.7849999999999997,0.31,0.16,0.08,0.57,0.04
5010,0.8427148290349661,0.47,0.28,0.06,0.43,0.04
5011,0.8893814957016324,0.61,0.32,0.07,0.25,0.07
5012,0.9291232099119908,0.67,0.37,0.12,0.1,0.11
5013,0.9309328059112373,0.69,0.36,0.14,0.09,0.08
5014,0.9341232099119909,0.67,0.33,0.15,0.11,0.07
5015,0.9416666666666665,0.67,0.33,0.18,0.09,0.06
5016,0.9479759893208168,0.62,0.33,0.21,0.1,0.07
5017,0.9483870837629592,0.65,0.31,0.22,0.06,0.07
5018,0.9616666666666667,0.67,0.27,0.16,0.12,0.05
5019,0.8166666666666665,0.68,0.25,0.13,0.14,0.05
5020,0.8649999999999999,0.65,0.32,0.1,0.17,0.08
5021,0.9,0.64,0.31,0.07,0.17,0.12
5022,0.9199999999999998,0.63,0.29,0.08,0.22,0.07
5023,0.9366666666666668,0.61,0.28,0.08,0.24,0.07
5024,0.9183333333333333,0.63,0.2,0.12,0.22,0.03
5025,0.9016666666666667,0.57,0.1,0.13,0.26,0.04
5026,0.9033333333333333,0.52,0.07,0.12,0.33,0.03
5027,0.9083333333333334,0.53,0.09,0.08,0.38,0.01
5028,0.9333333333333332,0.5,0.06,0.05,0.42,0.03
5029,0.8449999999999998,0.48,0.07,0.03,0.43,0.06
5030,0.8616666666666665,0.5,0.06,0.07,0.38,0.05
5031,0.8716666666666665,0.4,0.06,0.11,0.41,0.08
5032,0.876666666666667,0.43,0.05,0.11,0.38,0.08
5033,0.9033333333333331,0.43,0.05,0.13,0.37,0.07
5034,0.8866666666666668,0.41,0.05,0.08,0.47,0.04
5035,0.8949999999999996,0.38,0.02,0.13,0.42,0.07
5036,0.9099999999999998,0.44,0.03,0.17,0.31,0.08
5037,0.9133333333333334,0.36,0.01,0.27,0.27,0.1
5038,0.9033333333333331,0.38,0.01,0.3,0.2,0.12
5039,0.705,0.38,0.01,0.34,0.12,0.16
5040,0.7794092906281261,0.42,0.01,0.3,0.17,0.11
5041,0.8027426239614596,0.41,0.01,0.25,0.23,0.11
5042,0.8394092906281263,0.42,0.04,0.21,0.28,0.09
5043,0.9044809396930744,0.42,0.04,0.13,0.35,0.1
5044,0.9150373506222964,0.42,0.01,0.14,0.37,0.07
5045,0.9253280780368972,0.4,0.01,0.1,0.38,0.12
5046,0.902332077283133,0.35,0.01,0.11,0.43,0.11
5047,0.926561205217712,0.36,0.05,0.09,0.47,0.08
5048,0.9398945385510454,0.37,0.03,0.1,0.46,0.07
5049,0.8366666666666671,0.47,0.04,0.09,0.38,0.06
5050,0.8416666666666665,0.53,0.05,0.11,0.3,0.06
5051,0.8799999999999999,0.48,0.03,0.2,0.26,0.06
5052,0.9016666666666668,0.54,0.06,0.24,0.15,0.07
5053,0.9063526615498684,0.48,0.06,0.3,0.09,0.13
5054,0.9196859948832019,0.49,0.06,0.3,0.09,0.12
5055,0.9266666666666667,0.54,0.1,0.29,0.09,0.08
5056,0.9038651396211534,0.4,0.07,0.39,0.16,0.05
5057,0.9238651396211536,0.37,0.06,0.44,0.1,0.09
5058,0.9364356305342256,0.39,0.08,0.44,0.1,0.07
5059,0.69,0.37,0.07,0.51,0.07,0.05
5060,0.7933333333333333,0.47,0.11,0.37,0.1,0.06
5061,0.8599999999999998,0.49,0.11,0.23,0.21,0.07
5062,0.9166666666666665,0.56,0.18,0.16,0.25,0.03
5063,0.945,0.58,0.17,0.12,0.3,0.0
5064,0.9349999999999998,0.52,0.16,0.13,0.34,0.01
5065,0.9334860478122754,0.46,0.19,0.09,0.43,0.02
5066,0.95,0.47,0.24,0.1,0.4,0.03
5067,0.9433333333333336,0.57,0.29,0.06,0.31,0.06
5068,0.9284860478122751,0.55,0.17,0.08,0.33,0.04
5069,0.8116666666666669,0.51,0.14,0.08,0.37,0.04
5070,0.82,0.41,0.1,0.14,0.39,0.06
5071,0.8533333333333334,0.46,0.2,0.15,0.29,0.1
5072,0.8466666666666671,0.44,0.12,0.16,0.32,0.08
5073,0.8633333333333334,0.51,0.07,0.2,0.23,0.06
5074,0.8766666666666668,0.42,0.07,0.29,0.18,0.11
5075,0.9083333333333335,0.4,0.06,0.36,0.16,0.08
5076,0.93,0.31,0.04,0.46,0.15,0.08
5077,0.9083333333333335,0.29,0.03,0.53,0.11,0.07
5078,0.9414426498438816,0.29,0.06,0.56,0.1,0.05
5079,0.6883333333333335,0.35,0.09,0.54,0.08,0.03
5080,0.7383333333333333,0.48,0.12,0.43,0.04,0.05
5081,0.8116666666666665,0.59,0.16,0.36,0.04,0.01
5082,0.87,0.62,0.16,0.26,0.12,0.0
5083,0.915,0.6,0.18,0.18,0.22,0.0
5084,0.945,0.63,0.15,0.06,0.3,0.01
5085,0.955,0.63,0.14,0.04,0.33,0.0
5086,0.9466666666666665,0.66,0.17,0.03,0.29,0.02
5087,0.9766666666666667,0.63,0.14,0.03,0.32,0.02
5088,0.9533333333333335,0.6,0.13,0.03,0.35,0.02
5089,0.886666666666667,0.62,0.14,0.04,0.33,0.01
5090,0.91,0.6,0.17,0.08,0.31,0.01
5091,0.901666666666667,0.59,0.14,0.11,0.25,0.05
5092,0.8883329342862956,0.55,0.15,0.12,0.27,0.06
5093,0.8955587574008831,0.47,0.11,0.23,0.26,0.04
5094,0.8900000000000002,0.46,0.07,0.25,0.25,0.04
5095,0.9033333333333335,0.5,0.06,0.3,0.16,0.04
5096,0.9233333333333336,0.48,0.04,0.3,0.15,0.07
5097,0.8983333333333338,0.48,0.03,0.29,0.15,0.08
5098,0.9233333333333335,0.44,0.04,0.37,0.14,0.05
5099,0.6966666666666668,0.42,0.02,0.43,0.12,0.03
5100,0.7833333333333331,0.48,0.05,0.34,0.15,0.03
5101,0.8265142802304247,0.52,0.06,0.24,0.21,0.03
5102,0.8383333333333333,0.59,0.05,0.16,0.19,0.06
5103,0.8699999999999999,0.62,0.07,0.11,0.2,0.07
5104,0.9183333333333331,0.61,0.04,0.07,0.25,0.07
5105,0.9049999999999998,0.56,0.07,0.08,0.25,0.11
5106,0.8966666666666664,0.48,0.05,0.1,0.34,0.08
5107,0.8916666666666667,0.43,0.07,0.13,0.36,0.08
5108,0.8866666666666664,0.38,0.07,0.14,0.37,0.11
5109,0.87,0.49,0.03,0.09,0.34,0.08
5110,0.9000000000000001,0.51,0.03,0.16,0.3,0.03
5111,0.9233333333333333,0.54,0.05,0.19,0.19,0.08
5112,0.9266666666666664,0.55,0.01,0.24,0.14,0.07
5113,0.9250000000000002,0.49,0.01,0.26,0.18,0.07
5114,0.9466666666666665,0.46,0.01,0.36,0.09,0.09
5115,0.9433333333333332,0.47,0.01,0.39,0.05,0.09
5116,0.9633333333333336,0.52,0.02,0.41,0.03,0.04
5117,0.9649999999999999,0.4,0.0,0.54,0.05,0.01
5118,0.9583333333333335,0.38,0.0,0.58,0.03,0.01
5119,0.7366666666666666,0.43,0.0,0.53,0.04,0.0
5120,0.8083333333333335,0.63,0.0,0.28,0.07,0.02
5121,0.826666666666667,0.65,0.0,0.25,0.06,0.04
5122,0.8433333333333333,0.54,0.0,0.31,0.12,0.03
5123,0.835,0.58,0.0,0.29,0.1,0.03
5124,0.8533333333333334,0.58,0.0,0.25,0.13,0.04
5125,0.9116666666666667,0.53,0.0,0.13,0.22,0.12
5126,0.92,0.57,0.0,0.08,0.25,0.1
5127,0.9066666666666666,0.55,0.0,0.1,0.26,0.09
5128,0.9033333333333333,0.55,0.0,0.1,0.26,0.09
5129,0.8066666666666664,0.48,0.0,0.09,0.37,0.06
5130,0.8750000000000001,0.58,0.0,0.09,0.27,0.06
5131,0.9166666666666669,0.62,0.01,0.17,0.17,0.04
5132,0.8983333333333335,0.63,0.0,0.16,0.17,0.04
5133,0.9266666666666669,0.65,0.0,0.21,0.1,0.04
5134,0.9466666666666665,0.66,0.0,0.24,0.06,0.04
5135,0.9383333333333337,0.61,0.0,0.27,0.07,0.05
5136,0.9416666666666669,0.56,0.0,0.27,0.1,0.07
5137,0.9516666666666665,0.63,0.0,0.23,0.08,0.06
5138,0.9499999999999998,0.68,0.01,0.15,0.12,0.05
5139,0.8583333333333333,0.66,0.01,0.18,0.11,0.05
5140,0.9004467268628161,0.72,0.01,0.1,0.14,0.04
5141,0.8667630499269703,0.7,0.02,0.14,0.14,0.02
5142,0.8645474149040386,0.72,0.0,0.17,0.09,0.02
5143,0.8634746170506336,0.66,0.0,0.16,0.13,0.05
5144,0.9005669676474146,0.73,0.01,0.18,0.08,0.01
5145,0.9055669676474147,0.69,0.02,0.15,0.13,0.03
5146,0.9001202407845983,0.64,0.01,0.18,0.14,0.04
5147,0.8875601203922991,0.64,0.03,0.14,0.16,0.06
5148,0.9187800601961496,0.67,0.04,0.09,0.2,0.04
5149,0.9449999999999997,0.7,0.07,0.08,0.21,0.01
5150,0.9275425737633191,0.73,0.08,0.05,0.21,0.01
5151,0.9433333333333332,0.7,0.06,0.08,0.21,0.01
5152,0.9316666666666664,0.69,0.05,0.06,0.24,0.01
5153,0.9442092404299858,0.75,0.08,0.08,0.16,0.01
5154,0.9399999999999998,0.73,0.08,0.08,0.15,0.04
5155,0.9516666666666667,0.72,0.06,0.14,0.11,0.03
5156,0.9645399166320446,0.71,0.03,0.17,0.08,0.04
5157,0.9472331016319295,0.71,0.03,0.18,0.07,0.04
5158,0.9375531757986537,0.7,0.02,0.15,0.12,0.03
5159,0.81,0.62,0.03,0.26,0.1,0.02
5160,0.9116666666666667,0.71,0.09,0.11,0.15,0.03
5161,0.9166666666666667,0.73,0.07,0.08,0.17,0.02
5162,0.9132652013965747,0.72,0.08,0.1,0.15,0.03
5163,0.9231970694598162,0.69,0.07,0.12,0.14,0.05
5164,0.9215985347299082,0.72,0.06,0.08,0.18,0.02
5165,0.9216666666666667,0.71,0.04,0.06,0.2,0.03
5166,0.9466666666666664,0.7,0.04,0.03,0.23,0.04
5167,0.945,0.66,0.03,0.06,0.25,0.03
5168,0.9250096050562098,0.67,0.05,0.09,0.22,0.02
5169,0.9033333333333339,0.6,0.04,0.17,0.2,0.03
5170,0.9333333333333331,0.7,0.05,0.17,0.11,0.02
5171,0.941666666666667,0.77,0.05,0.1,0.1,0.03
5172,0.9500000000000003,0.7,0.03,0.19,0.11,0.0
5173,0.9333333333333335,0.63,0.05,0.21,0.14,0.02
5174,0.9466666666666668,0.59,0.04,0.26,0.13,0.02
5175,0.9433333333333332,0.59,0.07,0.25,0.12,0.04
5176,0.9416666666666669,0.63,0.03,0.22,0.08,0.07
5177,0.9366666666666668,0.59,0.01,0.22,0.09,0.1
5178,0.9483333333333333,0.57,0.0,0.25,0.08,0.1
5179,0.7166666666666666,0.55,0.0,0.29,0.07,0.09
5180,0.7516666666666667,0.52,0.0,0.36,0.08,0.04
5181,0.8049999999999998,0.6,0.01,0.25,0.12,0.03
5182,0.8666666666666668,0.63,0.02,0.22,0.15,0.0
5183,0.8516666666666666,0.58,0.0,0.2,0.21,0.01
5184,0.8811933126427111,0.59,0.0,0.15,0.23,0.03
5185,0.9033333333333331,0.59,0.0,0.14,0.25,0.02
5186,0.8933333333333331,0.53,0.0,0.15,0.3,0.02
5187,0.8966666666666666,0.47,0.0,0.14,0.36,0.03
5188,0.9083333333333334,0.55,0.0,0.1,0.3,0.05
5189,0.87,0.51,0.01,0.12,0.3,0.07
5190,0.8783333333333334,0.59,0.03,0.08,0.25,0.08
5191,0.9249999999999997,0.6,0.04,0.13,0.2,0.07
5192,0.8849999999999997,0.48,0.02,0.23,0.22,0.07
5193,0.895,0.46,0.0,0.26,0.22,0.06
5194,0.9183333333333331,0.44,0.0,0.32,0.16,0.08
5195,0.9233333333333336,0.37,0.01,0.43,0.11,0.09
5196,0.9349999999999998,0.35,0.02,0.43,0.11,0.11
5197,0.9233333333333335,0.39,0.0,0.41,0.13,0.07
5198,0.9416666666666669,0.39,0.0,0.47,0.1,0.04
5199,0.6866666666666668,0.42,0.01,0.46,0.08,0.04
5200,0.7283333333333334,0.36,0.01,0.42,0.13,0.09
5201,0.7871727591139756,0.4,0.03,0.39,0.12,0.09
5202,0.7554694841422799,0.42,0.03,0.34,0.14,0.1
5203,0.8183333333333335,0.41,0.04,0.33,0.17,0.09
5204,0.8199999999999998,0.33,0.02,0.32,0.19,0.16
5205,0.8421361508089459,0.3,0.0,0.25,0.28,0.17
5206,0.8649999999999998,0.29,0.02,0.2,0.33,0.18
5207,0.835,0.22,0.02,0.24,0.32,0.22
5208,0.837746515520736,0.2,0.03,0.3,0.29,0.21
5209,0.8083333333333332,0.16,0.04,0.34,0.36,0.14
5210,0.8183333333333331,0.19,0.03,0.36,0.26,0.19
5211,0.835,0.2,0.04,0.35,0.21,0.24
5212,0.8516666666666667,0.17,0.05,0.44,0.17,0.22
5213,0.9216666666666664,0.29,0.09,0.48,0.08,0.15
5214,0.9250000000000002,0.29,0.09,0.54,0.09,0.08
5215,0.9333333333333335,0.34,0.05,0.54,0.07,0.05
5216,0.9400000000000002,0.3,0.08,0.6,0.04,0.06
5217,0.9316666666666668,0.28,0.08,0.64,0.0,0.08
5218,0.9320982428078934,0.22,0.04,0.72,0.0,0.06
5219,0.7183333333333334,0.27,0.08,0.65,0.01,0.07
5220,0.7316666666666667,0.28,0.11,0.62,0.0,0.1
5221,0.7966666666666667,0.31,0.13,0.56,0.01,0.12
5222,0.7866666666666668,0.28,0.06,0.55,0.03,0.14
5223,0.8062097015848111,0.26,0.04,0.55,0.07,0.12
5224,0.8186291047544334,0.19,0.01,0.48,0.18,0.15
5225,0.8413792966979062,0.21,0.01,0.4,0.25,0.14
5226,0.8755514851426431,0.29,0.01,0.35,0.26,0.1
5227,0.8695430349181446,0.32,0.02,0.32,0.28,0.08
5228,0.8995430349181446,0.3,0.0,0.31,0.3,0.09
5229,0.8633333333333336,0.36,0.0,0.29,0.32,0.03
5230,0.8575902176286456,0.32,0.0,0.36,0.28,0.04
5231,0.8783333333333332,0.3,0.0,0.44,0.23,0.03
5232,0.8949383333478597,0.36,0.0,0.39,0.21,0.04
5233,0.8845080688103373,0.35,0.01,0.43,0.16,0.06
5234,0.9116666666666668,0.38,0.02,0.45,0.08,0.09
5235,0.9300000000000002,0.45,0.01,0.45,0.06,0.04
5236,0.9333333333333335,0.48,0.01,0.43,0.07,0.02
5237,0.9399999999999998,0.48,0.0,0.46,0.04,0.02
5238,0.9533333333333333,0.51,0.0,0.41,0.04,0.04
5239,0.7450000000000001,0.42,0.0,0.48,0.03,0.07
5240,0.8116666666666664,0.49,0.0,0.31,0.04,0.16
5241,0.8433333333333333,0.51,0.01,0.34,0.05,0.1
5242,0.845,0.61,0.04,0.28,0.04,0.07
5243,0.8799999999999999,0.58,0.05,0.27,0.08,0.07
5244,0.8383333333333334,0.58,0.02,0.27,0.08,0.07
5245,0.8666666666666667,0.59,0.01,0.21,0.1,0.1
5246,0.8999999999999999,0.63,0.02,0.16,0.15,0.06
5247,0.8912360886516089,0.59,0.03,0.14,0.2,0.07
5248,0.9216666666666665,0.53,0.04,0.19,0.27,0.01
5249,0.8766666666666667,0.53,0.06,0.18,0.25,0.04
5250,0.8999999999999997,0.48,0.03,0.23,0.26,0.03
5251,0.9116666666666666,0.51,0.03,0.25,0.23,0.01
5252,0.9183333333333333,0.44,0.01,0.34,0.22,0.0
5253,0.9266666666666665,0.38,0.03,0.43,0.19,0.0
5254,0.9683333333333334,0.44,0.02,0.47,0.08,0.01
5255,0.9480287983200013,0.4,0.03,0.47,0.1,0.03
5256,0.9580287983200013,0.42,0.02,0.51,0.05,0.02
5257,0.9693187739773479,0.5,0.01,0.44,0.04,0.02
5258,0.9843187739773479,0.6,0.04,0.37,0.03,0.0
5259,0.8066666666666665,0.61,0.06,0.33,0.06,0.0
5260,0.8683333333333333,0.68,0.05,0.22,0.07,0.03
5261,0.8870414733101556,0.67,0.05,0.16,0.12,0.05
5262,0.8670414733101554,0.7,0.1,0.12,0.08,0.1
5263,0.9053748066434889,0.64,0.1,0.15,0.13,0.08
5264,0.8783333333333332,0.59,0.05,0.17,0.17,0.07
5265,0.911986635971242,0.53,0.05,0.21,0.2,0.06
5266,0.9166666666666664,0.55,0.02,0.15,0.22,0.08
5267,0.9253748066434886,0.58,0.02,0.14,0.22,0.06
5268,0.9089800926565378,0.57,0.02,0.14,0.22,0.07
5269,0.9,0.57,0.01,0.15,0.22,0.06
5270,0.905,0.65,0.01,0.16,0.14,0.05
5271,0.9206165186554433,0.68,0.01,0.19,0.07,0.06
5272,0.9479702031265616,0.66,0.02,0.24,0.04,0.06
5273,0.9616666666666666,0.7,0.02,0.19,0.06,0.05
5274,0.965,0.62,0.01,0.26,0.08,0.04
5275,0.9639498519887766,0.58,0.0,0.28,0.1,0.04
5276,0.9439498519887767,0.54,0.0,0.24,0.14,0.08
5277,0.952970203126561,0.48,0.01,0.32,0.15,0.05
5278,0.9566666666666667,0.49,0.02,0.34,0.13,0.04
5279,0.7916666666666669,0.45,0.02,0.34,0.15,0.06
5280,0.8333333333333333,0.51,0.03,0.24,0.19,0.06
5281,0.890425658259971,0.56,0.06,0.2,0.21,0.03
5282,0.910425658259971,0.62,0.1,0.19,0.18,0.01
5283,0.9320923249266376,0.61,0.09,0.14,0.21,0.04
5284,0.9102207233517149,0.55,0.07,0.17,0.24,0.04
5285,0.9127027401651064,0.53,0.08,0.15,0.29,0.03
5286,0.9070923249266373,0.45,0.04,0.19,0.34,0.02
5287,0.8958513165199414,0.4,0.03,0.2,0.37,0.03
5288,0.8999999999999999,0.39,0.02,0.18,0.35,0.08
5289,0.8666666666666667,0.48,0.0,0.1,0.32,0.1
5290,0.875,0.47,0.0,0.13,0.33,0.07
5291,0.8866666666666672,0.5,0.0,0.15,0.27,0.08
5292,0.885,0.49,0.0,0.15,0.23,0.13
5293,0.917930047515831,0.53,0.01,0.22,0.12,0.13
5294,0.9249024832203971,0.56,0.0,0.26,0.08,0.1
5295,0.9345401647418379,0.62,0.0,0.22,0.1,0.06
5296,0.9365603800789067,0.62,0.0,0.2,0.1,0.08
5297,0.9475267616983283,0.61,0.0,0.24,0.11,0.04
5298,0.9479300475158309,0.56,0.0,0.29,0.1,0.05
5299,0.765,0.48,0.0,0.38,0.07,0.07
5300,0.8416666666666666,0.61,0.0,0.26,0.1,0.03
5301,0.8649999999999999,0.64,0.0,0.21,0.13,0.02
5302,0.8919584623755975,0.62,0.0,0.2,0.15,0.03
5303,0.87,0.65,0.0,0.16,0.16,0.03
5304,0.9216666666666665,0.7,0.0,0.11,0.18,0.01
5305,0.9199999999999998,0.61,0.0,0.11,0.24,0.04
5306,0.9099999999999998,0.64,0.0,0.1,0.21,0.05
5307,0.9036251290422641,0.59,0.0,0.14,0.21,0.06
5308,0.9005835914178613,0.55,0.01,0.11,0.3,0.04
5309,0.8716666666666663,0.53,0.02,0.11,0.32,0.04
5310,0.8850000000000001,0.51,0.02,0.13,0.31,0.05
5311,0.8866666666666666,0.52,0.01,0.21,0.24,0.03
5312,0.9083333333333333,0.56,0.01,0.25,0.12,0.07
5313,0.9,0.53,0.02,0.25,0.14,0.08
5314,0.9063005997950023,0.48,0.01,0.3,0.1,0.12
5315,0.9050000000000002,0.46,0.0,0.31,0.11,0.12
5316,0.9183333333333334,0.49,0.0,0.3,0.14,0.07
5317,0.885,0.43,0.0,0.33,0.15,0.09
5318,0.9233333333333335,0.44,0.0,0.36,0.09,0.11
5319,0.7316666666666666,0.45,0.0,0.39,0.09,0.07
5320,0.7833333333333334,0.45,0.0,0.34,0.13,0.08
5321,0.8,0.52,0.0,0.29,0.15,0.04
5322,0.8483333333333332,0.53,0.01,0.23,0.19,0.05
5323,0.8583333333333334,0.5,0.01,0.2,0.17,0.13
5324,0.8716666666666666,0.62,0.0,0.12,0.17,0.09
5325,0.8783333333333334,0.56,0.0,0.13,0.19,0.12
5326,0.8683333333333333,0.5,0.0,0.14,0.21,0.15
5327,0.8783333333333332,0.5,0.0,0.15,0.26,0.09
5328,0.8983333333333333,0.49,0.0,0.12,0.29,0.1
5329,0.8400000000000002,0.41,0.0,0.12,0.37,0.1
5330,0.8450000000000003,0.43,0.0,0.14,0.32,0.11
5331,0.8733333333333335,0.49,0.0,0.15,0.24,0.12
5332,0.851666666666667,0.48,0.0,0.17,0.21,0.14
5333,0.8733333333333334,0.47,0.01,0.2,0.21,0.12
5334,0.9033333333333333,0.43,0.03,0.32,0.19,0.06
5335,0.9233333333333333,0.46,0.04,0.3,0.17,0.07
5336,0.926946270017799,0.57,0.09,0.19,0.14,0.1
5337,0.9566666666666666,0.61,0.1,0.24,0.09,0.06
5338,0.9583333333333333,0.62,0.16,0.24,0.08,0.06
5339,0.7266666666666666,0.56,0.13,0.29,0.11,0.04
5340,0.7966666666666665,0.51,0.15,0.22,0.18,0.09
5341,0.8566666666666665,0.5,0.18,0.2,0.18,0.12
5342,0.855,0.56,0.23,0.13,0.16,0.15
5343,0.9,0.66,0.23,0.1,0.12,0.12
5344,0.8500000000000001,0.64,0.25,0.12,0.13,0.11
5345,0.8499999999999998,0.5,0.28,0.19,0.18,0.13
5346,0.8833333333333333,0.58,0.32,0.08,0.19,0.15
5347,0.8999999999999999,0.57,0.33,0.11,0.2,0.12
5348,0.9049999999999998,0.41,0.24,0.06,0.31,0.22
5349,0.8216666666666665,0.37,0.31,0.04,0.36,0.23
5350,0.8600000000000004,0.45,0.34,0.11,0.24,0.2
5351,0.8883333333333335,0.52,0.36,0.13,0.19,0.16
5352,0.8983201122245904,0.5,0.3,0.15,0.25,0.1
5353,0.8966534455579239,0.48,0.27,0.22,0.2,0.1
5354,0.8983201122245904,0.42,0.25,0.27,0.22,0.09
5355,0.8999867788912573,0.41,0.21,0.24,0.25,0.1
5356,0.8949999999999996,0.44,0.23,0.21,0.23,0.12
5357,0.891653445557924,0.38,0.18,0.23,0.24,0.15
5358,0.8866534455579236,0.36,0.18,0.26,0.23,0.15
5359,0.6766666666666664,0.4,0.25,0.34,0.14,0.12
5360,0.8249999999999998,0.5,0.44,0.23,0.13,0.14
5361,0.8699999999999997,0.59,0.55,0.14,0.1,0.17
5362,0.895,0.71,0.66,0.11,0.06,0.12
5363,0.9166666666666667,0.74,0.69,0.08,0.11,0.07
5364,0.9383333333333332,0.69,0.6,0.04,0.23,0.04
5365,0.9399999999999998,0.66,0.57,0.04,0.2,0.1
5366,0.9297266900084362,0.66,0.56,0.07,0.13,0.14
5367,0.9366666666666665,0.66,0.56,0.08,0.11,0.15
5368,0.938333333333333,0.68,0.56,0.08,0.13,0.11
5369,0.9033333333333334,0.73,0.59,0.04,0.14,0.09
5370,0.9116666666666668,0.71,0.61,0.03,0.2,0.06
5371,0.9226855079179317,0.78,0.65,0.06,0.08,0.08
5372,0.9383333333333332,0.85,0.7,0.03,0.07,0.05
5373,0.9416666666666669,0.79,0.66,0.08,0.08,0.05
5374,0.9526855079179319,0.78,0.67,0.13,0.07,0.02
5375,0.9485143268838095,0.75,0.64,0.16,0.06,0.03
5376,0.9510188412512653,0.72,0.57,0.19,0.06,0.03
5377,0.966847660217143,0.65,0.54,0.27,0.06,0.02
5378,0.9460188412512651,0.63,0.53,0.29,0.05,0.03
5379,0.83,0.67,0.57,0.25,0.03,0.05
5380,0.8666666666666667,0.8,0.66,0.12,0.04,0.04
5381,0.9083333333333333,0.82,0.62,0.09,0.06,0.03
5382,0.8919784608365983,0.81,0.54,0.1,0.06,0.03
5383,0.9316666666666668,0.85,0.61,0.07,0.03,0.05
5384,0.9483333333333331,0.87,0.6,0.05,0.05,0.03
5385,0.9249999999999998,0.86,0.48,0.1,0.01,0.03
5386,0.9083333333333334,0.83,0.48,0.1,0.05,0.02
5387,0.8913647015652226,0.81,0.48,0.12,0.01,0.06
5388,0.9433333333333331,0.83,0.48,0.04,0.04,0.09
5389,0.9233333333333337,0.79,0.37,0.05,0.08,0.08
5390,0.93,0.74,0.35,0.1,0.14,0.02
5391,0.9566666666666666,0.81,0.46,0.11,0.07,0.01
5392,0.9450000000000002,0.77,0.4,0.16,0.07,0.0
5393,0.9613111622347372,0.62,0.3,0.28,0.07,0.03
5394,0.9581371063796178,0.57,0.27,0.34,0.07,0.02
5395,0.9483076317693218,0.57,0.29,0.33,0.05,0.05
5396,0.9354408829591399,0.44,0.26,0.37,0.1,0.09
5397,0.9331494218674041,0.38,0.2,0.39,0.14,0.09
5398,0.918429959772034,0.34,0.19,0.35,0.14,0.17
5399,0.7300000000000003,0.34,0.16,0.33,0.12,0.21
5400,0.7933333333333333,0.44,0.24,0.21,0.12,0.23
5401,0.7883333333333333,0.4,0.23,0.22,0.16,0.22
5402,0.7799999999999997,0.4,0.22,0.18,0.18,0.24
5403,0.830410105323641,0.45,0.22,0.12,0.26,0.17
5404,0.8616666666666668,0.43,0.23,0.11,0.26,0.2
5405,0.8616666666666662,0.33,0.16,0.1,0.37,0.2
5406,0.8670767719903075,0.35,0.18,0.06,0.38,0.21
5407,0.8458483003988058,0.34,0.14,0.06,0.39,0.21
5408,0.8683333333333333,0.25,0.1,0.09,0.48,0.18
5409,0.8033333333333332,0.25,0.09,0.05,0.49,0.21
5410,0.84,0.36,0.12,0.06,0.39,0.19
5411,0.84,0.39,0.09,0.11,0.36,0.14
5412,0.8349999999999999,0.36,0.08,0.14,0.29,0.21
5413,0.8466666666666667,0.33,0.08,0.19,0.27,0.21
5414,0.8666666666666666,0.41,0.07,0.2,0.18,0.21
5415,0.8733333333333333,0.37,0.07,0.23,0.15,0.25
5416,0.8616666666666665,0.32,0.06,0.29,0.11,0.28
5417,0.8708451476040969,0.31,0.08,0.3,0.09,0.3
5418,0.9097883164528242,0.3,0.05,0.43,0.05,0.22
5419,0.7083333333333336,0.29,0.05,0.46,0.04,0.21
5420,0.7116666666666666,0.25,0.09,0.4,0.1,0.25
5421,0.7516666666666667,0.23,0.11,0.39,0.11,0.27
5422,0.82,0.23,0.14,0.32,0.18,0.27
5423,0.8233333333333333,0.29,0.16,0.24,0.22,0.25
5424,0.8351086049844215,0.32,0.14,0.19,0.27,0.22
5425,0.8851086049844216,0.39,0.15,0.12,0.29,0.2
5426,0.8801086049844217,0.29,0.14,0.11,0.39,0.21
5427,0.9233333333333331,0.3,0.16,0.09,0.4,0.21
5428,0.9049999999999997,0.2,0.08,0.1,0.51,0.19
5429,0.7800000000000001,0.2,0.1,0.1,0.51,0.19
5430,0.7916666666666667,0.26,0.11,0.1,0.43,0.21
5431,0.8316666666666666,0.37,0.17,0.14,0.31,0.18
5432,0.8283333333333336,0.34,0.17,0.15,0.31,0.2
5433,0.8383333333333333,0.34,0.2,0.13,0.34,0.19
5434,0.835,0.31,0.21,0.24,0.26,0.19
5435,0.8583333333333336,0.35,0.26,0.23,0.2,0.22
5436,0.8649999999999999,0.41,0.28,0.26,0.13,0.2
5437,0.8833333333333335,0.36,0.21,0.31,0.1,0.23
5438,0.88,0.4,0.18,0.24,0.12,0.24
5439,0.8149999999999998,0.45,0.18,0.23,0.17,0.15
5440,0.8416666666666666,0.44,0.15,0.15,0.24,0.17
5441,0.8633333333333333,0.4,0.18,0.17,0.31,0.12
5442,0.9016666666666666,0.46,0.22,0.15,0.31,0.08
5443,0.9083333333333333,0.44,0.21,0.13,0.33,0.1
5444,0.915,0.47,0.2,0.07,0.33,0.13
5445,0.9566666666666666,0.51,0.22,0.03,0.35,0.11
5446,0.9583333333333331,0.51,0.21,0.02,0.37,0.1
5447,0.9283333333333335,0.43,0.19,0.04,0.36,0.17
5448,0.9349999999999998,0.43,0.15,0.05,0.35,0.17
5449,0.8316666666666669,0.48,0.17,0.04,0.35,0.13
5450,0.8355380175785007,0.44,0.16,0.06,0.31,0.19
5451,0.8724555920506225,0.5,0.19,0.06,0.23,0.21
5452,0.8899562653767533,0.59,0.29,0.05,0.19,0.17
5453,0.8861635044034959,0.59,0.29,0.09,0.15,0.17
5454,0.907411857427376,0.62,0.27,0.14,0.08,0.16
5455,0.9093180487942992,0.66,0.28,0.09,0.04,0.21
5456,0.917183954247096,0.65,0.3,0.11,0.04,0.2
5457,0.9231174440499725,0.64,0.32,0.16,0.01,0.19
5458,0.9287687875994508,0.56,0.2,0.25,0.04,0.15
5459,0.8583333333333333,0.53,0.18,0.26,0.06,0.15
5460,0.8749999999999999,0.52,0.21,0.24,0.06,0.18
5461,0.8816666666666666,0.46,0.22,0.24,0.11,0.19
5462,0.9016666666666666,0.47,0.24,0.28,0.12,0.13
5463,0.9133333333333331,0.42,0.23,0.22,0.2,0.16
5464,0.9133333333333333,0.39,0.24,0.2,0.24,0.17
5465,0.9078234919482057,0.39,0.2,0.22,0.26,0.13
5466,0.8912939858233666,0.29,0.15,0.24,0.29,0.18
5467,0.9163205158444652,0.24,0.1,0.17,0.38,0.21
5468,0.9146538491777986,0.21,0.08,0.11,0.5,0.18
5469,0.7166666666666666,0.23,0.1,0.09,0.49,0.19
5470,0.7683333333333333,0.2,0.07,0.11,0.43,0.26
5471,0.8007066107113233,0.22,0.1,0.17,0.4,0.21
5472,0.8307066107113233,0.18,0.04,0.3,0.32,0.2
5473,0.8380798880893131,0.16,0.07,0.32,0.32,0.2
5474,0.8316666666666664,0.14,0.05,0.41,0.2,0.25
5475,0.8697465547559797,0.18,0.06,0.41,0.14,0.27
5476,0.8528264428452936,0.18,0.09,0.38,0.15,0.29
5477,0.8787327737798999,0.15,0.07,0.39,0.14,0.32
5478,0.8791859392472036,0.19,0.11,0.35,0.1,0.36
5479,0.7016666666666665,0.2,0.13,0.33,0.1,0.37
5480,0.7266666666666666,0.21,0.12,0.34,0.12,0.33
5481,0.7966666666666667,0.24,0.14,0.3,0.19,0.27
5482,0.8300000000000002,0.24,0.17,0.22,0.26,0.28
5483,0.8566666666666666,0.23,0.16,0.21,0.35,0.21
5484,0.8816666666666667,0.23,0.16,0.21,0.39,0.17
5485,0.8883333333333334,0.24,0.12,0.17,0.42,0.17
5486,0.908333333333333,0.18,0.07,0.14,0.53,0.15
5487,0.9216666666666663,0.17,0.08,0.12,0.63,0.08
5488,0.9316666666666665,0.15,0.04,0.15,0.62,0.08
5489,0.7699999999999997,0.15,0.02,0.09,0.63,0.13
5490,0.8,0.23,0.05,0.05,0.61,0.11
5491,0.8066666666666669,0.32,0.04,0.04,0.46,0.18
5492,0.8433333333333332,0.36,0.06,0.09,0.35,0.2
5493,0.8856417036991922,0.44,0.07,0.15,0.28,0.13
5494,0.8649999999999999,0.39,0.05,0.21,0.28,0.12
5495,0.8750000000000004,0.37,0.04,0.15,0.31,0.17
5496,0.8816666666666667,0.41,0.07,0.13,0.34,0.12
5497,0.8866666666666666,0.46,0.08,0.17,0.26,0.11
5498,0.925,0.44,0.09,0.25,0.22,0.09
5499,0.8049999999999998,0.4,0.13,0.3,0.2,0.1
5500,0.8400000000000002,0.44,0.14,0.23,0.25,0.08
5501,0.8783333333333334,0.42,0.12,0.14,0.36,0.08
5502,0.885,0.41,0.15,0.18,0.33,0.08
5503,0.885,0.38,0.16,0.21,0.33,0.08
5504,0.9399999999999997,0.45,0.24,0.12,0.37,0.06
5505,0.8983333333333334,0.45,0.19,0.16,0.28,0.11
5506,0.9083333333333333,0.39,0.23,0.13,0.36,0.12
5507,0.93,0.39,0.19,0.05,0.46,0.1
5508,0.9149999999999998,0.42,0.19,0.07,0.44,0.07
5509,0.8133333333333329,0.37,0.16,0.04,0.48,0.11
5510,0.865,0.43,0.14,0.1,0.29,0.18
5511,0.8662064496548143,0.43,0.06,0.12,0.24,0.21
5512,0.86,0.35,0.08,0.14,0.25,0.26
5513,0.8649999999999999,0.36,0.09,0.13,0.26,0.25
5514,0.8933333333333333,0.51,0.17,0.13,0.22,0.14
5515,0.8768956545622332,0.47,0.13,0.14,0.2,0.19
5516,0.8816666666666672,0.44,0.14,0.19,0.18,0.19
5517,0.9095397829881476,0.48,0.18,0.23,0.13,0.16
5518,0.9233333333333335,0.51,0.24,0.25,0.11,0.13
5519,0.7449999999999999,0.44,0.18,0.3,0.09,0.17
5520,0.7966666666666669,0.48,0.24,0.23,0.13,0.16
5521,0.8700000000000001,0.59,0.27,0.15,0.12,0.14
5522,0.8566666666666666,0.51,0.27,0.18,0.17,0.14
5523,0.8816666666666666,0.53,0.34,0.11,0.25,0.11
5524,0.908333333333333,0.61,0.42,0.12,0.19,0.08
5525,0.9000000000000001,0.56,0.28,0.12,0.26,0.06
5526,0.9166666666666664,0.53,0.27,0.15,0.26,0.06
5527,0.8983333333333331,0.42,0.19,0.1,0.37,0.11
5528,0.9266666666666665,0.39,0.17,0.11,0.41,0.09
5529,0.8233333333333335,0.37,0.14,0.14,0.39,0.1
5530,0.8383333333333334,0.39,0.19,0.17,0.37,0.07
5531,0.8483333333333338,0.34,0.17,0.24,0.31,0.11
5532,0.8500000000000003,0.38,0.11,0.25,0.27,0.1
5533,0.8683333333333336,0.42,0.08,0.26,0.25,0.07
5534,0.885,0.46,0.13,0.25,0.21,0.08
5535,0.8791128909252892,0.45,0.09,0.24,0.16,0.15
5536,0.9074462242586226,0.45,0.09,0.32,0.15,0.08
5537,0.9101258298272543,0.46,0.14,0.35,0.14,0.05
5538,0.9193462722352984,0.43,0.14,0.38,0.13,0.06
5539,0.765,0.37,0.13,0.42,0.11,0.1
5540,0.8549999999999999,0.43,0.12,0.33,0.13,0.11
5541,0.8749999999999997,0.48,0.14,0.32,0.12,0.08
5542,0.8597874992078803,0.47,0.13,0.35,0.09,0.09
5543,0.8660291642903083,0.49,0.13,0.32,0.11,0.08
5544,0.8944632769108687,0.5,0.12,0.33,0.12,0.05
5545,0.8762416650824278,0.35,0.1,0.39,0.16,0.1
5546,0.8733333333333333,0.34,0.1,0.43,0.09,0.14
5547,0.8796373802130776,0.33,0.08,0.4,0.15,0.12
5548,0.8694248794209579,0.36,0.05,0.36,0.14,0.14
5549,0.8749999999999999,0.4,0.04,0.32,0.16,0.12
5550,0.8933333333333333,0.45,0.07,0.32,0.14,0.09
5551,0.8883333333333333,0.55,0.07,0.28,0.13,0.04
5552,0.895,0.6,0.03,0.23,0.14,0.03
5553,0.9083333333333334,0.57,0.04,0.22,0.2,0.01
5554,0.9216666666666669,0.62,0.02,0.21,0.15,0.02
5555,0.919048346381851,0.54,0.02,0.22,0.24,0.0
5556,0.9073816797151844,0.47,0.02,0.28,0.2,0.05
5557,0.9207150130485173,0.52,0.04,0.26,0.17,0.05
5558,0.9173816797151843,0.51,0.03,0.3,0.14,0.05
5559,0.7983333333333335,0.53,0.06,0.29,0.14,0.04
5560,0.8416666666666669,0.6,0.05,0.25,0.13,0.02
5561,0.8930858545812711,0.67,0.04,0.15,0.16,0.02
5562,0.9266666666666664,0.73,0.03,0.13,0.11,0.03
5563,0.921419187914604,0.7,0.03,0.14,0.13,0.03
5564,0.92,0.7,0.04,0.15,0.12,0.03
5565,0.9064947256013377,0.6,0.01,0.2,0.19,0.01
5566,0.9247324002064842,0.63,0.04,0.18,0.16,0.03
5567,0.9481613922680044,0.73,0.06,0.11,0.13,0.03
5568,0.9316666666666665,0.73,0.06,0.1,0.13,0.04
5569,0.8933333333333334,0.73,0.03,0.07,0.16,0.04
5570,0.901982912180155,0.72,0.0,0.09,0.12,0.07
5571,0.9166666666666669,0.7,0.01,0.13,0.13,0.04
5572,0.9150000000000001,0.58,0.0,0.25,0.11,0.06
5573,0.905,0.59,0.0,0.32,0.07,0.02
5574,0.9139263076395251,0.59,0.0,0.31,0.07,0.03
5575,0.92,0.61,0.0,0.28,0.08,0.03
5576,0.9186495788468215,0.54,0.01,0.35,0.1,0.01
5577,0.9333333333333332,0.55,0.01,0.36,0.08,0.01
5578,0.9333333333333332,0.55,0.0,0.36,0.07,0.02
5579,0.7783333333333334,0.51,0.0,0.4,0.08,0.01
5580,0.7720779156144153,0.5,0.0,0.37,0.09,0.04
5581,0.8252562022183497,0.54,0.0,0.22,0.14,0.1
5582,0.8521786447801166,0.59,0.0,0.12,0.16,0.13
5583,0.8891907545010754,0.69,0.01,0.09,0.1,0.12
5584,0.9166666666666664,0.73,0.02,0.16,0.04,0.07
5585,0.9154112489477483,0.75,0.0,0.22,0.0,0.03
5586,0.9441558312288302,0.75,0.01,0.19,0.05,0.01
5587,0.926233746843245,0.69,0.0,0.2,0.06,0.05
5588,0.9387229114054085,0.7,0.01,0.16,0.1,0.04
5589,0.8716666666666671,0.74,0.02,0.15,0.09,0.02
5590,0.9033333333333331,0.75,0.02,0.11,0.12,0.02
5591,0.9033333333333333,0.75,0.02,0.15,0.07,0.03
5592,0.9200000000000002,0.77,0.04,0.12,0.1,0.01
5593,0.9199999999999998,0.72,0.04,0.12,0.13,0.03
5594,0.9383333333333335,0.76,0.04,0.11,0.1,0.03
5595,0.9266666666666664,0.67,0.0,0.12,0.16,0.05
5596,0.8995257595299091,0.55,0.01,0.15,0.22,0.08
5597,0.9316666666666669,0.57,0.01,0.24,0.11,0.08
5598,0.9316666666666668,0.53,0.02,0.29,0.11,0.07
5599,0.7833333333333333,0.46,0.0,0.38,0.09,0.07
5600,0.8583333333333333,0.51,0.02,0.27,0.12,0.1
5601,0.8799999999999999,0.64,0.06,0.17,0.09,0.1
5602,0.9183333333333331,0.66,0.05,0.18,0.11,0.05
5603,0.9216666666666665,0.72,0.04,0.14,0.12,0.02
5604,0.9283333333333332,0.63,0.04,0.17,0.15,0.05
5605,0.8933333333333333,0.62,0.05,0.2,0.12,0.06
5606,0.9266666666666665,0.69,0.11,0.11,0.16,0.04
5607,0.9483333333333333,0.72,0.14,0.09,0.18,0.01
5608,0.9316666666666668,0.72,0.17,0.1,0.17,0.01
5609,0.9116666666666668,0.62,0.1,0.15,0.23,0.0
5610,0.9083333333333333,0.56,0.08,0.21,0.2,0.03
5611,0.9116666666666664,0.55,0.09,0.21,0.18,0.06
5612,0.9425224777569405,0.55,0.13,0.23,0.13,0.09
5613,0.9216666666666669,0.56,0.11,0.19,0.17,0.08
5614,0.9216666666666667,0.54,0.11,0.24,0.14,0.08
5615,0.9074395671560187,0.45,0.08,0.26,0.21,0.08
5616,0.9307346671192613,0.52,0.06,0.23,0.17,0.08
5617,0.9098026675718556,0.45,0.05,0.29,0.16,0.1
5618,0.8998026675718556,0.36,0.01,0.33,0.2,0.11
5619,0.7583333333333333,0.37,0.03,0.32,0.23,0.08
5620,0.7783333333333331,0.35,0.01,0.29,0.21,0.15
5621,0.8276650960676939,0.48,0.01,0.14,0.22,0.16
5622,0.8904663243278794,0.53,0.0,0.18,0.12,0.17
5623,0.8750662102149503,0.46,0.0,0.19,0.16,0.19
5624,0.8746660961020214,0.45,0.0,0.15,0.21,0.19
5625,0.9012665525537377,0.49,0.0,0.17,0.2,0.14
5626,0.8817328768816171,0.51,0.01,0.14,0.16,0.19
5627,0.8992659819890924,0.51,0.02,0.15,0.15,0.19
5628,0.8881745913077447,0.43,0.01,0.13,0.18,0.26
5629,0.8566666666666665,0.49,0.04,0.13,0.15,0.23
5630,0.8833333333333334,0.56,0.02,0.15,0.13,0.16
5631,0.8816666666666667,0.63,0.01,0.1,0.15,0.12
5632,0.9050000000000002,0.73,0.02,0.07,0.1,0.1
5633,0.8683333333333336,0.62,0.02,0.1,0.12,0.16
5634,0.886666666666667,0.56,0.02,0.15,0.09,0.2
5635,0.9083333333333333,0.67,0.05,0.17,0.05,0.11
5636,0.9300000000000003,0.7,0.06,0.17,0.06,0.07
5637,0.9416666666666665,0.72,0.09,0.17,0.07,0.04
5638,0.9345063472878417,0.72,0.06,0.21,0.03,0.04
5639,0.8666666666666667,0.63,0.02,0.21,0.12,0.04
5640,0.9116666666666667,0.73,0.01,0.13,0.12,0.02
5641,0.9516666666666665,0.71,0.02,0.11,0.18,0.0
5642,0.93,0.63,0.01,0.13,0.23,0.01
5643,0.9333333333333332,0.59,0.02,0.16,0.22,0.03
5644,0.8933333333333333,0.49,0.01,0.15,0.28,0.08
5645,0.9101253806565741,0.47,0.03,0.14,0.29,0.1
5646,0.9268684513496389,0.48,0.03,0.08,0.34,0.1
5647,0.9450764040263985,0.58,0.02,0.02,0.33,0.07
5648,0.9723489527688024,0.48,0.01,0.0,0.46,0.06
5649,0.8150000000000002,0.5,0.01,0.03,0.41,0.06
5650,0.8783333333333334,0.52,0.02,0.06,0.33,0.09
5651,0.8566666666666669,0.56,0.03,0.08,0.26,0.1
5652,0.8416666666666666,0.58,0.02,0.06,0.28,0.08
5653,0.8525515350903257,0.56,0.02,0.08,0.28,0.08
5654,0.8821711282027692,0.63,0.05,0.08,0.2,0.09
5655,0.8738377948694358,0.73,0.04,0.1,0.08,0.09
5656,0.9055044615361024,0.69,0.06,0.16,0.12,0.03
5657,0.9449999999999998,0.75,0.1,0.18,0.05,0.02
5658,0.9133333333333334,0.64,0.11,0.27,0.06,0.03
5659,0.7983333333333333,0.6,0.1,0.27,0.1,0.03
5660,0.8899999999999999,0.65,0.07,0.2,0.12,0.03
5661,0.8533333333333334,0.59,0.06,0.2,0.15,0.06
5662,0.8883333333333333,0.64,0.03,0.15,0.16,0.05
5663,0.9116666666666667,0.53,0.05,0.18,0.24,0.05
5664,0.9387337154151133,0.56,0.02,0.16,0.24,0.04
5665,0.9366666666666665,0.52,0.03,0.14,0.3,0.04
5666,0.9450000000000002,0.51,0.03,0.08,0.36,0.05
5667,0.9399999999999998,0.43,0.01,0.08,0.4,0.09
5668,0.9566666666666666,0.43,0.01,0.05,0.43,0.09
5669,0.7716666666666668,0.4,0.01,0.09,0.4,0.11
5670,0.8016666666666667,0.45,0.03,0.09,0.34,0.12
5671,0.8050000000000002,0.45,0.01,0.08,0.36,0.11
5672,0.7983333333333336,0.43,0.0,0.15,0.29,0.13
5673,0.8055500223948313,0.4,0.0,0.23,0.28,0.09
5674,0.8249999999999997,0.43,0.0,0.19,0.26,0.12
5675,0.8550000000000003,0.51,0.0,0.14,0.21,0.14
5676,0.8300000000000002,0.49,0.0,0.17,0.19,0.15
5677,0.8516666666666666,0.55,0.0,0.19,0.12,0.14
5678,0.8766666666666668,0.48,0.01,0.26,0.11,0.15
5679,0.7316666666666666,0.44,0.02,0.3,0.1,0.16
5680,0.8000000000000002,0.44,0.0,0.33,0.09,0.14
5681,0.8633333333333334,0.55,0.0,0.22,0.08,0.15
5682,0.892056029574716,0.5,0.0,0.2,0.07,0.23
5683,0.9083333333333333,0.52,0.0,0.14,0.11,0.23
5684,0.9099999999999996,0.53,0.01,0.11,0.11,0.25
5685,0.938333333333333,0.52,0.0,0.08,0.19,0.21
5686,0.923333333333333,0.47,0.0,0.14,0.21,0.18
5687,0.9316666666666664,0.42,0.0,0.2,0.25,0.13
5688,0.937637075568568,0.44,0.0,0.18,0.28,0.1
5689,0.7533333333333333,0.44,0.0,0.17,0.27,0.12
5690,0.7767866068246657,0.51,0.0,0.18,0.18,0.13
5691,0.8550000000000003,0.53,0.0,0.19,0.11,0.17
5692,0.8366666666666667,0.49,0.0,0.26,0.11,0.14
5693,0.8490925541249423,0.49,0.0,0.31,0.09,0.11
5694,0.8833333333333332,0.51,0.0,0.29,0.08,0.12
5695,0.898573213649331,0.45,0.0,0.36,0.08,0.11
5696,0.8876657677742732,0.39,0.01,0.4,0.1,0.11
5697,0.9237718930322939,0.48,0.02,0.4,0.03,0.09
5698,0.8971052263656268,0.41,0.03,0.44,0.01,0.14
5699,0.7399999999999999,0.32,0.03,0.45,0.04,0.19
5700,0.745,0.34,0.03,0.42,0.05,0.19
5701,0.7916666666666669,0.44,0.04,0.3,0.07,0.19
5702,0.8283333333333333,0.49,0.08,0.24,0.1,0.17
5703,0.8416666666666667,0.57,0.08,0.22,0.09,0.12
5704,0.8483333333333332,0.57,0.09,0.22,0.09,0.12
5705,0.885,0.6,0.08,0.16,0.11,0.13
5706,0.9133333333333333,0.54,0.07,0.11,0.14,0.21
5707,0.9100000000000001,0.53,0.11,0.12,0.14,0.21
5708,0.8999999999999997,0.43,0.11,0.19,0.2,0.18
5709,0.79,0.34,0.11,0.17,0.23,0.26
5710,0.8402816044887504,0.47,0.11,0.16,0.15,0.22
5711,0.8501594410861251,0.41,0.1,0.24,0.07,0.28
5712,0.8948820780860064,0.45,0.14,0.28,0.04,0.23
5713,0.9023066737571095,0.43,0.12,0.36,0.04,0.17
5714,0.8912671402639225,0.46,0.1,0.39,0.01,0.14
5715,0.9170250692683592,0.49,0.19,0.37,0.03,0.11
5716,0.9406719691884321,0.54,0.23,0.35,0.04,0.07
5717,0.9377942856624066,0.58,0.21,0.34,0.05,0.03
5718,0.930800941936497,0.66,0.26,0.27,0.04,0.03
5719,0.8783333333333335,0.68,0.31,0.25,0.03,0.04
5720,0.8816666666666667,0.78,0.32,0.16,0.04,0.02
5721,0.855,0.75,0.31,0.19,0.06,0.0
5722,0.8899999999999999,0.74,0.34,0.19,0.06,0.01
5723,0.9083333333333335,0.69,0.34,0.16,0.12,0.03
5724,0.9109430508020734,0.63,0.31,0.21,0.14,0.02
5725,0.9251087954466525,0.66,0.28,0.19,0.14,0.01
5726,0.93,0.57,0.27,0.17,0.21,0.05
5727,0.9218231743885652,0.59,0.33,0.15,0.18,0.08
5728,0.9336612959224654,0.53,0.31,0.16,0.25,0.06
5729,0.84,0.52,0.27,0.16,0.25,0.07
5730,0.8733333333333334,0.53,0.29,0.18,0.23,0.06
5731,0.9016666666666668,0.59,0.32,0.19,0.18,0.04
5732,0.9066666666666667,0.57,0.32,0.26,0.13,0.04
5733,0.9016666666666667,0.54,0.32,0.27,0.1,0.09
5734,0.9149999999999998,0.59,0.33,0.2,0.12,0.09
5735,0.9416666666666665,0.63,0.34,0.18,0.09,0.1
5736,0.9133333333333333,0.66,0.33,0.14,0.08,0.12
5737,0.8999999999999999,0.6,0.26,0.23,0.08,0.09
5738,0.9249999999999998,0.62,0.25,0.24,0.06,0.08
5739,0.7949999999999996,0.59,0.32,0.26,0.07,0.08
5740,0.8577183723761483,0.67,0.42,0.16,0.1,0.07
5741,0.8903662839618782,0.66,0.46,0.14,0.11,0.09
5742,0.9029390413339761,0.65,0.43,0.16,0.12,0.07
5743,0.9333333333333335,0.72,0.5,0.14,0.11,0.03
5744,0.9245868687655016,0.66,0.43,0.14,0.17,0.03
5745,0.9249999999999998,0.62,0.36,0.17,0.19,0.02
5746,0.925,0.62,0.4,0.14,0.2,0.04
5747,0.9133333333333333,0.59,0.34,0.13,0.26,0.02
5748,0.9641184384994557,0.59,0.34,0.09,0.3,0.02
5749,0.8716666666666666,0.59,0.37,0.1,0.26,0.05
5750,0.8700000000000001,0.63,0.32,0.13,0.19,0.05
5751,0.8733333333333332,0.56,0.21,0.16,0.22,0.06
5752,0.9016666666666667,0.63,0.34,0.15,0.15,0.07
5753,0.9050000000000001,0.63,0.34,0.18,0.18,0.01
5754,0.9171537929976301,0.6,0.3,0.22,0.13,0.05
5755,0.9038204596642971,0.61,0.29,0.25,0.11,0.03
5756,0.9231280456595574,0.53,0.29,0.29,0.1,0.08
5757,0.9291573961144245,0.55,0.3,0.31,0.04,0.1
5758,0.913820459664297,0.5,0.27,0.33,0.06,0.11
5759,0.8299999999999998,0.47,0.28,0.33,0.05,0.15
5760,0.8483333333333334,0.52,0.34,0.32,0.05,0.11
5761,0.875,0.56,0.29,0.29,0.06,0.09
5762,0.8899999999999999,0.56,0.3,0.26,0.07,0.11
5763,0.8983333333333328,0.49,0.25,0.21,0.16,0.14
5764,0.8983333333333331,0.43,0.21,0.19,0.22,0.16
5765,0.9166666666666665,0.5,0.27,0.11,0.27,0.12
5766,0.9366666666666668,0.61,0.28,0.07,0.23,0.09
5767,0.9166666666666667,0.55,0.21,0.07,0.27,0.11
5768,0.945,0.56,0.17,0.08,0.31,0.05
5769,0.7916666666666667,0.56,0.13,0.09,0.28,0.07
5770,0.8366666666666663,0.54,0.15,0.13,0.25,0.08
5771,0.8366666666666666,0.45,0.16,0.18,0.28,0.09
5772,0.8716666666666666,0.44,0.21,0.19,0.25,0.12
5773,0.8583333333333336,0.41,0.21,0.19,0.27,0.13
5774,0.8866666666666664,0.4,0.17,0.27,0.21,0.12
5775,0.8949999999999999,0.4,0.19,0.29,0.19,0.12
5776,0.8866666666666666,0.36,0.17,0.31,0.21,0.12
5777,0.8866666666666664,0.38,0.14,0.27,0.2,0.15
5778,0.8833333333333334,0.37,0.12,0.23,0.2,0.2
5779,0.7716666666666666,0.39,0.15,0.28,0.12,0.21
5780,0.8266666666666667,0.47,0.13,0.18,0.15,0.2
5781,0.8266666666666667,0.47,0.1,0.16,0.23,0.14
5782,0.8466666666666667,0.48,0.13,0.15,0.2,0.17
5783,0.8513743162109235,0.39,0.09,0.15,0.28,0.18
5784,0.875292749379931,0.45,0.12,0.15,0.28,0.12
5785,0.8995035330046811,0.41,0.14,0.11,0.35,0.13
5786,0.9022517665023405,0.44,0.15,0.06,0.38,0.12
5787,0.929415299088514,0.43,0.14,0.04,0.46,0.07
5788,0.8916666666666664,0.33,0.09,0.08,0.51,0.08
5789,0.8116666666666668,0.42,0.16,0.08,0.44,0.06
5790,0.8100000000000006,0.46,0.14,0.09,0.37,0.08
5791,0.8033333333333329,0.4,0.14,0.13,0.36,0.11
5792,0.8083333333333335,0.34,0.18,0.14,0.37,0.15
5793,0.7766666666666668,0.3,0.15,0.18,0.4,0.12
5794,0.8116666666666664,0.36,0.13,0.22,0.32,0.1
5795,0.8350000000000002,0.37,0.07,0.27,0.24,0.12
5796,0.8649999999999999,0.39,0.06,0.39,0.12,0.1
5797,0.8683333333333337,0.36,0.02,0.43,0.09,0.12
5798,0.8950000000000002,0.37,0.02,0.45,0.04,0.14
5799,0.7766666666666664,0.41,0.02,0.45,0.04,0.1
5800,0.8516666666666669,0.49,0.02,0.38,0.07,0.06
5801,0.8583333333333333,0.53,0.01,0.37,0.06,0.04
5802,0.8983333333333333,0.57,0.01,0.34,0.08,0.01
5803,0.8749999999999999,0.54,0.0,0.37,0.05,0.04
5804,0.873333333333333,0.58,0.0,0.34,0.04,0.04
5805,0.8899999999999999,0.56,0.0,0.27,0.12,0.05
5806,0.9366666666666668,0.63,0.0,0.16,0.16,0.05
5807,0.9433333333333331,0.68,0.0,0.13,0.13,0.06
5808,0.9648698551699811,0.77,0.0,0.09,0.11,0.03
5809,0.8366666666666666,0.77,0.0,0.09,0.14,0.0
5810,0.8383333333333334,0.69,0.0,0.13,0.16,0.02
5811,0.8216666666666665,0.69,0.0,0.16,0.11,0.04
5812,0.8983333333333333,0.69,0.0,0.15,0.11,0.05
5813,0.8797363436344514,0.74,0.01,0.13,0.12,0.01
5814,0.8716666666666667,0.67,0.01,0.11,0.17,0.05
5815,0.9216666666666669,0.66,0.01,0.18,0.14,0.02
5816,0.9133333333333334,0.62,0.02,0.24,0.12,0.02
5817,0.9249999999999998,0.61,0.03,0.27,0.08,0.04
5818,0.9083333333333334,0.56,0.03,0.26,0.11,0.07
5819,0.79,0.57,0.03,0.28,0.07,0.08
5820,0.8483333333333334,0.62,0.04,0.17,0.08,0.13
5821,0.8299999999999998,0.61,0.06,0.22,0.08,0.09
5822,0.8501250485938568,0.63,0.05,0.18,0.11,0.08
5823,0.9067917152605236,0.64,0.03,0.16,0.14,0.06
5824,0.8683333333333333,0.54,0.05,0.2,0.19,0.07
5825,0.8666666666666665,0.51,0.03,0.22,0.23,0.04
5826,0.9166666666666665,0.46,0.03,0.19,0.3,0.05
5827,0.9399999999999998,0.51,0.02,0.16,0.31,0.02
5828,0.9333333333333332,0.5,0.02,0.15,0.34,0.01
5829,0.8366666666666669,0.47,0.01,0.13,0.36,0.04
5830,0.8700000000000001,0.52,0.01,0.16,0.25,0.07
5831,0.87,0.45,0.02,0.26,0.25,0.04
5832,0.8633333333333336,0.39,0.02,0.31,0.22,0.08
5833,0.8749999999999999,0.38,0.03,0.34,0.18,0.1
5834,0.8966666666666668,0.39,0.01,0.45,0.09,0.07
5835,0.9100000000000001,0.42,0.01,0.39,0.12,0.07
5836,0.9316666666666668,0.44,0.01,0.4,0.12,0.04
5837,0.9233333333333333,0.33,0.0,0.42,0.18,0.07
5838,0.9166666666666669,0.37,0.0,0.4,0.14,0.09
5839,0.74,0.29,0.0,0.49,0.12,0.1
5840,0.7616666666666666,0.33,0.0,0.48,0.13,0.06
5841,0.8116666666666664,0.43,0.0,0.39,0.13,0.05
5842,0.7983022886972023,0.35,0.0,0.4,0.19,0.06
5843,0.837845624420506,0.29,0.01,0.31,0.33,0.07
5844,0.848333333333333,0.27,0.01,0.33,0.33,0.07
5845,0.8506912488410124,0.3,0.01,0.28,0.36,0.06
5846,0.9083333333333333,0.29,0.0,0.19,0.47,0.05
5847,0.9283333333333335,0.32,0.01,0.15,0.5,0.03
5848,0.9183333333333334,0.3,0.0,0.13,0.52,0.05
5849,0.7999999999999998,0.24,0.0,0.15,0.57,0.04
5850,0.7833333333333334,0.31,0.0,0.1,0.49,0.1
5851,0.7983333333333336,0.26,0.0,0.17,0.44,0.13
5852,0.8416666666666666,0.28,0.0,0.21,0.39,0.12
5853,0.8549999999999999,0.35,0.0,0.22,0.33,0.1
5854,0.8700000000000003,0.36,0.0,0.31,0.29,0.04
5855,0.8933333333333334,0.37,0.0,0.31,0.27,0.05
5856,0.8699999999999997,0.34,0.0,0.37,0.2,0.09
5857,0.8600000000000001,0.28,0.0,0.35,0.25,0.12
5858,0.8600000000000001,0.28,0.0,0.37,0.23,0.12
5859,0.8283333333333335,0.26,0.0,0.36,0.23,0.15
5860,0.8516666666666665,0.33,0.0,0.29,0.21,0.17
5861,0.9033333333333331,0.29,0.0,0.21,0.33,0.17
5862,0.9116666666666666,0.3,0.01,0.2,0.42,0.08
5863,0.8899999999999997,0.32,0.02,0.22,0.37,0.09
5864,0.8866666666666667,0.28,0.01,0.13,0.46,0.13
5865,0.9333333333333335,0.3,0.0,0.11,0.53,0.06
5866,0.9483333333333335,0.31,0.0,0.06,0.56,0.07
5867,0.9516666666666665,0.37,0.0,0.05,0.52,0.06
5868,0.9433333333333335,0.31,0.0,0.03,0.58,0.08
5869,0.7849999999999998,0.31,0.0,0.02,0.59,0.08
5870,0.8016666666666665,0.32,0.0,0.06,0.54,0.08
5871,0.801666666666667,0.39,0.0,0.04,0.48,0.09
5872,0.8433333333333334,0.49,0.0,0.07,0.32,0.12
5873,0.8630846037892173,0.52,0.0,0.09,0.3,0.09
5874,0.8814748690206464,0.61,0.0,0.12,0.22,0.05
5875,0.9029497380412931,0.54,0.0,0.23,0.2,0.03
5876,0.9312830713746268,0.51,0.0,0.34,0.14,0.01
5877,0.9410912737286066,0.59,0.0,0.29,0.11,0.01
5878,0.9562830713746264,0.58,0.01,0.31,0.09,0.02
5879,0.82,0.57,0.01,0.32,0.09,0.02
5880,0.8316666666666667,0.6,0.02,0.29,0.11,0.0
5881,0.865,0.63,0.03,0.24,0.11,0.02
5882,0.9033333333333334,0.69,0.01,0.14,0.14,0.03
5883,0.9183333333333333,0.65,0.0,0.09,0.23,0.03
5884,0.9266666666666665,0.67,0.0,0.06,0.23,0.04
5885,0.9283333333333332,0.61,0.0,0.11,0.23,0.05
5886,0.9522958350365371,0.56,0.0,0.1,0.27,0.07
5887,0.945,0.49,0.0,0.09,0.35,0.07
5888,0.9633333333333333,0.44,0.0,0.11,0.42,0.03
5889,0.8499999999999999,0.44,0.0,0.1,0.42,0.04
5890,0.8433333333333334,0.48,0.0,0.09,0.36,0.07
5891,0.8833333333333334,0.56,0.0,0.1,0.26,0.08
5892,0.8799999999999999,0.56,0.0,0.13,0.24,0.07
5893,0.8916666666666667,0.53,0.0,0.16,0.23,0.08
5894,0.9033333333333331,0.56,0.0,0.19,0.18,0.07
5895,0.8916666666666664,0.48,0.0,0.22,0.2,0.1
5896,0.8999999999999997,0.47,0.0,0.26,0.21,0.06
5897,0.921666666666667,0.49,0.0,0.28,0.17,0.06
5898,0.9266666666666665,0.51,0.0,0.32,0.09,0.08
5899,0.71,0.56,0.0,0.28,0.06,0.1
5900,0.785,0.58,0.0,0.23,0.07,0.12
5901,0.8285082347613856,0.6,0.0,0.19,0.12,0.09
5902,0.8136472342303521,0.53,0.0,0.2,0.12,0.15
5903,0.9085082347613855,0.64,0.0,0.08,0.19,0.09
5904,0.9359207840473597,0.61,0.01,0.07,0.24,0.08
5905,0.9335082347613856,0.49,0.02,0.07,0.37,0.07
5906,0.9225874507140263,0.43,0.0,0.07,0.45,0.05
5907,0.9118415680947191,0.41,0.0,0.09,0.43,0.07
5908,0.9475874507140262,0.41,0.0,0.07,0.48,0.04
5909,0.7816666666666667,0.35,0.0,0.06,0.53,0.06
5910,0.7866666666666667,0.31,0.0,0.12,0.5,0.07
5911,0.7950000000000002,0.33,0.0,0.1,0.49,0.08
5912,0.8283333333333335,0.39,0.0,0.15,0.36,0.1
5913,0.8533333333333333,0.4,0.0,0.2,0.3,0.1
5914,0.8733333333333332,0.42,0.0,0.2,0.33,0.05
5915,0.8766666666666665,0.46,0.0,0.22,0.24,0.08
5916,0.9017482359903461,0.5,0.01,0.26,0.15,0.09
5917,0.8883333333333333,0.51,0.02,0.24,0.1,0.15
5918,0.9066666666666668,0.52,0.0,0.21,0.09,0.18
5919,0.8266666666666669,0.56,0.0,0.2,0.11,0.13
5920,0.8528771144968751,0.59,0.0,0.15,0.13,0.13
5921,0.9195437811635416,0.63,0.0,0.1,0.2,0.07
5922,0.9033333333333333,0.62,0.0,0.12,0.21,0.05
5923,0.9449999999999998,0.52,0.0,0.07,0.36,0.05
5924,0.9450000000000002,0.54,0.0,0.08,0.37,0.01
5925,0.9433333333333335,0.48,0.01,0.08,0.42,0.02
5926,0.9399999999999998,0.48,0.0,0.11,0.37,0.04
5927,0.9415974542368855,0.46,0.0,0.14,0.36,0.04
5928,0.925,0.5,0.0,0.11,0.33,0.06
5929,0.7933333333333333,0.52,0.0,0.07,0.36,0.05
5930,0.851666666666667,0.52,0.0,0.14,0.3,0.04
5931,0.8250215167492233,0.48,0.0,0.12,0.31,0.09
5932,0.8783333333333334,0.62,0.0,0.14,0.21,0.03
5933,0.9016881834158897,0.6,0.0,0.15,0.19,0.06
5934,0.8816666666666666,0.54,0.0,0.2,0.19,0.07
5935,0.8950000000000001,0.56,0.0,0.22,0.15,0.07
5936,0.8866666666666668,0.56,0.0,0.24,0.16,0.04
5937,0.9000000000000001,0.56,0.0,0.3,0.09,0.05
5938,0.9216666666666662,0.6,0.0,0.28,0.06,0.06
5939,0.855,0.56,0.0,0.27,0.11,0.06
5940,0.8183333333333332,0.56,0.0,0.3,0.08,0.06
5941,0.8783333333333332,0.54,0.0,0.26,0.15,0.05
5942,0.8666666666666667,0.57,0.0,0.21,0.16,0.06
5943,0.8933333333333333,0.58,0.0,0.18,0.17,0.07
5944,0.933318049095737,0.6,0.0,0.06,0.28,0.06
5945,0.9350000000000002,0.67,0.0,0.06,0.23,0.04
5946,0.9333333333333332,0.63,0.01,0.12,0.21,0.04
5947,0.915,0.52,0.01,0.16,0.27,0.05
5948,0.935,0.52,0.0,0.13,0.32,0.03
5949,0.8450000000000003,0.59,0.0,0.08,0.27,0.06
5950,0.8579415060647553,0.6,0.0,0.1,0.23,0.07
5951,0.865228975724624,0.54,0.0,0.14,0.19,0.13
5952,0.8459298601369842,0.48,0.0,0.19,0.23,0.1
5953,0.8702289757246239,0.43,0.0,0.25,0.21,0.11
5954,0.9053206656389305,0.42,0.0,0.36,0.13,0.09
5955,0.9215506631301857,0.44,0.0,0.38,0.1,0.08
5956,0.905457951449248,0.45,0.0,0.32,0.1,0.13
5957,0.887435462703774,0.47,0.0,0.29,0.09,0.15
5958,0.9105398203124829,0.54,0.0,0.3,0.05,0.11
5959,0.8099999999999998,0.46,0.0,0.39,0.05,0.1
5960,0.845,0.49,0.0,0.35,0.06,0.1
5961,0.8616666666666665,0.48,0.0,0.31,0.08,0.13
5962,0.8749999999999999,0.51,0.01,0.27,0.1,0.12
5963,0.8916666666666667,0.54,0.02,0.24,0.15,0.07
5964,0.8953151586278729,0.51,0.06,0.27,0.16,0.06
5965,0.9166666666666667,0.52,0.04,0.19,0.24,0.05
5966,0.8789636505890794,0.38,0.05,0.19,0.34,0.09
5967,0.8969818252945398,0.39,0.1,0.25,0.32,0.04
5968,0.9153831870150638,0.45,0.14,0.2,0.31,0.04
5969,0.8566666666666666,0.42,0.15,0.14,0.36,0.08
5970,0.8616666666666668,0.38,0.16,0.17,0.34,0.11
5971,0.857730786468847,0.29,0.1,0.19,0.37,0.15
5972,0.8499999999999999,0.28,0.1,0.22,0.28,0.22
5973,0.8724924359560566,0.25,0.1,0.29,0.25,0.21
5974,0.8750000000000001,0.29,0.07,0.34,0.18,0.19
5975,0.8733333333333333,0.29,0.05,0.3,0.21,0.2
5976,0.875,0.28,0.02,0.27,0.25,0.2
5977,0.8683333333333333,0.24,0.03,0.29,0.25,0.22
5978,0.8683333333333336,0.24,0.02,0.31,0.21,0.24
5979,0.7116666666666667,0.31,0.02,0.33,0.19,0.17
5980,0.7966666666666665,0.38,0.02,0.22,0.23,0.17
5981,0.7858360482975086,0.31,0.03,0.28,0.24,0.17
5982,0.8799999999999997,0.44,0.02,0.13,0.26,0.17
5983,0.8766666666666667,0.41,0.03,0.12,0.3,0.17
5984,0.8999999999999999,0.35,0.03,0.18,0.35,0.12
5985,0.9266666666666665,0.39,0.0,0.12,0.4,0.09
5986,0.93,0.33,0.01,0.1,0.48,0.09
5987,0.9633333333333334,0.29,0.0,0.06,0.57,0.08
5988,0.9449999999999997,0.3,0.0,0.09,0.55,0.06
5989,0.7816666666666664,0.3,0.0,0.07,0.54,0.09
5990,0.8249999999999996,0.29,0.0,0.14,0.51,0.06
5991,0.8033333333333329,0.26,0.01,0.14,0.42,0.18
5992,0.8214115769597998,0.25,0.01,0.19,0.43,0.13
5993,0.8466666666666665,0.26,0.01,0.2,0.38,0.16
5994,0.8316666666666664,0.21,0.01,0.19,0.37,0.23
5995,0.8483333333333334,0.27,0.0,0.23,0.3,0.2
5996,0.8699999999999999,0.37,0.0,0.22,0.26,0.15
5997,0.885,0.39,0.0,0.32,0.18,0.11
5998,0.8933333333333334,0.41,0.01,0.31,0.21,0.07
5999,0.82,0.49,0.01,0.26,0.15,0.1
6000,0.8766666666666667,0.53,0.01,0.2,0.23,0.04
6001,0.9016666666666664,0.5,0.02,0.16,0.28,0.06
6002,0.87,0.47,0.04,0.16,0.28,0.09
6003,0.8866666666666668,0.41,0.06,0.2,0.35,0.04
6004,0.87,0.39,0.01,0.24,0.31,0.06
6005,0.915,0.39,0.02,0.12,0.39,0.1
6006,0.8966666666666664,0.38,0.02,0.11,0.36,0.15
6007,0.905,0.39,0.02,0.15,0.34,0.12
6008,0.91,0.28,0.01,0.2,0.45,0.07
6009,0.8316666666666666,0.26,0.0,0.23,0.43,0.08
6010,0.825,0.27,0.0,0.24,0.42,0.07
6011,0.8600000000000001,0.33,0.0,0.25,0.35,0.07
6012,0.8750000000000003,0.34,0.0,0.3,0.3,0.06
6013,0.8566666666666669,0.33,0.0,0.25,0.33,0.09
6014,0.88,0.41,0.0,0.27,0.22,0.1
6015,0.8894457493343921,0.47,0.0,0.24,0.2,0.09
6016,0.898660216715284,0.47,0.0,0.26,0.14,0.13
6017,0.9094457493343926,0.4,0.0,0.34,0.14,0.12
6018,0.8916666666666666,0.37,0.0,0.31,0.17,0.15
6019,0.8383333333333332,0.41,0.01,0.29,0.13,0.17
6020,0.8349117329488033,0.44,0.02,0.29,0.14,0.13
6021,0.8816666666666666,0.47,0.02,0.18,0.18,0.17
6022,0.8783333333333333,0.5,0.02,0.19,0.17,0.14
6023,0.9050000000000001,0.57,0.02,0.11,0.19,0.13
6024,0.8983333333333334,0.54,0.03,0.12,0.2,0.14
6025,0.9199999999999996,0.53,0.02,0.11,0.25,0.11
6026,0.9153726607092976,0.49,0.03,0.15,0.27,0.09
6027,0.9488939142848419,0.49,0.0,0.07,0.36,0.08
6028,0.9705605809515085,0.5,0.0,0.07,0.38,0.05
6029,0.8283333333333333,0.53,0.0,0.09,0.35,0.03
6030,0.8566666666666666,0.52,0.0,0.15,0.31,0.02
6031,0.8700000000000001,0.41,0.0,0.17,0.4,0.02
6032,0.8686219613637955,0.44,0.0,0.18,0.35,0.03
6033,0.8839302102794491,0.43,0.0,0.19,0.35,0.03
6034,0.8768109806818976,0.44,0.0,0.19,0.32,0.05
6035,0.8887858962642186,0.44,0.0,0.26,0.19,0.11
6036,0.9254525629308848,0.43,0.01,0.35,0.16,0.06
6037,0.8837858962642183,0.39,0.02,0.31,0.21,0.09
6038,0.8720996087123596,0.31,0.04,0.34,0.24,0.11
6039,0.835,0.3,0.06,0.43,0.14,0.13
6040,0.8693808790071427,0.37,0.08,0.39,0.15,0.09
6041,0.9216666666666664,0.47,0.05,0.3,0.18,0.05
6042,0.9216666666666665,0.5,0.04,0.24,0.2,0.06
6043,0.9183333333333331,0.53,0.03,0.19,0.21,0.07
6044,0.9166666666666664,0.56,0.04,0.15,0.19,0.1
6045,0.8983333333333335,0.49,0.04,0.22,0.17,0.12
6046,0.9083333333333334,0.51,0.07,0.18,0.2,0.11
6047,0.9177142123404761,0.54,0.07,0.08,0.23,0.15
6048,0.9214759703547615,0.54,0.05,0.08,0.23,0.15
6049,0.8466666666666669,0.5,0.04,0.08,0.26,0.16
6050,0.8693850118786876,0.53,0.04,0.09,0.25,0.13
6051,0.8766889955771647,0.53,0.03,0.17,0.2,0.1
6052,0.877718345212021,0.51,0.0,0.19,0.22,0.08
6053,0.9010516785453541,0.51,0.0,0.23,0.2,0.06
6054,0.8977183452120212,0.49,0.0,0.3,0.16,0.05
6055,0.9310516785453545,0.62,0.01,0.2,0.15,0.03
6056,0.9431550356360627,0.66,0.01,0.2,0.09,0.05
6057,0.9087700237573751,0.62,0.02,0.22,0.12,0.04
6058,0.9337700237573751,0.53,0.04,0.34,0.13,0.0
6059,0.8,0.44,0.01,0.42,0.11,0.03
6060,0.8066666666666668,0.43,0.0,0.41,0.12,0.04
6061,0.8916666666666667,0.59,0.02,0.23,0.15,0.03
6062,0.9266666666666665,0.64,0.06,0.14,0.18,0.04
6063,0.9183333333333331,0.54,0.08,0.11,0.26,0.09
6064,0.95,0.62,0.12,0.07,0.23,0.08
6065,0.9483333333333333,0.63,0.1,0.08,0.26,0.03
6066,0.9566666666666666,0.59,0.09,0.07,0.3,0.04
6067,0.9166666666666667,0.55,0.13,0.14,0.23,0.08
6068,0.9227718560351813,0.56,0.14,0.16,0.24,0.04
6069,0.87,0.49,0.14,0.16,0.31,0.04
6070,0.9083333333333331,0.62,0.19,0.13,0.21,0.04
6071,0.9137884237899081,0.59,0.16,0.15,0.25,0.01
6072,0.9183333333333331,0.64,0.17,0.12,0.21,0.03
6073,0.9316666666666665,0.66,0.3,0.14,0.17,0.03
6074,0.9426702981462483,0.59,0.21,0.23,0.14,0.04
6075,0.9458131602924921,0.6,0.23,0.27,0.08,0.05
6076,0.9298095288129106,0.61,0.17,0.26,0.07,0.06
6077,0.9566666666666667,0.49,0.13,0.4,0.06,0.05
6078,0.9436021199394109,0.47,0.1,0.43,0.04,0.06
6079,0.7966666666666667,0.46,0.08,0.48,0.02,0.04
6080,0.8633333333333332,0.5,0.11,0.37,0.08,0.05
6081,0.8556732002285875,0.54,0.16,0.28,0.13,0.05
6082,0.8923398668952542,0.56,0.22,0.25,0.17,0.02
6083,0.8906732002285871,0.58,0.19,0.25,0.14,0.03
6084,0.8783333333333334,0.56,0.19,0.25,0.14,0.05
6085,0.9040065335619208,0.58,0.19,0.22,0.14,0.06
6086,0.9433333333333335,0.68,0.22,0.12,0.16,0.04
6087,0.9466666666666665,0.66,0.23,0.11,0.19,0.04
6088,0.9483333333333335,0.64,0.26,0.1,0.22,0.04
6089,0.8733333333333334,0.57,0.2,0.13,0.25,0.05
6090,0.9183333333333336,0.65,0.22,0.08,0.21,0.06
6091,0.9275478357254826,0.64,0.18,0.11,0.21,0.04
6092,0.9273040213091561,0.64,0.2,0.13,0.18,0.05
6093,0.9376536389305837,0.71,0.32,0.13,0.12,0.04
6094,0.9360596695910472,0.67,0.34,0.13,0.18,0.02
6095,0.9462408192377808,0.69,0.29,0.19,0.1,0.02
6096,0.9528516996850537,0.6,0.27,0.31,0.04,0.05
6097,0.9492775495275805,0.61,0.24,0.29,0.06,0.04
6098,0.9476108828609138,0.59,0.23,0.29,0.08,0.04
6099,0.7999999999999998,0.69,0.31,0.2,0.1,0.01
6100,0.9021590097569495,0.66,0.35,0.17,0.16,0.01
6101,0.8972642368337448,0.57,0.33,0.16,0.23,0.04
6102,0.9127605514599425,0.51,0.27,0.18,0.27,0.04
6103,0.9150909182244408,0.57,0.3,0.12,0.22,0.09
6104,0.9302383233215125,0.58,0.31,0.07,0.24,0.11
6105,0.9201474050970719,0.57,0.32,0.06,0.27,0.1
6106,0.928828072827145,0.57,0.19,0.04,0.27,0.12
6107,0.9189651860203669,0.47,0.22,0.09,0.34,0.1
6108,0.904655062006789,0.38,0.16,0.09,0.38,0.15
6109,0.825,0.4,0.21,0.06,0.38,0.16
6110,0.8500000000000004,0.41,0.22,0.07,0.34,0.18
6111,0.8733333333333332,0.49,0.26,0.14,0.26,0.11
6112,0.9010240341357239,0.58,0.36,0.11,0.21,0.1
6113,0.8893573674690571,0.53,0.35,0.15,0.21,0.11
6114,0.8920480682714483,0.44,0.32,0.2,0.25,0.11
6115,0.9176907008023906,0.38,0.3,0.3,0.21,0.11
6116,0.9110240341357242,0.4,0.29,0.31,0.18,0.11
6117,0.9143573674690576,0.32,0.19,0.42,0.17,0.09
6118,0.92,0.23,0.13,0.53,0.11,0.13
6119,0.6933333333333332,0.27,0.15,0.56,0.05,0.12
6120,0.7466666666666667,0.36,0.16,0.43,0.06,0.15
6121,0.7550000000000001,0.31,0.11,0.4,0.05,0.24
6122,0.8116666666666664,0.48,0.2,0.21,0.08,0.23
6123,0.8485708114985401,0.51,0.24,0.21,0.08,0.2
6124,0.8716666666666665,0.58,0.21,0.22,0.07,0.13
6125,0.8866666666666666,0.59,0.24,0.2,0.08,0.13
6126,0.888333333333333,0.61,0.28,0.2,0.09,0.1
6127,0.9150000000000001,0.64,0.22,0.17,0.13,0.06
6128,0.9166666666666665,0.67,0.17,0.15,0.13,0.05
6129,0.9150000000000001,0.67,0.24,0.12,0.17,0.04
6130,0.9500000000000002,0.74,0.3,0.15,0.1,0.01
6131,0.9366666666666665,0.68,0.29,0.16,0.15,0.01
6132,0.97,0.72,0.33,0.2,0.06,0.02
6133,0.9633333333333336,0.77,0.28,0.19,0.02,0.02
6134,0.96,0.77,0.26,0.16,0.04,0.03
6135,0.9566666666666666,0.68,0.2,0.21,0.06,0.05
6136,0.9432001584640297,0.62,0.09,0.27,0.07,0.04
6137,0.9616666666666666,0.67,0.08,0.18,0.1,0.05
6138,0.9450000000000002,0.68,0.08,0.19,0.1,0.03
6139,0.8649999999999999,0.7,0.08,0.19,0.09,0.02
6140,0.9088727790139948,0.83,0.07,0.08,0.07,0.02
6141,0.91,0.82,0.08,0.13,0.03,0.02
6142,0.9,0.81,0.08,0.11,0.08,0.0
6143,0.9466666666666665,0.84,0.05,0.06,0.1,0.0
6144,0.93,0.81,0.04,0.09,0.07,0.03
6145,0.912260599855302,0.76,0.04,0.08,0.1,0.06
6146,0.8927969665943176,0.73,0.07,0.04,0.16,0.07
6147,0.9132289400963193,0.76,0.08,0.04,0.16,0.04
6148,0.9565622734296526,0.73,0.06,0.04,0.2,0.03
6149,0.8833333333333333,0.63,0.04,0.07,0.27,0.03
6150,0.8933333333333331,0.68,0.02,0.05,0.23,0.04
6151,0.9166666666666667,0.74,0.02,0.07,0.18,0.01
6152,0.9066666666666668,0.65,0.03,0.09,0.26,0.0
6153,0.9116666666666666,0.63,0.0,0.14,0.22,0.01
6154,0.9050000000000002,0.61,0.0,0.19,0.18,0.02
6155,0.9316666666666665,0.6,0.0,0.22,0.14,0.04
6156,0.9433333333333332,0.6,0.0,0.23,0.13,0.04
6157,0.9449999999999998,0.49,0.0,0.31,0.14,0.06
6158,0.943333333333333,0.41,0.0,0.37,0.11,0.11
6159,0.6933333333333332,0.39,0.0,0.38,0.11,0.12
6160,0.7466666666666667,0.4,0.03,0.29,0.14,0.17
6161,0.7933333333333333,0.47,0.05,0.19,0.17,0.17
6162,0.8333333333333333,0.53,0.09,0.11,0.2,0.16
6163,0.9183333333333333,0.56,0.2,0.09,0.23,0.12
6164,0.9216666666666669,0.45,0.13,0.07,0.36,0.12
6165,0.9399999999999998,0.45,0.2,0.07,0.42,0.06
6166,0.9666666666666666,0.4,0.11,0.08,0.49,0.03
6167,0.9166666666666667,0.36,0.09,0.09,0.5,0.05
6168,0.93,0.32,0.09,0.1,0.53,0.05
6169,0.84,0.36,0.1,0.07,0.5,0.07
6170,0.8450000000000002,0.33,0.07,0.14,0.41,0.12
6171,0.8600000000000003,0.4,0.08,0.11,0.38,0.11
6172,0.8549999999999999,0.37,0.05,0.14,0.36,0.13
6173,0.8683333333333334,0.4,0.05,0.13,0.33,0.14
6174,0.8733333333333333,0.36,0.0,0.17,0.33,0.14
6175,0.8923536733736939,0.33,0.01,0.25,0.26,0.16
6176,0.8869531256326253,0.32,0.0,0.29,0.25,0.14
6177,0.8702460208920471,0.26,0.0,0.33,0.29,0.12
6178,0.8900359648294852,0.27,0.0,0.36,0.27,0.1
6179,0.7966666666666664,0.22,0.0,0.43,0.29,0.06
6180,0.8100000000000002,0.2,0.0,0.42,0.27,0.11
6181,0.8716666666666666,0.19,0.0,0.33,0.38,0.1
6182,0.9116666666666667,0.22,0.0,0.14,0.52,0.12
6183,0.9133333333333331,0.21,0.0,0.13,0.54,0.12
6184,0.9199999999999998,0.22,0.0,0.07,0.6,0.11
6185,0.9149999999999998,0.21,0.0,0.11,0.57,0.11
6186,0.9399999999999998,0.12,0.0,0.06,0.67,0.15
6187,0.928333333333333,0.09,0.0,0.05,0.7,0.16
6188,0.9083333333333331,0.09,0.0,0.03,0.73,0.15
6189,0.7566666666666672,0.1,0.0,0.03,0.73,0.14
6190,0.7872506422000967,0.14,0.0,0.02,0.65,0.19
6191,0.8150366184884353,0.21,0.0,0.03,0.56,0.2
6192,0.8283699518217686,0.29,0.0,0.05,0.46,0.2
6193,0.8260725327597952,0.34,0.0,0.04,0.42,0.2
6194,0.8355995469213465,0.35,0.0,0.07,0.39,0.19
6195,0.872822594776773,0.46,0.0,0.07,0.25,0.22
6196,0.8700245955316811,0.43,0.0,0.06,0.26,0.25
6197,0.8704058972494652,0.38,0.0,0.12,0.23,0.27
6198,0.8891481266452526,0.44,0.0,0.09,0.19,0.28
6199,0.8083333333333332,0.38,0.0,0.1,0.28,0.24
6200,0.8716666666666667,0.39,0.0,0.07,0.35,0.19
6201,0.8766666666666665,0.43,0.0,0.09,0.35,0.13
6202,0.8883333333333333,0.38,0.0,0.1,0.42,0.1
6203,0.88,0.37,0.0,0.11,0.42,0.1
6204,0.8749999999999997,0.37,0.0,0.17,0.36,0.1
6205,0.9083333333333333,0.38,0.0,0.13,0.44,0.05
6206,0.9499999999999998,0.38,0.0,0.07,0.48,0.07
6207,0.9350906900984677,0.34,0.0,0.09,0.52,0.05
6208,0.9616666666666664,0.34,0.0,0.04,0.58,0.04
6209,0.8083333333333335,0.29,0.0,0.03,0.58,0.1
6210,0.8466666666666667,0.4,0.01,0.04,0.39,0.17
6211,0.8866666666666666,0.5,0.03,0.1,0.26,0.14
6212,0.8885059423729531,0.5,0.04,0.15,0.26,0.09
6213,0.8816666666666664,0.4,0.03,0.25,0.23,0.12
6214,0.8802411970588117,0.4,0.03,0.28,0.19,0.13
6215,0.8915082692396445,0.37,0.02,0.31,0.19,0.13
6216,0.9115082692396443,0.41,0.05,0.32,0.16,0.11
6217,0.9243039373779992,0.4,0.06,0.36,0.11,0.13
6218,0.9259736569733412,0.38,0.04,0.44,0.05,0.13
6219,0.7799999999999998,0.38,0.05,0.37,0.08,0.17
6220,0.8016666666666667,0.37,0.04,0.38,0.1,0.15
6221,0.8249120983491958,0.42,0.06,0.24,0.11,0.23
6222,0.8698241966983917,0.48,0.06,0.18,0.17,0.17
6223,0.8890778601261137,0.48,0.09,0.16,0.21,0.15
6224,0.9141704464975963,0.51,0.08,0.16,0.24,0.09
6225,0.9428665247342984,0.54,0.14,0.14,0.26,0.06
6226,0.9615787650158627,0.53,0.14,0.11,0.32,0.04
6227,0.9459088527702053,0.44,0.08,0.13,0.36,0.07
6228,0.9418697703132889,0.48,0.1,0.1,0.35,0.07
6229,0.8166666666666668,0.37,0.08,0.09,0.49,0.05
6230,0.8033333333333331,0.28,0.08,0.2,0.45,0.07
6231,0.815,0.31,0.08,0.21,0.39,0.09
6232,0.8450000000000005,0.29,0.05,0.24,0.42,0.05
6233,0.8644854052263866,0.34,0.03,0.26,0.34,0.06
6234,0.8833333333333333,0.39,0.03,0.32,0.23,0.06
6235,0.8911520718930537,0.49,0.05,0.29,0.18,0.04
6236,0.904485405226387,0.48,0.04,0.32,0.15,0.05
6237,0.9244094302793262,0.51,0.05,0.33,0.11,0.05
6238,0.9265906917196063,0.54,0.09,0.33,0.07,0.06
6239,0.7966666666666667,0.51,0.09,0.39,0.05,0.05
6240,0.7933333333333331,0.43,0.03,0.39,0.08,0.1
6241,0.8233333333333331,0.43,0.02,0.34,0.15,0.08
6242,0.8282521584996897,0.4,0.01,0.26,0.19,0.15
6243,0.8832521584996894,0.46,0.0,0.21,0.24,0.09
6244,0.901585491833023,0.45,0.0,0.19,0.27,0.09
6245,0.9230898088324025,0.48,0.0,0.16,0.3,0.06
6246,0.9416620044465276,0.51,0.0,0.14,0.31,0.04
6247,0.9382521584996898,0.54,0.0,0.12,0.27,0.07
6248,0.9333333333333331,0.49,0.0,0.15,0.3,0.06
6249,0.8566666666666666,0.52,0.0,0.11,0.37,0.0
6250,0.8766666666666667,0.61,0.0,0.07,0.27,0.05
6251,0.896666666666667,0.59,0.0,0.16,0.23,0.02
6252,0.9050000000000001,0.56,0.0,0.2,0.19,0.05
6253,0.8983333333333334,0.58,0.01,0.2,0.19,0.03
6254,0.9298840662756205,0.67,0.01,0.18,0.12,0.03
6255,0.9315507329422872,0.65,0.01,0.22,0.1,0.03
6256,0.9283333333333332,0.53,0.01,0.35,0.11,0.01
6257,0.9499999999999998,0.6,0.03,0.32,0.07,0.01
6258,0.9366666666666665,0.65,0.05,0.23,0.08,0.04
6259,0.8649999999999999,0.6,0.03,0.28,0.06,0.06
6260,0.8966666666666666,0.58,0.0,0.24,0.14,0.04
6261,0.9000000000000001,0.64,0.0,0.15,0.16,0.05
6262,0.9333333333333331,0.73,0.0,0.12,0.1,0.05
6263,0.9416666666666665,0.74,0.0,0.1,0.11,0.05
6264,0.9366666666666665,0.67,0.01,0.14,0.14,0.05
6265,0.9366666666666665,0.7,0.01,0.1,0.14,0.06
6266,0.9366666666666668,0.67,0.01,0.11,0.17,0.05
6267,0.9316666666666669,0.67,0.01,0.08,0.2,0.05
6268,0.9516666666666664,0.71,0.01,0.06,0.19,0.04
6269,0.8833333333333333,0.74,0.01,0.05,0.19,0.02
6270,0.9033333333333335,0.77,0.0,0.11,0.1,0.02
6271,0.9096112214903169,0.74,0.0,0.1,0.14,0.02
6272,0.89259885022646,0.72,0.0,0.14,0.1,0.04
6273,0.9205400826747235,0.71,0.0,0.19,0.07,0.03
6274,0.9425739908948272,0.74,0.0,0.18,0.05,0.03
6275,0.9401231224580219,0.69,0.0,0.22,0.05,0.04
6276,0.9334813151229876,0.68,0.0,0.22,0.05,0.05
6277,0.9385061744546203,0.56,0.02,0.32,0.05,0.07
6278,0.9548055995678498,0.55,0.01,0.39,0.02,0.04
6279,0.7874999999999999,0.53,0.01,0.37,0.04,0.06
6280,0.8250000000000002,0.6,0.0,0.29,0.03,0.08
6281,0.8699999999999999,0.65,0.01,0.24,0.03,0.08
6282,0.8733333333333335,0.71,0.0,0.23,0.03,0.03
6283,0.9233333333333331,0.77,0.01,0.16,0.05,0.02
6284,0.9033333333333333,0.76,0.02,0.14,0.05,0.05
6285,0.8933333333333333,0.72,0.03,0.15,0.1,0.03
6286,0.9116666666666667,0.71,0.02,0.11,0.14,0.04
6287,0.9366666666666665,0.71,0.03,0.15,0.12,0.02
6288,0.9049999999999998,0.66,0.01,0.15,0.15,0.04
6289,0.9199999999999998,0.63,0.01,0.18,0.17,0.02
6290,0.9116666666666668,0.63,0.01,0.24,0.09,0.04
6291,0.9266666666666669,0.64,0.0,0.25,0.08,0.03
6292,0.9235193023047091,0.6,0.0,0.32,0.05,0.03
6293,0.9260836375426205,0.51,0.0,0.4,0.06,0.03
6294,0.9475350606559746,0.48,0.0,0.45,0.05,0.02
6295,0.9573175387047315,0.47,0.0,0.48,0.05,0.0
6296,0.9449999999999998,0.47,0.0,0.48,0.03,0.02
6297,0.9549999999999998,0.53,0.0,0.44,0.0,0.03
6298,0.96,0.5,0.0,0.5,0.0,0.0
6299,0.8016666666666667,0.5,0.0,0.46,0.01,0.03
6300,0.8216666666666664,0.56,0.0,0.4,0.0,0.04
6301,0.8807454782418795,0.6,0.0,0.35,0.02,0.03
6302,0.908739041347677,0.66,0.0,0.29,0.02,0.03
6303,0.9316666666666665,0.71,0.0,0.2,0.05,0.04
6304,0.9447623805083206,0.72,0.0,0.15,0.09,0.04
6305,0.9330957138416538,0.68,0.01,0.17,0.11,0.04
6306,0.9235014218559975,0.64,0.0,0.19,0.12,0.05
6307,0.9449999999999998,0.67,0.01,0.1,0.19,0.04
6308,0.9483333333333333,0.66,0.0,0.07,0.24,0.03
6309,0.9100000000000001,0.76,0.0,0.06,0.17,0.01
6310,0.9116666666666667,0.67,0.0,0.12,0.17,0.04
6311,0.9133333333333331,0.66,0.0,0.15,0.16,0.03
6312,0.9099999999999997,0.61,0.0,0.19,0.13,0.07
6313,0.9385598014770231,0.6,0.0,0.23,0.09,0.08
6314,0.9499999999999997,0.56,0.0,0.36,0.07,0.01
6315,0.9449999999999997,0.48,0.0,0.42,0.07,0.03
6316,0.9350000000000002,0.5,0.0,0.39,0.09,0.02
6317,0.92,0.42,0.0,0.42,0.11,0.05
6318,0.9133333333333333,0.42,0.0,0.41,0.08,0.09
6319,0.7999999999999998,0.39,0.0,0.47,0.06,0.08
6320,0.7766666666666667,0.37,0.0,0.51,0.08,0.04
6321,0.8116666666666668,0.41,0.0,0.45,0.09,0.05
6322,0.8399999999999995,0.5,0.0,0.4,0.08,0.02
6323,0.8553264743911906,0.56,0.0,0.33,0.06,0.05
6324,0.8803197463590015,0.55,0.0,0.29,0.12,0.04
6325,0.8774353864615562,0.53,0.0,0.39,0.05,0.03
6326,0.8738633110908358,0.59,0.0,0.33,0.06,0.02
6327,0.8681755956175605,0.53,0.0,0.33,0.1,0.04
6328,0.9141087811604126,0.62,0.0,0.19,0.14,0.05
6329,0.9216666666666667,0.54,0.0,0.26,0.16,0.04
6330,0.9099999999999998,0.52,0.0,0.32,0.12,0.04
6331,0.9566666666666669,0.5,0.0,0.39,0.11,0.0
6332,0.9399999999999998,0.51,0.0,0.38,0.08,0.03
6333,0.9366666666666664,0.59,0.0,0.29,0.11,0.01
6334,0.9416666666666668,0.54,0.01,0.38,0.06,0.02
6335,0.9366666666666664,0.53,0.0,0.38,0.03,0.06
6336,0.9216666666666665,0.46,0.01,0.43,0.05,0.06
6337,0.9166666666666667,0.52,0.01,0.31,0.06,0.11
6338,0.928859369373431,0.51,0.01,0.34,0.04,0.11
6339,0.7783333333333333,0.52,0.0,0.31,0.07,0.1
6340,0.8291259713215635,0.6,0.0,0.2,0.08,0.12
6341,0.846666666666667,0.56,0.0,0.2,0.14,0.1
6342,0.8874593046548971,0.59,0.01,0.15,0.2,0.06
6343,0.9316666666666669,0.7,0.03,0.07,0.16,0.07
6344,0.9302136524528177,0.79,0.04,0.08,0.1,0.03
6345,0.9357542898441354,0.73,0.01,0.06,0.14,0.07
6346,0.895122797124147,0.7,0.0,0.09,0.16,0.05
6347,0.9186341613594814,0.64,0.01,0.09,0.2,0.07
6348,0.9024209565108023,0.55,0.03,0.13,0.23,0.09
6349,0.8699999999999999,0.49,0.04,0.15,0.28,0.08
6350,0.8633333333333336,0.44,0.04,0.21,0.28,0.07
6351,0.8900000000000001,0.51,0.06,0.23,0.22,0.04
6352,0.8716666666666666,0.51,0.03,0.22,0.2,0.07
6353,0.8850000000000002,0.54,0.06,0.22,0.15,0.09
6354,0.9183333333333334,0.49,0.08,0.37,0.08,0.06
6355,0.9366666666666665,0.49,0.08,0.41,0.07,0.03
6356,0.9366666666666665,0.43,0.05,0.45,0.08,0.04
6357,0.9416666666666665,0.44,0.08,0.45,0.05,0.06
6358,0.9383333333333331,0.35,0.06,0.49,0.06,0.1
6359,0.7099999999999999,0.32,0.05,0.47,0.04,0.17
6360,0.7716666666666666,0.46,0.06,0.33,0.06,0.15
6361,0.813333333333333,0.46,0.06,0.3,0.09,0.15
6362,0.8250000000000002,0.47,0.11,0.27,0.11,0.15
6363,0.8666666666666665,0.51,0.13,0.21,0.1,0.18
6364,0.893333333333333,0.53,0.12,0.22,0.14,0.11
6365,0.9366666666666668,0.56,0.15,0.15,0.21,0.08
6366,0.9083333333333333,0.56,0.2,0.18,0.19,0.07
6367,0.8943292748008734,0.43,0.19,0.21,0.28,0.08
6368,0.8876626081342067,0.41,0.17,0.15,0.33,0.11
6369,0.8416666666666669,0.41,0.15,0.13,0.34,0.12
6370,0.8600000000000001,0.47,0.23,0.18,0.24,0.11
6371,0.89,0.48,0.22,0.19,0.22,0.11
6372,0.9133333333333331,0.49,0.18,0.24,0.19,0.08
6373,0.9287995672797977,0.44,0.14,0.34,0.17,0.05
6374,0.9000000000000002,0.43,0.09,0.3,0.18,0.09
6375,0.9131670316438186,0.45,0.08,0.33,0.15,0.07
6376,0.9066666666666666,0.43,0.07,0.38,0.1,0.09
6377,0.9202331169732325,0.35,0.06,0.46,0.1,0.09
6378,0.9134932479047958,0.32,0.09,0.52,0.09,0.07
6379,0.8083333333333332,0.29,0.05,0.56,0.09,0.06
6380,0.82,0.33,0.05,0.47,0.11,0.09
6381,0.8499999999999999,0.4,0.05,0.42,0.1,0.08
6382,0.8449999999999998,0.41,0.03,0.43,0.07,0.09
6383,0.8337484168102571,0.46,0.03,0.36,0.09,0.09
6384,0.8714559585487188,0.41,0.02,0.34,0.13,0.12
6385,0.8833333333333334,0.49,0.02,0.23,0.16,0.12
6386,0.8951657988768256,0.47,0.01,0.21,0.17,0.15
6387,0.8843742084051287,0.46,0.01,0.27,0.15,0.12
6388,0.859469081988175,0.43,0.01,0.32,0.14,0.11
6389,0.8150000000000003,0.35,0.01,0.32,0.21,0.12
6390,0.7933333333333333,0.34,0.0,0.31,0.24,0.11
6391,0.83,0.39,0.0,0.29,0.25,0.07
6392,0.8483333333333334,0.38,0.0,0.32,0.26,0.04
6393,0.8533333333333334,0.4,0.0,0.26,0.26,0.08
6394,0.8616666666666671,0.42,0.0,0.26,0.17,0.15
6395,0.8849999999999999,0.41,0.0,0.27,0.15,0.17
6396,0.8850000000000005,0.38,0.0,0.33,0.1,0.19
6397,0.9049999999999998,0.45,0.0,0.4,0.04,0.11
6398,0.925,0.53,0.0,0.4,0.01,0.06
6399,0.7666666666666667,0.52,0.0,0.43,0.02,0.03
6400,0.8081081736795183,0.56,0.0,0.37,0.04,0.03
6401,0.8247748403461849,0.62,0.0,0.31,0.04,0.03
6402,0.8516666666666667,0.61,0.0,0.3,0.06,0.03
6403,0.8549999999999999,0.5,0.0,0.3,0.12,0.08
6404,0.8666666666666665,0.46,0.01,0.34,0.17,0.03
6405,0.8481081736795182,0.51,0.01,0.31,0.12,0.06
6406,0.8749999999999997,0.57,0.0,0.22,0.16,0.05
6407,0.9116666666666666,0.51,0.0,0.16,0.31,0.02
6408,0.9216666666666665,0.6,0.01,0.14,0.25,0.01
6409,0.8350000000000002,0.51,0.02,0.1,0.37,0.02
6410,0.838333333333333,0.6,0.01,0.09,0.27,0.04
6411,0.8683333333333334,0.63,0.02,0.11,0.22,0.04
6412,0.8866666666666667,0.58,0.0,0.13,0.23,0.06
6413,0.8833333333333335,0.66,0.0,0.13,0.17,0.04
6414,0.9066666666666666,0.61,0.0,0.2,0.15,0.04
6415,0.908333333333333,0.56,0.0,0.29,0.11,0.04
6416,0.9449999999999998,0.63,0.0,0.28,0.06,0.03
6417,0.9333333333333331,0.55,0.0,0.36,0.03,0.06
6418,0.9285949019944079,0.51,0.0,0.4,0.03,0.06
6419,0.7716666666666668,0.51,0.0,0.4,0.05,0.04
6420,0.8483333333333333,0.59,0.01,0.27,0.08,0.06
6421,0.8789951025811577,0.61,0.0,0.25,0.09,0.05
6422,0.9059926538717364,0.67,0.0,0.2,0.11,0.02
6423,0.93432598720507,0.7,0.0,0.15,0.14,0.01
6424,0.9326593205384032,0.74,0.0,0.08,0.15,0.03
6425,0.9276593205384033,0.65,0.0,0.07,0.23,0.05
6426,0.9119975512905788,0.56,0.0,0.08,0.28,0.08
6427,0.9186642179572455,0.62,0.0,0.09,0.22,0.07
6428,0.9626593205384033,0.6,0.0,0.09,0.26,0.05
6429,0.7833333333333334,0.44,0.0,0.12,0.38,0.06
6430,0.8066666666666663,0.51,0.0,0.15,0.27,0.07
6431,0.8516666666666667,0.6,0.0,0.1,0.22,0.08
6432,0.855,0.68,0.0,0.13,0.16,0.03
6433,0.8866666666666666,0.69,0.0,0.17,0.13,0.01
6434,0.893333333333333,0.65,0.0,0.2,0.11,0.04
6435,0.9133333333333334,0.62,0.0,0.28,0.08,0.02
6436,0.9366666666666665,0.44,0.0,0.47,0.08,0.01
6437,0.9196426468396369,0.4,0.0,0.49,0.1,0.01
6438,0.9240019590006,0.39,0.0,0.52,0.05,0.04
6439,0.7483333333333334,0.42,0.0,0.51,0.02,0.05
6440,0.8533333333333332,0.58,0.0,0.33,0.04,0.05
6441,0.8766666666666667,0.59,0.0,0.27,0.1,0.04
6442,0.9083851186265056,0.66,0.0,0.19,0.11,0.04
6443,0.8766666666666665,0.6,0.0,0.22,0.12,0.06
6444,0.9166666666666665,0.66,0.0,0.16,0.12,0.06
6445,0.8899999999999999,0.61,0.0,0.17,0.15,0.07
6446,0.9316666666666662,0.55,0.0,0.13,0.23,0.09
6447,0.935,0.54,0.0,0.05,0.26,0.15
6448,0.9366666666666664,0.51,0.0,0.05,0.26,0.18
6449,0.8016666666666667,0.53,0.0,0.07,0.27,0.13
6450,0.8166666666666669,0.53,0.0,0.1,0.28,0.09
6451,0.8216666666666664,0.53,0.0,0.15,0.22,0.1
6452,0.843333333333333,0.52,0.0,0.2,0.19,0.09
6453,0.8621789364431054,0.51,0.0,0.29,0.15,0.05
6454,0.8553824124390873,0.52,0.0,0.29,0.14,0.05
6455,0.864740285325298,0.49,0.0,0.35,0.1,0.06
6456,0.8721883069840588,0.41,0.0,0.41,0.09,0.09
6457,0.8425021724760184,0.34,0.0,0.39,0.12,0.15
6458,0.8685231065853604,0.33,0.01,0.41,0.14,0.12
6459,0.76,0.35,0.02,0.43,0.15,0.07
6460,0.8283333333333335,0.45,0.03,0.29,0.19,0.07
6461,0.8700000000000001,0.49,0.01,0.19,0.23,0.09
6462,0.8783333333333332,0.56,0.02,0.14,0.21,0.09
6463,0.9149999999999998,0.58,0.01,0.09,0.25,0.08
6464,0.935,0.54,0.0,0.08,0.31,0.07
6465,0.9333333333333332,0.59,0.0,0.08,0.29,0.04
6466,0.9416666666666668,0.59,0.0,0.1,0.28,0.03
6467,0.9249999999999998,0.61,0.0,0.08,0.28,0.03
6468,0.9383333333333335,0.61,0.0,0.07,0.27,0.05
6469,0.8233333333333333,0.62,0.0,0.02,0.32,0.04
6470,0.8350000000000002,0.61,0.0,0.07,0.29,0.03
6471,0.8472744607418253,0.62,0.0,0.12,0.22,0.04
6472,0.8383333333333333,0.55,0.0,0.16,0.25,0.04
6473,0.8272744607418254,0.5,0.0,0.21,0.23,0.06
6474,0.8372744607418252,0.4,0.0,0.27,0.21,0.12
6475,0.8324311763006347,0.34,0.0,0.28,0.25,0.13
6476,0.8374311763006346,0.28,0.0,0.35,0.24,0.13
6477,0.8518233822254758,0.31,0.0,0.34,0.18,0.17
6478,0.8445489214836512,0.28,0.0,0.37,0.13,0.22
6479,0.6983333333333336,0.35,0.0,0.4,0.08,0.17
6480,0.7600000000000001,0.42,0.0,0.31,0.1,0.17
6481,0.8033333333333332,0.46,0.0,0.27,0.12,0.15
6482,0.8066666666666665,0.49,0.0,0.29,0.11,0.11
6483,0.835,0.56,0.0,0.26,0.08,0.1
6484,0.8656320751343134,0.55,0.0,0.24,0.13,0.08
6485,0.8866666666666666,0.6,0.0,0.28,0.11,0.01
6486,0.9049999999999998,0.61,0.0,0.18,0.19,0.02
6487,0.9033333333333334,0.61,0.0,0.15,0.23,0.01
6488,0.9271610758432349,0.57,0.0,0.1,0.28,0.05
6489,0.7666666666666667,0.59,0.0,0.08,0.28,0.05
6490,0.7516666666666663,0.62,0.0,0.12,0.22,0.04
6491,0.7750000000000002,0.6,0.0,0.16,0.21,0.03
6492,0.8168624585140872,0.59,0.0,0.24,0.14,0.03
6493,0.8320582503615083,0.48,0.0,0.26,0.16,0.1
6494,0.7953915836948409,0.41,0.0,0.33,0.18,0.08
6495,0.8357831673896823,0.36,0.0,0.31,0.25,0.08
6496,0.8551957918474205,0.42,0.0,0.36,0.16,0.06
6497,0.857254042208928,0.38,0.0,0.4,0.13,0.09
6498,0.8622540422089284,0.33,0.0,0.46,0.12,0.09
6499,0.7433333333333334,0.36,0.0,0.47,0.05,0.12
6500,0.8050272374109544,0.45,0.0,0.33,0.11,0.11
6501,0.8150272374109545,0.44,0.0,0.36,0.12,0.08
6502,0.845,0.45,0.0,0.35,0.12,0.08
6503,0.8816666666666667,0.57,0.0,0.18,0.12,0.13
6504,0.8964558894143383,0.53,0.0,0.12,0.13,0.22
6505,0.885,0.54,0.0,0.09,0.13,0.24
6506,0.883333333333333,0.51,0.0,0.09,0.15,0.25
6507,0.9168607256026724,0.49,0.0,0.06,0.22,0.23
6508,0.9124572007764684,0.49,0.0,0.06,0.25,0.2
6509,0.8383333333333332,0.58,0.0,0.05,0.24,0.13
6510,0.8666666666666667,0.62,0.0,0.07,0.21,0.1
6511,0.8816666666666666,0.52,0.0,0.16,0.22,0.1
6512,0.8466666666666671,0.45,0.0,0.19,0.25,0.11
6513,0.8483333333333333,0.44,0.0,0.28,0.21,0.07
6514,0.9,0.47,0.0,0.33,0.12,0.08
6515,0.9133333333333334,0.46,0.0,0.34,0.1,0.1
6516,0.9183333333333336,0.55,0.0,0.31,0.08,0.06
6517,0.9116666666666667,0.48,0.0,0.37,0.1,0.05
6518,0.9283333333333332,0.45,0.0,0.4,0.08,0.07
6519,0.7616666666666667,0.41,0.0,0.44,0.09,0.06
6520,0.7866666666666666,0.42,0.0,0.34,0.16,0.08
6521,0.7766666666666667,0.49,0.0,0.31,0.12,0.08
6522,0.8450000000000002,0.45,0.0,0.3,0.18,0.07
6523,0.879681228358267,0.41,0.0,0.22,0.29,0.08
6524,0.8830145616916006,0.35,0.0,0.26,0.34,0.05
6525,0.8980145616916004,0.33,0.0,0.18,0.4,0.09
6526,0.9183333333333333,0.37,0.0,0.15,0.4,0.08
6527,0.932510305383797,0.32,0.01,0.11,0.47,0.1
6528,0.9316666666666665,0.33,0.0,0.12,0.46,0.09
6529,0.8350000000000004,0.46,0.0,0.1,0.37,0.07
6530,0.8450000000000003,0.36,0.0,0.15,0.39,0.1
6531,0.8583333333333336,0.49,0.0,0.17,0.26,0.08
6532,0.8749999999999999,0.51,0.0,0.16,0.21,0.12
6533,0.8792698649450458,0.58,0.0,0.15,0.13,0.14
6534,0.8833333333333334,0.54,0.0,0.2,0.11,0.15
6535,0.8626031982783792,0.48,0.0,0.24,0.14,0.14
6536,0.8666666666666666,0.5,0.0,0.19,0.16,0.15
6537,0.8826031982783792,0.54,0.0,0.17,0.18,0.11
6538,0.891380968577855,0.54,0.0,0.22,0.14,0.1
6539,0.8066666666666665,0.51,0.0,0.29,0.14,0.06
6540,0.8716666666666667,0.67,0.0,0.21,0.12,0.0
6541,0.9216666666666665,0.67,0.0,0.18,0.14,0.01
6542,0.9416666666666669,0.69,0.0,0.09,0.19,0.03
6543,0.9533333333333333,0.69,0.0,0.05,0.23,0.03
6544,0.9333333333333331,0.61,0.0,0.04,0.3,0.05
6545,0.9549999999999998,0.51,0.0,0.06,0.41,0.02
6546,0.9633333333333333,0.53,0.0,0.05,0.38,0.04
6547,0.9766666666666666,0.52,0.0,0.06,0.41,0.01
6548,0.9700000000000002,0.49,0.0,0.03,0.45,0.03
6549,0.7666666666666666,0.42,0.0,0.03,0.53,0.02
6550,0.7583333333333337,0.43,0.0,0.02,0.5,0.05
6551,0.7650000000000001,0.55,0.0,0.04,0.38,0.03
6552,0.8033333333333332,0.52,0.0,0.05,0.38,0.05
6553,0.8366666666666667,0.6,0.0,0.07,0.28,0.05
6554,0.8633333333333337,0.66,0.02,0.09,0.21,0.04
6555,0.8716666666666673,0.7,0.02,0.11,0.16,0.03
6556,0.8683333333333333,0.67,0.0,0.14,0.16,0.03
6557,0.8750000000000003,0.61,0.0,0.17,0.13,0.09
6558,0.893333333333333,0.62,0.0,0.16,0.13,0.09
6559,0.8483333333333333,0.57,0.0,0.21,0.15,0.07
6560,0.8914908887040316,0.55,0.0,0.21,0.16,0.08
6561,0.9065910159022335,0.61,0.0,0.13,0.19,0.07
6562,0.9114908887040315,0.55,0.0,0.15,0.22,0.08
6563,0.9364908887040316,0.55,0.0,0.05,0.26,0.14
6564,0.9254049945143982,0.53,0.0,0.04,0.28,0.15
6565,0.9520716611810649,0.57,0.0,0.04,0.31,0.08
6566,0.9399999999999998,0.55,0.0,0.03,0.35,0.07
6567,0.9577261524197699,0.58,0.0,0.03,0.37,0.02
6568,0.9549999999999998,0.55,0.0,0.06,0.37,0.02
6569,0.8249999999999997,0.57,0.0,0.05,0.34,0.04
6570,0.8216666666666668,0.65,0.01,0.05,0.28,0.02
6571,0.8694439062469247,0.65,0.0,0.12,0.21,0.02
6572,0.8622211458271827,0.59,0.0,0.19,0.22,0.0
6573,0.8719026833691582,0.49,0.0,0.22,0.29,0.0
6574,0.8733333333333334,0.47,0.0,0.25,0.26,0.02
6575,0.9049999999999998,0.55,0.0,0.26,0.16,0.03
6576,0.9199999999999998,0.59,0.0,0.26,0.12,0.03
6577,0.9183333333333333,0.54,0.0,0.31,0.11,0.04
6578,0.9366666666666664,0.55,0.0,0.35,0.06,0.04
6579,0.6850000000000002,0.55,0.0,0.34,0.04,0.07
6580,0.7398866011115152,0.49,0.0,0.35,0.06,0.1
6581,0.7716666666666668,0.52,0.0,0.36,0.05,0.07
6582,0.8250000000000002,0.63,0.0,0.24,0.03,0.1
6583,0.8366666666666666,0.66,0.0,0.25,0.04,0.05
6584,0.8816666666666667,0.65,0.01,0.21,0.08,0.06
6585,0.8916666666666667,0.64,0.02,0.19,0.13,0.04
6586,0.8815532677781817,0.55,0.05,0.24,0.19,0.02
6587,0.9511766567221435,0.63,0.03,0.09,0.22,0.06
6588,0.9065532677781818,0.55,0.05,0.12,0.29,0.04
6589,0.8550000000000001,0.57,0.05,0.12,0.26,0.05
6590,0.8583333333333332,0.58,0.08,0.16,0.19,0.07
6591,0.874662777716801,0.54,0.03,0.19,0.19,0.08
6592,0.8738564801460229,0.56,0.04,0.17,0.16,0.11
6593,0.8826588887669355,0.57,0.02,0.15,0.16,0.12
6594,0.8515153689129583,0.5,0.03,0.21,0.12,0.17
6595,0.8541937024292219,0.51,0.01,0.23,0.07,0.19
6596,0.8629961110501343,0.52,0.02,0.28,0.08,0.12
6597,0.8929961110501342,0.55,0.02,0.28,0.07,0.1
6598,0.8983333333333334,0.55,0.04,0.37,0.02,0.06
6599,0.8399999999999997,0.51,0.02,0.34,0.07,0.08
6600,0.8333333333333335,0.52,0.01,0.3,0.09,0.09
6601,0.8871292029228159,0.5,0.0,0.26,0.18,0.06
6602,0.9425917391789653,0.64,0.0,0.13,0.18,0.05
6603,0.9409250725122987,0.58,0.0,0.11,0.27,0.04
6604,0.9704625362561492,0.7,0.0,0.09,0.19,0.02
6605,0.9530933274084442,0.66,0.0,0.1,0.21,0.03
6606,0.9587958695894827,0.68,0.0,0.11,0.17,0.04
6607,0.9721292029228158,0.65,0.0,0.08,0.24,0.03
6608,0.9730542754351148,0.66,0.0,0.04,0.24,0.06
6609,0.7850000000000003,0.54,0.0,0.07,0.32,0.07
6610,0.8033333333333332,0.55,0.0,0.11,0.28,0.06
6611,0.8166666666666668,0.47,0.0,0.16,0.29,0.08
6612,0.8416666666666666,0.63,0.0,0.12,0.18,0.07
6613,0.8750000000000001,0.62,0.0,0.19,0.13,0.06
6614,0.8616666666666667,0.6,0.01,0.23,0.11,0.06
6615,0.8799999999999999,0.52,0.01,0.26,0.18,0.04
6616,0.8816666666666668,0.47,0.0,0.31,0.19,0.03
6617,0.9033333333333331,0.49,0.0,0.29,0.19,0.03
6618,0.9066666666666667,0.6,0.0,0.24,0.15,0.01
6619,0.8216666666666664,0.57,0.01,0.25,0.15,0.03
6620,0.9066666666666666,0.63,0.02,0.17,0.17,0.03
6621,0.9145849957646535,0.66,0.0,0.11,0.2,0.03
6622,0.9529183290979866,0.68,0.0,0.05,0.23,0.04
6623,0.9615283319215512,0.72,0.01,0.04,0.2,0.04
6624,0.9397233305097689,0.66,0.01,0.06,0.24,0.04
6625,0.9383333333333332,0.68,0.02,0.09,0.2,0.03
6626,0.9633333333333333,0.64,0.02,0.06,0.26,0.04
6627,0.9316666666666665,0.61,0.03,0.08,0.21,0.1
6628,0.9266666666666665,0.57,0.03,0.11,0.26,0.06
6629,0.7733333333333334,0.57,0.02,0.16,0.23,0.04
6630,0.8049999999999998,0.62,0.01,0.15,0.17,0.06
6631,0.8116666666666669,0.52,0.02,0.17,0.27,0.04
6632,0.8186022404733789,0.48,0.02,0.16,0.28,0.08
6633,0.830537814280091,0.39,0.0,0.22,0.32,0.07
6634,0.8502689071400453,0.36,0.0,0.25,0.32,0.07
6635,0.8469355738067124,0.36,0.0,0.31,0.3,0.03
6636,0.8872044809467577,0.38,0.0,0.35,0.25,0.02
6637,0.9210756285601819,0.35,0.01,0.44,0.17,0.04
6638,0.9355378142800909,0.35,0.02,0.48,0.12,0.05
6639,0.7516666666666666,0.38,0.04,0.47,0.09,0.06
6640,0.7483333333333333,0.35,0.06,0.47,0.1,0.08
6641,0.7849999999999998,0.45,0.12,0.4,0.12,0.03
6642,0.8716666666666667,0.53,0.18,0.2,0.21,0.06
6643,0.91,0.57,0.23,0.17,0.23,0.03
6644,0.9366666666666668,0.61,0.21,0.18,0.2,0.01
6645,0.9283333333333331,0.57,0.18,0.15,0.24,0.04
6646,0.9267838986658441,0.49,0.14,0.18,0.28,0.05
6647,0.9334505653325106,0.54,0.18,0.16,0.23,0.07
6648,0.9269011306650211,0.51,0.2,0.15,0.24,0.1
6649,0.8483333333333336,0.51,0.23,0.14,0.23,0.12
6650,0.8850000000000001,0.52,0.29,0.17,0.18,0.13
6651,0.9066666666666664,0.53,0.33,0.18,0.17,0.12
6652,0.9199999999999998,0.53,0.37,0.21,0.17,0.09
6653,0.9,0.49,0.3,0.18,0.24,0.09
6654,0.9166666666666665,0.55,0.36,0.19,0.15,0.11
6655,0.8966666666666663,0.5,0.33,0.21,0.15,0.14
6656,0.9044902111509211,0.48,0.29,0.25,0.12,0.15
6657,0.9061568778175872,0.43,0.2,0.24,0.17,0.16
6658,0.9066666666666668,0.49,0.17,0.22,0.14,0.15
6659,0.7633333333333332,0.44,0.15,0.26,0.13,0.17
6660,0.8599999999999999,0.57,0.21,0.23,0.11,0.09
6661,0.8649999999999998,0.53,0.2,0.21,0.13,0.13
6662,0.8833333333333333,0.56,0.2,0.17,0.16,0.11
6663,0.8899999999999999,0.58,0.22,0.16,0.2,0.06
6664,0.8966666666666664,0.56,0.21,0.17,0.23,0.04
6665,0.905,0.54,0.25,0.2,0.21,0.05
6666,0.903333333333333,0.62,0.33,0.17,0.2,0.01
6667,0.9178838569637804,0.57,0.27,0.18,0.21,0.04
6668,0.9091010472608939,0.59,0.16,0.16,0.22,0.03
6669,0.8449999999999999,0.6,0.18,0.09,0.28,0.03
6670,0.855,0.6,0.21,0.05,0.31,0.04
6671,0.8566666666666667,0.57,0.18,0.07,0.33,0.03
6672,0.8766666666666666,0.57,0.18,0.04,0.34,0.05
6673,0.8816666666666667,0.61,0.19,0.07,0.24,0.08
6674,0.9166666666666665,0.65,0.23,0.1,0.16,0.09
6675,0.8983333333333331,0.6,0.25,0.11,0.17,0.12
6676,0.8999999999999996,0.61,0.27,0.13,0.17,0.09
6677,0.8850000000000002,0.55,0.19,0.12,0.21,0.12
6678,0.9149999999999998,0.62,0.2,0.15,0.14,0.09
6679,0.803333333333333,0.54,0.22,0.16,0.16,0.14
6680,0.8783333333333334,0.53,0.27,0.09,0.24,0.14
6681,0.9516666666666667,0.61,0.31,0.08,0.26,0.05
6682,0.945,0.67,0.41,0.03,0.24,0.06
6683,0.9466666666666665,0.62,0.32,0.04,0.32,0.02
6684,0.945,0.56,0.28,0.08,0.35,0.01
6685,0.9333333333333332,0.56,0.18,0.07,0.35,0.02
6686,0.9279480527243552,0.43,0.11,0.11,0.46,0.0
6687,0.9133333333333331,0.4,0.1,0.08,0.49,0.03
6688,0.9366666666666665,0.41,0.1,0.1,0.46,0.03
6689,0.8433333333333334,0.38,0.1,0.08,0.48,0.06
6690,0.8500000000000001,0.38,0.13,0.13,0.43,0.06
6691,0.8775221782826857,0.47,0.16,0.14,0.32,0.07
6692,0.8858555116160188,0.49,0.18,0.19,0.25,0.07
6693,0.8975221782826859,0.43,0.18,0.3,0.21,0.06
6694,0.9000443565653715,0.46,0.21,0.23,0.2,0.11
6695,0.9183333333333331,0.5,0.26,0.22,0.2,0.08
6696,0.9175221782826856,0.46,0.28,0.28,0.17,0.09
6697,0.9344849761419646,0.51,0.33,0.25,0.17,0.07
6698,0.9283333333333332,0.48,0.29,0.24,0.16,0.12
6699,0.7616666666666667,0.35,0.21,0.35,0.2,0.1
6700,0.7883333333333336,0.47,0.33,0.23,0.2,0.1
6701,0.8316666666666667,0.5,0.4,0.2,0.2,0.1
6702,0.8650000000000003,0.59,0.45,0.12,0.17,0.12
6703,0.9166666666666664,0.68,0.56,0.08,0.13,0.11
6704,0.8966666666666667,0.64,0.51,0.11,0.2,0.05
6705,0.9199999999999998,0.58,0.43,0.12,0.23,0.07
6706,0.8999999999999999,0.45,0.32,0.1,0.32,0.13
6707,0.9200000000000002,0.47,0.37,0.08,0.33,0.12
6708,0.9150000000000001,0.48,0.32,0.09,0.3,0.13
6709,0.8566666666666665,0.48,0.29,0.1,0.32,0.1
6710,0.8633333333333336,0.43,0.19,0.22,0.25,0.1
6711,0.8649999999999999,0.37,0.18,0.37,0.18,0.08
6712,0.8960657542472437,0.47,0.25,0.37,0.1,0.06
6713,0.9324745161068952,0.59,0.41,0.3,0.04,0.07
6714,0.9527324209139101,0.59,0.44,0.3,0.01,0.1
6715,0.941666666666667,0.55,0.32,0.29,0.04,0.12
6716,0.9343990875805767,0.58,0.27,0.32,0.07,0.03
6717,0.9516666666666667,0.52,0.27,0.42,0.02,0.04
6718,0.9483333333333333,0.5,0.23,0.43,0.04,0.03
6719,0.8199999999999998,0.44,0.2,0.45,0.06,0.05
6720,0.8449999999999998,0.4,0.18,0.42,0.12,0.06
6721,0.8583333333333333,0.4,0.18,0.42,0.15,0.03
6722,0.9149999999999998,0.49,0.24,0.27,0.18,0.06
6723,0.9083333333333333,0.54,0.24,0.25,0.14,0.07
6724,0.9033333333333331,0.57,0.22,0.3,0.09,0.04
6725,0.9081672840348303,0.58,0.21,0.32,0.07,0.03
6726,0.9231672840348303,0.56,0.21,0.3,0.11,0.03
6727,0.924833950701497,0.59,0.25,0.27,0.11,0.03
6728,0.9055212070311631,0.53,0.25,0.3,0.12,0.05
6729,0.8700000000000001,0.57,0.21,0.25,0.12,0.06
6730,0.9049999999999998,0.56,0.21,0.27,0.11,0.06
6731,0.8766666666666668,0.42,0.18,0.33,0.18,0.07
6732,0.89,0.4,0.17,0.36,0.15,0.09
6733,0.8916666666666667,0.34,0.14,0.43,0.18,0.05
6734,0.9283333333333335,0.37,0.17,0.43,0.12,0.08
6735,0.9333333333333335,0.37,0.21,0.45,0.12,0.06
6736,0.9414527644486472,0.32,0.2,0.51,0.09,0.08
6737,0.9360249600126092,0.31,0.2,0.49,0.12,0.08
6738,0.9331194311153139,0.22,0.13,0.55,0.13,0.1
6739,0.7483333333333334,0.18,0.07,0.62,0.06,0.14
6740,0.7700000000000002,0.25,0.07,0.49,0.08,0.18
6741,0.7816666666666666,0.15,0.06,0.52,0.11,0.22
6742,0.8047584885995974,0.1,0.02,0.53,0.16,0.21
6743,0.8233333333333333,0.14,0.02,0.54,0.16,0.16
6744,0.8400000000000002,0.17,0.04,0.42,0.2,0.21
6745,0.868333333333333,0.23,0.05,0.33,0.27,0.17
6746,0.9066666666666666,0.26,0.1,0.24,0.34,0.16
6747,0.8766666666666665,0.16,0.04,0.32,0.31,0.21
6748,0.8697584885995973,0.18,0.05,0.3,0.3,0.22
6749,0.8549999999999998,0.23,0.08,0.31,0.28,0.18
6750,0.8433333333333334,0.21,0.09,0.29,0.28,0.22
6751,0.8516666666666666,0.19,0.08,0.37,0.24,0.2
6752,0.8866666666666667,0.23,0.07,0.42,0.2,0.15
6753,0.8883333333333329,0.23,0.07,0.45,0.2,0.12
6754,0.8866666666666666,0.22,0.07,0.53,0.17,0.08
6755,0.9033333333333333,0.31,0.07,0.49,0.13,0.07
6756,0.8768646427302107,0.29,0.05,0.46,0.13,0.12
6757,0.8868646427302109,0.27,0.03,0.51,0.08,0.14
6758,0.9084030941774809,0.3,0.02,0.51,0.08,0.11
6759,0.7650000000000005,0.23,0.0,0.6,0.04,0.13
6760,0.773333333333333,0.23,0.0,0.69,0.01,0.07
6761,0.7850000000000001,0.25,0.0,0.68,0.01,0.06
6762,0.8033333333333335,0.23,0.0,0.64,0.05,0.08
6763,0.8366666666666666,0.28,0.0,0.59,0.04,0.09
6764,0.8655438010583769,0.35,0.0,0.43,0.09,0.13
6765,0.8755438010583768,0.38,0.0,0.4,0.12,0.1
6766,0.8616666666666665,0.39,0.0,0.37,0.15,0.09
6767,0.8900000000000001,0.46,0.0,0.34,0.17,0.03
6768,0.9105438010583766,0.5,0.0,0.34,0.1,0.06
6769,0.8950000000000005,0.46,0.01,0.37,0.11,0.06
6770,0.9150000000000003,0.51,0.01,0.34,0.1,0.05
6771,0.9289074292499184,0.42,0.03,0.43,0.1,0.05
6772,0.9133333333333334,0.43,0.0,0.43,0.08,0.06
6773,0.9209847058761886,0.34,0.0,0.53,0.08,0.05
6774,0.9250000000000004,0.29,0.0,0.64,0.05,0.02
6775,0.9483333333333333,0.28,0.0,0.65,0.03,0.04
6776,0.8905012487360305,0.26,0.0,0.6,0.08,0.06
6777,0.9266666666666669,0.26,0.0,0.6,0.11,0.03
6778,0.8966666666666668,0.33,0.0,0.52,0.08,0.07
6779,0.815,0.33,0.0,0.52,0.08,0.07
6780,0.8343978424006849,0.35,0.0,0.51,0.07,0.07
6781,0.8193978424006844,0.34,0.0,0.54,0.08,0.04
6782,0.8350000000000003,0.39,0.0,0.49,0.04,0.08
6783,0.8549999999999999,0.45,0.0,0.43,0.06,0.06
6784,0.8799999999999999,0.52,0.0,0.36,0.04,0.08
6785,0.8727311757340176,0.53,0.0,0.31,0.05,0.11
6786,0.9016666666666666,0.6,0.0,0.24,0.06,0.1
6787,0.9216666666666667,0.64,0.0,0.2,0.07,0.09
6788,0.9360645090673511,0.69,0.0,0.17,0.08,0.06
6789,0.8616666666666668,0.55,0.01,0.25,0.13,0.07
6790,0.8616666666666668,0.51,0.03,0.32,0.08,0.09
6791,0.8566666666666669,0.48,0.04,0.38,0.03,0.11
6792,0.8550000000000001,0.49,0.04,0.37,0.05,0.09
6793,0.8733333333333334,0.56,0.05,0.38,0.03,0.03
6794,0.8816666666666668,0.57,0.06,0.33,0.08,0.02
6795,0.8733333333333332,0.52,0.02,0.36,0.08,0.04
6796,0.9166666666666664,0.64,0.05,0.29,0.03,0.04
6797,0.9200000000000002,0.56,0.01,0.37,0.05,0.02
6798,0.9166666666666669,0.49,0.01,0.41,0.08,0.02
6799,0.8316666666666667,0.51,0.02,0.39,0.07,0.03
6800,0.8999999999999999,0.68,0.02,0.24,0.06,0.02
6801,0.9116666666666667,0.7,0.04,0.24,0.05,0.01
6802,0.9139330519091098,0.71,0.04,0.18,0.1,0.01
6803,0.9055997185757764,0.69,0.06,0.22,0.07,0.02
6804,0.9174261042424241,0.66,0.06,0.17,0.14,0.03
6805,0.9366666666666668,0.75,0.09,0.12,0.1,0.03
6806,0.9366666666666668,0.68,0.05,0.15,0.15,0.02
6807,0.9083333333333331,0.62,0.02,0.24,0.11,0.03
6808,0.9234015227713716,0.65,0.05,0.16,0.18,0.01
6809,0.8633333333333333,0.7,0.04,0.11,0.17,0.02
6810,0.9050000000000001,0.7,0.05,0.15,0.14,0.01
6811,0.9000000000000001,0.69,0.03,0.15,0.15,0.01
6812,0.8866666666666667,0.64,0.02,0.18,0.16,0.02
6813,0.9266666666666667,0.66,0.02,0.18,0.12,0.04
6814,0.9066666666666666,0.6,0.0,0.24,0.11,0.05
6815,0.9149401869695285,0.54,0.0,0.33,0.09,0.04
6816,0.9252691370947805,0.55,0.0,0.32,0.06,0.07
6817,0.9305723071022751,0.45,0.0,0.42,0.05,0.08
6818,0.9074158058259013,0.47,0.0,0.33,0.09,0.11
6819,0.8116666666666668,0.51,0.0,0.3,0.09,0.1
6820,0.8416666666666667,0.5,0.0,0.29,0.13,0.08
6821,0.8933333333333334,0.59,0.0,0.22,0.14,0.05
6822,0.9166666666666665,0.63,0.0,0.17,0.19,0.01
6823,0.895,0.53,0.0,0.21,0.25,0.01
6824,0.8966666666666668,0.55,0.0,0.21,0.2,0.04
6825,0.91,0.53,0.0,0.19,0.23,0.05
6826,0.9133333333333333,0.55,0.0,0.17,0.21,0.07
6827,0.9300000000000002,0.52,0.0,0.13,0.28,0.07
6828,0.8966666666666664,0.54,0.0,0.18,0.18,0.1
6829,0.886666666666667,0.58,0.0,0.13,0.21,0.08
6830,0.8866666666666667,0.61,0.0,0.09,0.19,0.11
6831,0.9066666666666668,0.65,0.0,0.11,0.17,0.07
6832,0.9133333333333334,0.63,0.0,0.17,0.15,0.05
6833,0.9033333333333331,0.58,0.01,0.21,0.17,0.04
6834,0.9150000000000001,0.53,0.0,0.24,0.19,0.04
6835,0.9083333333333335,0.52,0.0,0.27,0.14,0.07
6836,0.945,0.61,0.01,0.25,0.1,0.04
6837,0.9366666666666668,0.62,0.02,0.25,0.08,0.05
6838,0.9349999999999998,0.6,0.03,0.3,0.08,0.02
6839,0.8416666666666667,0.57,0.03,0.33,0.07,0.03
6840,0.8533333333333333,0.58,0.06,0.29,0.08,0.05
6841,0.8666666666666668,0.65,0.07,0.26,0.07,0.02
6842,0.9083333333333333,0.71,0.08,0.16,0.1,0.03
6843,0.945,0.76,0.1,0.09,0.12,0.03
6844,0.9120911535655318,0.7,0.08,0.12,0.15,0.03
6845,0.9063180037314749,0.64,0.07,0.15,0.19,0.02
6846,0.9406590018657375,0.61,0.09,0.12,0.23,0.04
6847,0.9329846703981416,0.53,0.1,0.16,0.25,0.06
6848,0.907325668532404,0.47,0.09,0.15,0.3,0.08
6849,0.8433333333333334,0.48,0.09,0.14,0.31,0.07
6850,0.8723071360629859,0.54,0.07,0.16,0.22,0.08
6851,0.8629476054593052,0.54,0.03,0.17,0.22,0.07
6852,0.8925618775852765,0.63,0.04,0.14,0.2,0.03
6853,0.8729476054593052,0.65,0.03,0.11,0.2,0.04
6854,0.9142285442519431,0.65,0.08,0.18,0.15,0.02
6855,0.8978166191075674,0.61,0.06,0.12,0.19,0.08
6856,0.9167904218372196,0.64,0.07,0.14,0.17,0.05
6857,0.9438481540459748,0.68,0.07,0.16,0.09,0.07
6858,0.9224990532434376,0.63,0.12,0.23,0.1,0.04
6859,0.8266666666666665,0.58,0.12,0.23,0.18,0.01
6860,0.895,0.74,0.16,0.11,0.15,0.0
6861,0.9166666666666667,0.83,0.18,0.05,0.12,0.0
6862,0.9049999999999997,0.72,0.14,0.13,0.15,0.0
6863,0.9333333333333336,0.77,0.17,0.1,0.12,0.01
6864,0.9266666666666669,0.71,0.16,0.15,0.13,0.01
6865,0.9366666666666665,0.69,0.17,0.11,0.2,0.0
6866,0.945,0.6,0.18,0.1,0.29,0.01
6867,0.9516666666666665,0.58,0.17,0.09,0.31,0.02
6868,0.9449999999999998,0.65,0.19,0.09,0.23,0.03
6869,0.8683333333333334,0.64,0.2,0.1,0.22,0.04
6870,0.8916666666666667,0.59,0.19,0.14,0.21,0.06
6871,0.9016666666666666,0.64,0.16,0.13,0.15,0.08
6872,0.8966666666666668,0.62,0.2,0.2,0.13,0.05
6873,0.9166666666666669,0.64,0.23,0.16,0.11,0.09
6874,0.9305862574902933,0.65,0.26,0.2,0.08,0.07
6875,0.9400000000000002,0.66,0.31,0.17,0.08,0.09
6876,0.9350000000000002,0.64,0.26,0.22,0.07,0.07
6877,0.915,0.58,0.22,0.24,0.08,0.1
6878,0.9350000000000003,0.52,0.23,0.31,0.09,0.08
6879,0.7816666666666666,0.49,0.19,0.39,0.06,0.06
6880,0.8033333333333335,0.44,0.19,0.4,0.11,0.05
6881,0.8583333333333333,0.45,0.16,0.36,0.16,0.03
6882,0.8561110457949315,0.43,0.14,0.33,0.2,0.04
6883,0.8586323274092493,0.4,0.14,0.3,0.26,0.04
6884,0.8652989940759158,0.41,0.14,0.34,0.2,0.05
6885,0.8666666666666666,0.45,0.12,0.24,0.24,0.07
6886,0.8652989940759157,0.46,0.15,0.19,0.2,0.15
6887,0.8916666666666664,0.34,0.1,0.16,0.35,0.15
6888,0.8876220084630426,0.37,0.18,0.18,0.31,0.14
6889,0.841666666666667,0.33,0.13,0.16,0.42,0.09
6890,0.8433333333333336,0.35,0.14,0.17,0.42,0.06
6891,0.8966666666666666,0.41,0.17,0.28,0.27,0.04
6892,0.87,0.42,0.2,0.28,0.25,0.05
6893,0.8995923118088897,0.37,0.17,0.42,0.15,0.06
6894,0.9083333333333333,0.33,0.18,0.46,0.16,0.05
6895,0.9166666666666667,0.34,0.22,0.46,0.12,0.08
6896,0.8933333333333335,0.36,0.22,0.39,0.1,0.15
6897,0.9133333333333331,0.27,0.2,0.48,0.11,0.14
6898,0.9050000000000005,0.27,0.23,0.53,0.06,0.14
6899,0.8116666666666665,0.3,0.23,0.48,0.08,0.14
6900,0.8166666666666668,0.27,0.23,0.5,0.1,0.13
6901,0.8616666666666666,0.26,0.26,0.39,0.22,0.13
6902,0.8683333333333333,0.33,0.31,0.4,0.17,0.1
6903,0.8899866324844844,0.4,0.33,0.29,0.2,0.11
6904,0.8716666666666667,0.37,0.32,0.26,0.24,0.13
6905,0.8843073369169432,0.36,0.28,0.24,0.33,0.07
6906,0.8996163513757756,0.34,0.23,0.25,0.35,0.06
6907,0.8716868788694165,0.23,0.16,0.33,0.34,0.1
6908,0.8920705274936407,0.24,0.21,0.23,0.39,0.14
6909,0.8116666666666665,0.23,0.21,0.16,0.5,0.11
6910,0.8416666666666669,0.31,0.27,0.19,0.39,0.11
6911,0.8816666666666667,0.29,0.25,0.31,0.32,0.08
6912,0.8799999999999997,0.25,0.18,0.32,0.32,0.11
6913,0.8833333333333333,0.28,0.18,0.36,0.22,0.14
6914,0.887429967217719,0.29,0.17,0.43,0.17,0.11
6915,0.9116666666666666,0.29,0.14,0.49,0.12,0.1
6916,0.9140966338843859,0.27,0.13,0.55,0.12,0.06
6917,0.9216666666666669,0.27,0.11,0.54,0.11,0.08
6918,0.9383333333333335,0.21,0.08,0.57,0.14,0.08
6919,0.68,0.23,0.06,0.6,0.07,0.1
6920,0.7300955002218515,0.31,0.11,0.49,0.06,0.14
6921,0.7883333333333333,0.42,0.17,0.39,0.07,0.12
6922,0.835,0.5,0.15,0.27,0.09,0.14
6923,0.8733333333333334,0.6,0.19,0.22,0.11,0.07
6924,0.8899999999999999,0.65,0.19,0.22,0.1,0.03
6925,0.8833333333333332,0.69,0.17,0.18,0.08,0.05
6926,0.9233333333333331,0.79,0.25,0.1,0.02,0.09
6927,0.945,0.82,0.17,0.09,0.06,0.03
6928,0.9166666666666665,0.74,0.19,0.19,0.06,0.01
6929,0.8933333333333334,0.74,0.23,0.18,0.07,0.01
6930,0.8928497044759645,0.74,0.22,0.19,0.05,0.02
6931,0.8950000000000001,0.74,0.22,0.19,0.06,0.01
6932,0.9184487067067626,0.74,0.22,0.17,0.07,0.02
6933,0.913448706706763,0.7,0.18,0.23,0.06,0.01
6934,0.9383333333333332,0.62,0.21,0.27,0.06,0.05
6935,0.9166666666666665,0.57,0.21,0.31,0.09,0.03
6936,0.9200000000000004,0.48,0.17,0.4,0.1,0.02
6937,0.9233333333333333,0.47,0.19,0.38,0.1,0.05
6938,0.9266666666666665,0.48,0.21,0.39,0.08,0.05
6939,0.8433333333333333,0.48,0.24,0.4,0.08,0.04
6940,0.8766666666666667,0.55,0.3,0.34,0.08,0.03
6941,0.8816666666666662,0.53,0.31,0.31,0.11,0.05
6942,0.9149999999999996,0.59,0.37,0.32,0.07,0.02
6943,0.9116666666666663,0.56,0.31,0.32,0.07,0.05
6944,0.9099999999999997,0.57,0.27,0.32,0.08,0.03
6945,0.9216666666666665,0.62,0.36,0.24,0.1,0.04
6946,0.9183333333333333,0.55,0.31,0.32,0.1,0.03
6947,0.9133333333333329,0.62,0.33,0.3,0.06,0.02
6948,0.9150000000000003,0.57,0.3,0.25,0.16,0.02
6949,0.8866666666666668,0.49,0.23,0.31,0.16,0.04
6950,0.8700000000000001,0.51,0.2,0.27,0.14,0.08
6951,0.9200000000000003,0.49,0.24,0.34,0.09,0.08
6952,0.9055493743065004,0.51,0.24,0.32,0.14,0.03
6953,0.907961124486243,0.49,0.2,0.36,0.12,0.03
6954,0.9348235003594857,0.6,0.27,0.28,0.1,0.02
6955,0.9514901670261522,0.68,0.3,0.19,0.09,0.04
6956,0.955745083513076,0.75,0.44,0.17,0.02,0.06
6957,0.9616666666666666,0.73,0.46,0.19,0.03,0.05
6958,0.9633333333333334,0.72,0.42,0.23,0.03,0.02
6959,0.8199999999999997,0.68,0.35,0.24,0.04,0.04
6960,0.8166666666666668,0.63,0.31,0.28,0.08,0.01
6961,0.8574401739581315,0.72,0.35,0.2,0.07,0.01
6962,0.9165470145829302,0.74,0.39,0.14,0.12,0.0
6963,0.8999999999999999,0.77,0.49,0.13,0.07,0.03
6964,0.9183333333333333,0.73,0.45,0.11,0.11,0.05
6965,0.9383333333333335,0.69,0.43,0.1,0.15,0.06
6966,0.9483333333333333,0.77,0.48,0.08,0.12,0.03
6967,0.9433333333333332,0.77,0.44,0.06,0.12,0.05
6968,0.9396197097713964,0.7,0.38,0.08,0.17,0.05
6969,0.9116666666666664,0.7,0.37,0.13,0.14,0.03
6970,0.9216666666666669,0.67,0.38,0.18,0.12,0.03
6971,0.92,0.69,0.42,0.15,0.15,0.01
6972,0.9100000000000001,0.57,0.32,0.24,0.17,0.02
6973,0.9283333333333331,0.56,0.35,0.29,0.13,0.02
6974,0.9283333333333332,0.57,0.33,0.29,0.07,0.07
6975,0.8883333333333334,0.61,0.37,0.24,0.04,0.11
6976,0.922916633403469,0.6,0.37,0.25,0.05,0.1
6977,0.9266666666666667,0.59,0.33,0.3,0.04,0.07
6978,0.9512499667368023,0.59,0.32,0.34,0.04,0.03
6979,0.755,0.55,0.32,0.34,0.07,0.04
6980,0.8583333333333333,0.58,0.33,0.25,0.13,0.04
6981,0.9166666666666669,0.66,0.29,0.13,0.17,0.04
6982,0.88,0.57,0.24,0.18,0.2,0.05
6983,0.9116666666666666,0.56,0.19,0.15,0.24,0.05
6984,0.9299999999999998,0.59,0.22,0.11,0.22,0.08
6985,0.9466666666666664,0.6,0.23,0.15,0.24,0.01
6986,0.9333333333333332,0.6,0.15,0.17,0.23,0.0
6987,0.95,0.58,0.16,0.18,0.23,0.01
6988,0.9416666666666665,0.58,0.16,0.11,0.27,0.04
6989,0.8583333333333334,0.54,0.17,0.15,0.31,0.0
6990,0.8399999999999999,0.44,0.19,0.26,0.3,0.0
6991,0.895,0.51,0.21,0.23,0.25,0.01
6992,0.9049999999999998,0.47,0.17,0.32,0.2,0.01
6993,0.9066666666666667,0.48,0.19,0.35,0.15,0.02
6994,0.8900000000000005,0.41,0.2,0.42,0.14,0.03
6995,0.8883333333333329,0.46,0.18,0.38,0.11,0.05
6996,0.8899999999999999,0.46,0.2,0.39,0.08,0.07
6997,0.9099999999999997,0.42,0.18,0.37,0.08,0.13
6998,0.9133333333333334,0.44,0.16,0.37,0.06,0.13
6999,0.7450000000000003,0.35,0.12,0.45,0.06,0.14
7000,0.7716666666666664,0.35,0.11,0.44,0.07,0.14
7001,0.8150000000000002,0.4,0.1,0.36,0.07,0.17
7002,0.8763108832788007,0.49,0.1,0.32,0.08,0.11
7003,0.8749999999999997,0.46,0.12,0.3,0.15,0.09
7004,0.8883333333333333,0.48,0.11,0.27,0.15,0.1
7005,0.883333333333333,0.5,0.1,0.19,0.16,0.15
7006,0.915,0.48,0.11,0.15,0.27,0.1
7007,0.9,0.44,0.11,0.12,0.31,0.13
7008,0.9316666666666668,0.51,0.12,0.05,0.34,0.1
7009,0.8233333333333331,0.43,0.11,0.08,0.38,0.11
7010,0.84,0.45,0.16,0.13,0.32,0.1
7011,0.8566666666666667,0.48,0.13,0.15,0.27,0.1
7012,0.8533333333333336,0.49,0.14,0.15,0.23,0.13
7013,0.8728289650146379,0.45,0.17,0.18,0.26,0.11
7014,0.8531398963078725,0.32,0.1,0.25,0.3,0.13
7015,0.8536442646265675,0.18,0.05,0.37,0.29,0.16
7016,0.8768202283772478,0.16,0.03,0.49,0.17,0.18
7017,0.8939170092155662,0.19,0.02,0.43,0.22,0.16
7018,0.8921817744097527,0.18,0.01,0.53,0.14,0.15
7019,0.7766666666666667,0.2,0.0,0.53,0.15,0.12
7020,0.7833333333333335,0.23,0.0,0.42,0.22,0.13
7021,0.8233333333333335,0.22,0.0,0.37,0.34,0.07
7022,0.8497399176821403,0.22,0.0,0.25,0.4,0.13
7023,0.8961465020309477,0.22,0.0,0.19,0.45,0.14
7024,0.9147399176821405,0.27,0.0,0.18,0.45,0.1
7025,0.8628131686976144,0.25,0.0,0.17,0.42,0.16
7026,0.9128131686976144,0.27,0.0,0.12,0.47,0.14
7027,0.8852905589524066,0.29,0.0,0.16,0.41,0.14
7028,0.9119572256190732,0.25,0.0,0.17,0.5,0.08
7029,0.7983333333333333,0.19,0.0,0.14,0.57,0.1
7030,0.7883333333333333,0.21,0.0,0.07,0.61,0.11
7031,0.7983333333333335,0.24,0.0,0.04,0.51,0.21
7032,0.8066666666666668,0.22,0.0,0.04,0.48,0.26
7033,0.8000000000000002,0.22,0.0,0.07,0.48,0.23
7034,0.7950000000000007,0.15,0.0,0.11,0.47,0.27
7035,0.8133333333333335,0.16,0.0,0.15,0.34,0.35
7036,0.8183333333333332,0.18,0.0,0.21,0.29,0.32
7037,0.81,0.19,0.0,0.2,0.25,0.36
7038,0.8316454036190103,0.19,0.0,0.22,0.25,0.34
7039,0.778333333333333,0.17,0.0,0.24,0.26,0.33
7040,0.8199999999999998,0.23,0.0,0.17,0.32,0.28
7041,0.81,0.17,0.0,0.19,0.35,0.29
7042,0.8683333333333334,0.16,0.0,0.11,0.52,0.21
7043,0.9083333333333333,0.21,0.0,0.1,0.54,0.15
7044,0.9266666666666665,0.25,0.0,0.08,0.55,0.12
7045,0.8999999999999999,0.25,0.0,0.06,0.54,0.15
7046,0.9344773075236745,0.33,0.0,0.02,0.52,0.13
7047,0.8933333333333333,0.34,0.0,0.04,0.51,0.11
7048,0.9166666666666665,0.37,0.0,0.07,0.45,0.11
7049,0.7916666666666669,0.39,0.0,0.07,0.43,0.11
7050,0.8366666666666669,0.47,0.0,0.07,0.4,0.06
7051,0.8466666666666662,0.4,0.0,0.11,0.46,0.03
7052,0.8468952238761688,0.38,0.0,0.16,0.4,0.06
7053,0.8640190049618394,0.43,0.0,0.19,0.28,0.1
7054,0.8835618905428357,0.47,0.0,0.21,0.25,0.07
7055,0.8933333333333331,0.52,0.0,0.2,0.24,0.04
7056,0.9102285572095019,0.51,0.0,0.26,0.17,0.06
7057,0.9099999999999998,0.43,0.0,0.31,0.22,0.04
7058,0.8905933326776018,0.39,0.0,0.31,0.29,0.01
7059,0.8466666666666667,0.4,0.0,0.35,0.24,0.01
7060,0.8766666666666667,0.46,0.0,0.29,0.22,0.03
7061,0.9199999999999997,0.52,0.0,0.18,0.28,0.02
7062,0.9266666666666665,0.55,0.0,0.13,0.29,0.03
7063,0.9350000000000002,0.56,0.0,0.09,0.33,0.02
7064,0.9249999999999998,0.54,0.0,0.11,0.32,0.03
7065,0.9266666666666665,0.57,0.0,0.07,0.29,0.07
7066,0.96,0.57,0.0,0.06,0.33,0.04
7067,0.9283333333333335,0.52,0.0,0.09,0.34,0.05
7068,0.8916666666666667,0.49,0.0,0.12,0.33,0.06
7069,0.851666666666667,0.5,0.0,0.12,0.3,0.08
7070,0.8986562665629809,0.63,0.0,0.12,0.16,0.09
7071,0.8953229332296475,0.6,0.0,0.15,0.15,0.1
7072,0.8733333333333333,0.54,0.0,0.16,0.17,0.13
7073,0.8616666666666665,0.57,0.0,0.17,0.17,0.09
7074,0.8866666666666667,0.55,0.0,0.2,0.17,0.08
7075,0.9099999999999998,0.49,0.0,0.27,0.11,0.13
7076,0.9366666666666668,0.45,0.0,0.43,0.05,0.07
7077,0.9299999999999998,0.42,0.0,0.47,0.03,0.08
7078,0.9433333333333336,0.49,0.0,0.42,0.03,0.06
7079,0.7516666666666667,0.46,0.0,0.47,0.05,0.02
7080,0.8083333333333332,0.51,0.0,0.38,0.09,0.02
7081,0.8816666666666667,0.65,0.0,0.23,0.12,0.0
7082,0.9116666666666666,0.69,0.0,0.2,0.1,0.01
7083,0.8899999999999997,0.63,0.0,0.24,0.1,0.03
7084,0.9382449509043964,0.59,0.0,0.16,0.19,0.06
7085,0.9249999999999998,0.56,0.0,0.17,0.21,0.06
7086,0.9466666666666665,0.54,0.0,0.12,0.26,0.08
7087,0.9383333333333335,0.47,0.0,0.16,0.31,0.06
7088,0.9314900046874784,0.38,0.0,0.13,0.43,0.06
7089,0.778333333333333,0.33,0.0,0.18,0.43,0.06
7090,0.8083333333333335,0.34,0.0,0.17,0.42,0.07
7091,0.8710978603541717,0.44,0.0,0.2,0.29,0.07
7092,0.9016666666666667,0.47,0.0,0.28,0.19,0.06
7093,0.8883333333333335,0.4,0.0,0.31,0.22,0.07
7094,0.91,0.41,0.0,0.3,0.2,0.09
7095,0.8933333333333339,0.4,0.0,0.27,0.18,0.15
7096,0.8983333333333334,0.36,0.0,0.29,0.16,0.19
7097,0.9135713246191799,0.36,0.0,0.37,0.12,0.15
7098,0.9344311936875052,0.32,0.0,0.45,0.13,0.1
7099,0.7700000000000001,0.3,0.0,0.43,0.09,0.18
7100,0.7933333333333331,0.31,0.0,0.43,0.11,0.15
7101,0.8066666666666665,0.32,0.0,0.44,0.13,0.11
7102,0.8500000000000001,0.39,0.0,0.4,0.15,0.06
7103,0.8833333333333332,0.53,0.0,0.3,0.14,0.03
7104,0.8816666666666664,0.52,0.0,0.26,0.17,0.05
7105,0.8833333333333334,0.57,0.0,0.21,0.16,0.06
7106,0.8987969785170172,0.62,0.0,0.15,0.16,0.07
7107,0.9280576022177186,0.63,0.0,0.08,0.19,0.1
7108,0.9175939570340346,0.59,0.0,0.13,0.21,0.07
7109,0.906666666666667,0.6,0.0,0.13,0.22,0.05
7110,0.9333333333333332,0.6,0.0,0.2,0.17,0.03
7111,0.916666666666667,0.57,0.0,0.24,0.19,0.0
7112,0.92,0.5,0.0,0.28,0.21,0.01
7113,0.9326801104702731,0.58,0.0,0.3,0.11,0.01
7114,0.9216666666666665,0.49,0.0,0.35,0.13,0.03
7115,0.9333333333333335,0.55,0.0,0.32,0.08,0.05
7116,0.9175962785571741,0.49,0.0,0.33,0.1,0.08
7117,0.9142629452238409,0.5,0.0,0.37,0.06,0.07
7118,0.9391093743631111,0.44,0.0,0.4,0.11,0.05
7119,0.8216666666666664,0.41,0.0,0.45,0.1,0.04
7120,0.8427091608777034,0.44,0.0,0.39,0.1,0.07
7121,0.85437582754437,0.45,0.0,0.35,0.12,0.08
7122,0.8387516550887406,0.43,0.0,0.36,0.1,0.11
7123,0.8443758275443703,0.43,0.0,0.31,0.15,0.11
7124,0.8443758275443703,0.44,0.0,0.27,0.16,0.13
7125,0.8654183217554069,0.43,0.0,0.26,0.15,0.16
7126,0.8627091608777032,0.45,0.0,0.31,0.13,0.11
7127,0.881042494211037,0.44,0.0,0.25,0.21,0.1
7128,0.9066666666666667,0.49,0.0,0.21,0.25,0.05
7129,0.8516666666666665,0.51,0.0,0.18,0.27,0.04
7130,0.8450000000000003,0.52,0.0,0.19,0.25,0.04
7131,0.8766666666666666,0.52,0.0,0.2,0.23,0.05
7132,0.8700000000000001,0.52,0.0,0.17,0.25,0.06
7133,0.8665528580199359,0.49,0.0,0.16,0.3,0.05
7134,0.8981057160398715,0.54,0.0,0.2,0.2,0.06
7135,0.9065528580199356,0.54,0.0,0.23,0.16,0.07
7136,0.903105716039872,0.57,0.0,0.21,0.17,0.05
7137,0.905,0.48,0.0,0.27,0.16,0.09
7138,0.8916666666666666,0.51,0.0,0.28,0.05,0.16
7139,0.7883333333333336,0.51,0.0,0.29,0.09,0.11
7140,0.8649999999999999,0.58,0.0,0.21,0.15,0.06
7141,0.8750000000000001,0.64,0.0,0.18,0.15,0.03
7142,0.8916666666666667,0.68,0.0,0.16,0.15,0.01
7143,0.913333333333333,0.7,0.0,0.15,0.13,0.02
7144,0.9383333333333335,0.66,0.0,0.12,0.21,0.01
7145,0.9283333333333335,0.66,0.0,0.11,0.2,0.03
7146,0.9716666666666666,0.75,0.0,0.04,0.19,0.02
7147,0.9449999999999998,0.67,0.0,0.05,0.24,0.04
7148,0.9233333333333331,0.59,0.0,0.08,0.25,0.08
7149,0.885,0.58,0.0,0.09,0.28,0.05
7150,0.8766666666666668,0.55,0.0,0.1,0.27,0.08
7151,0.8700000000000003,0.51,0.0,0.19,0.23,0.07
7152,0.885,0.55,0.0,0.21,0.19,0.05
7153,0.8716666666666668,0.59,0.0,0.2,0.19,0.02
7154,0.901666666666667,0.68,0.0,0.2,0.11,0.01
7155,0.914721190909701,0.64,0.0,0.22,0.11,0.03
7156,0.909442381819402,0.59,0.0,0.24,0.13,0.04
7157,0.9266666666666664,0.53,0.0,0.32,0.09,0.06
7158,0.9006256293960011,0.46,0.0,0.35,0.12,0.07
7159,0.8216666666666665,0.5,0.0,0.34,0.11,0.05
7160,0.8453373243518673,0.46,0.0,0.3,0.14,0.1
7161,0.8736706576852007,0.49,0.0,0.24,0.16,0.11
7162,0.9116666666666668,0.5,0.0,0.12,0.22,0.16
7163,0.9283333333333332,0.48,0.0,0.09,0.29,0.14
7164,0.9299999999999998,0.46,0.0,0.1,0.33,0.11
7165,0.9066666666666666,0.44,0.0,0.13,0.34,0.09
7166,0.9295251020348495,0.47,0.0,0.14,0.35,0.04
7167,0.9234811715973028,0.45,0.0,0.14,0.37,0.04
7168,0.9341115352133985,0.49,0.0,0.11,0.34,0.06
7169,0.8333333333333331,0.53,0.0,0.09,0.29,0.09
7170,0.8316666666666669,0.56,0.0,0.15,0.23,0.06
7171,0.8259225548052693,0.44,0.0,0.21,0.27,0.08
7172,0.8535896773352696,0.49,0.0,0.25,0.18,0.08
7173,0.856666666666667,0.43,0.0,0.3,0.15,0.12
7174,0.9,0.45,0.0,0.37,0.09,0.09
7175,0.9283333333333332,0.4,0.0,0.43,0.06,0.11
7176,0.8816666666666668,0.37,0.0,0.46,0.06,0.11
7177,0.8850000000000002,0.36,0.0,0.44,0.06,0.14
7178,0.9028464792716454,0.26,0.0,0.52,0.1,0.12
7179,0.6900000000000002,0.17,0.0,0.66,0.09,0.08
7180,0.7600000000000001,0.24,0.0,0.55,0.12,0.09
7181,0.765,0.3,0.0,0.44,0.15,0.11
7182,0.8416666666666666,0.42,0.0,0.34,0.18,0.06
7183,0.8416666666666666,0.38,0.0,0.35,0.21,0.06
7184,0.8766666666666667,0.39,0.0,0.32,0.21,0.08
7185,0.8666666666666667,0.37,0.0,0.3,0.23,0.1
7186,0.8733333333333334,0.41,0.0,0.21,0.2,0.18
7187,0.8733333333333333,0.45,0.0,0.21,0.22,0.12
7188,0.9133333333333333,0.47,0.0,0.2,0.25,0.08
7189,0.8649999999999999,0.36,0.0,0.28,0.27,0.09
7190,0.865,0.33,0.0,0.34,0.21,0.12
7191,0.8950000000000002,0.3,0.0,0.38,0.2,0.12
7192,0.8733333333333333,0.36,0.0,0.4,0.12,0.12
7193,0.8825227883147353,0.35,0.0,0.4,0.1,0.15
7194,0.8916666666666664,0.31,0.0,0.45,0.12,0.12
7195,0.9000000000000001,0.26,0.0,0.52,0.1,0.12
7196,0.9066666666666667,0.37,0.0,0.42,0.1,0.11
7197,0.9216666666666669,0.33,0.0,0.57,0.04,0.06
7198,0.9300000000000002,0.25,0.0,0.64,0.08,0.03
7199,0.77,0.23,0.0,0.68,0.05,0.04
7200,0.7783333333333334,0.26,0.0,0.58,0.08,0.08
7201,0.8283333333333331,0.35,0.0,0.46,0.13,0.06
7202,0.8526947672707986,0.42,0.0,0.37,0.12,0.09
7203,0.8437228678749302,0.42,0.01,0.41,0.12,0.05
7204,0.8943614339374655,0.61,0.01,0.23,0.11,0.05
7205,0.9227268813177448,0.64,0.02,0.21,0.13,0.02
7206,0.9184631781805324,0.61,0.01,0.15,0.18,0.06
7207,0.9425649224235996,0.67,0.01,0.11,0.16,0.06
7208,0.922117781023065,0.63,0.0,0.14,0.2,0.03
7209,0.8016666666666665,0.69,0.0,0.11,0.17,0.03
7210,0.8068364215910087,0.66,0.0,0.18,0.1,0.06
7211,0.8000921352465383,0.57,0.0,0.22,0.14,0.07
7212,0.85,0.63,0.0,0.23,0.09,0.05
7213,0.8000000000000003,0.57,0.0,0.3,0.1,0.03
7214,0.8616666666666665,0.53,0.0,0.39,0.06,0.02
7215,0.8633333333333333,0.51,0.0,0.39,0.06,0.04
7216,0.8450000000000002,0.46,0.0,0.4,0.07,0.07
7217,0.8816666666666664,0.38,0.0,0.46,0.04,0.12
7218,0.8900000000000001,0.36,0.0,0.49,0.05,0.1
7219,0.7716666666666667,0.37,0.0,0.46,0.03,0.14
7220,0.8316666666666666,0.4,0.0,0.45,0.06,0.09
7221,0.8320668459811578,0.46,0.0,0.37,0.03,0.14
7222,0.8520668459811579,0.42,0.0,0.41,0.07,0.1
7223,0.860400179314491,0.48,0.0,0.33,0.09,0.1
7224,0.8895196293456641,0.51,0.0,0.29,0.14,0.06
7225,0.8863282008711251,0.57,0.0,0.26,0.13,0.04
7226,0.8889264813394986,0.59,0.0,0.24,0.12,0.05
7227,0.8972598146728319,0.64,0.0,0.23,0.1,0.03
7228,0.8866666666666666,0.71,0.0,0.18,0.07,0.04
7229,0.8516666666666669,0.68,0.0,0.2,0.08,0.04
7230,0.8716666666666667,0.75,0.0,0.13,0.06,0.06
7231,0.8683333333333336,0.7,0.0,0.1,0.11,0.09
7232,0.8794697856965107,0.71,0.0,0.13,0.08,0.08
7233,0.8533333333333333,0.65,0.0,0.18,0.09,0.08
7234,0.8783333333333333,0.64,0.0,0.15,0.15,0.06
7235,0.8511364523631777,0.62,0.0,0.2,0.11,0.07
7236,0.8650000000000001,0.63,0.0,0.17,0.14,0.06
7237,0.8850760237561986,0.61,0.0,0.23,0.14,0.02
7238,0.8733333333333334,0.64,0.0,0.18,0.11,0.07
7239,0.8616666666666666,0.72,0.0,0.16,0.09,0.03
7240,0.886666666666667,0.75,0.0,0.12,0.09,0.04
7241,0.9083333333333334,0.66,0.0,0.15,0.15,0.04
7242,0.9166666666666665,0.66,0.0,0.19,0.14,0.01
7243,0.9333333333333332,0.69,0.0,0.12,0.19,0.0
7244,0.9416666666666668,0.68,0.0,0.13,0.18,0.01
7245,0.9533333333333333,0.71,0.0,0.08,0.17,0.04
7246,0.9533333333333331,0.72,0.0,0.07,0.19,0.02
7247,0.9549999999999998,0.73,0.0,0.07,0.17,0.03
7248,0.9149999999999998,0.65,0.0,0.1,0.18,0.07
7249,0.8300000000000002,0.59,0.0,0.12,0.21,0.08
7250,0.866666666666667,0.53,0.0,0.23,0.16,0.08
7251,0.8533333333333334,0.53,0.0,0.26,0.12,0.09
7252,0.8616666666666667,0.57,0.0,0.29,0.08,0.06
7253,0.8633333333333332,0.48,0.0,0.35,0.11,0.06
7254,0.8850000000000005,0.51,0.0,0.33,0.08,0.08
7255,0.8966666666666667,0.43,0.0,0.42,0.06,0.09
7256,0.9083333333333333,0.43,0.0,0.46,0.07,0.04
7257,0.9149999999999997,0.36,0.0,0.56,0.05,0.03
7258,0.9133333333333334,0.29,0.0,0.59,0.06,0.06
7259,0.7183333333333336,0.28,0.0,0.63,0.04,0.05
7260,0.7616666666666668,0.36,0.0,0.5,0.11,0.03
7261,0.813333333333333,0.41,0.0,0.4,0.17,0.02
7262,0.8700000000000001,0.41,0.0,0.35,0.2,0.04
7263,0.8800000000000001,0.45,0.0,0.26,0.22,0.07
7264,0.8816666666666666,0.46,0.0,0.24,0.23,0.07
7265,0.938333333333333,0.57,0.0,0.13,0.25,0.05
7266,0.9316666666666665,0.58,0.0,0.19,0.2,0.03
7267,0.9583333333333331,0.54,0.0,0.17,0.29,0.0
7268,0.965,0.52,0.0,0.14,0.32,0.02
7269,0.8249999999999998,0.48,0.0,0.16,0.35,0.01
7270,0.8466666666666666,0.56,0.0,0.09,0.34,0.01
7271,0.8456835313954412,0.54,0.0,0.13,0.3,0.03
7272,0.8383333333333334,0.5,0.0,0.16,0.29,0.05
7273,0.8783333333333337,0.55,0.0,0.2,0.16,0.09
7274,0.8733333333333334,0.63,0.0,0.13,0.19,0.05
7275,0.8833333333333333,0.63,0.0,0.15,0.19,0.03
7276,0.8916666666666667,0.66,0.0,0.18,0.13,0.03
7277,0.9333333333333335,0.57,0.0,0.28,0.14,0.01
7278,0.9216666666666667,0.55,0.0,0.33,0.1,0.02
7279,0.8266666666666667,0.53,0.0,0.33,0.1,0.04
7280,0.8916666666666664,0.57,0.0,0.25,0.14,0.04
7281,0.898106904286984,0.57,0.0,0.19,0.15,0.09
7282,0.9233333333333331,0.57,0.0,0.11,0.26,0.06
7283,0.9283333333333332,0.53,0.0,0.11,0.29,0.07
7284,0.9133333333333333,0.57,0.0,0.12,0.22,0.09
7285,0.9249999999999997,0.54,0.0,0.11,0.25,0.1
7286,0.9183333333333331,0.55,0.0,0.07,0.23,0.15
7287,0.9316666666666663,0.57,0.0,0.07,0.24,0.12
7288,0.9399999999999998,0.6,0.0,0.08,0.24,0.08
7289,0.8283333333333336,0.53,0.0,0.12,0.31,0.04
7290,0.881666666666667,0.59,0.0,0.14,0.18,0.09
7291,0.8700000000000003,0.48,0.0,0.19,0.25,0.08
7292,0.8550000000000001,0.5,0.0,0.17,0.24,0.09
7293,0.8700000000000001,0.52,0.01,0.19,0.2,0.09
7294,0.8766666666666665,0.49,0.0,0.26,0.18,0.07
7295,0.8855549700167881,0.46,0.02,0.24,0.22,0.08
7296,0.8766649100503652,0.47,0.0,0.25,0.18,0.1
7297,0.8666649100503651,0.44,0.0,0.27,0.19,0.1
7298,0.8961099400335765,0.4,0.0,0.35,0.14,0.11
7299,0.7716666666666667,0.37,0.0,0.36,0.12,0.15
7300,0.7736997832541497,0.35,0.0,0.34,0.09,0.22
7301,0.8384870611607476,0.37,0.0,0.22,0.14,0.27
7302,0.7946287090627713,0.37,0.0,0.21,0.12,0.3
7303,0.8349999999999999,0.34,0.0,0.17,0.22,0.27
7304,0.887683224960408,0.34,0.0,0.12,0.27,0.27
7305,0.8959289258086217,0.38,0.0,0.06,0.33,0.23
7306,0.8819454841023631,0.37,0.0,0.13,0.26,0.24
7307,0.9059289258086217,0.34,0.0,0.12,0.32,0.22
7308,0.9126832249604081,0.39,0.0,0.08,0.35,0.18
7309,0.7933333333333336,0.35,0.0,0.08,0.36,0.21
7310,0.836666666666667,0.39,0.0,0.17,0.25,0.19
7311,0.8583333333333336,0.41,0.0,0.17,0.21,0.21
7312,0.8550000000000003,0.37,0.0,0.26,0.14,0.23
7313,0.8883333333333332,0.5,0.0,0.24,0.07,0.19
7314,0.8966666666666667,0.53,0.0,0.24,0.03,0.2
7315,0.9083333333333333,0.52,0.0,0.27,0.03,0.18
7316,0.906666666666667,0.5,0.0,0.28,0.02,0.2
7317,0.8966666666666667,0.4,0.0,0.33,0.04,0.23
7318,0.8983333333333334,0.33,0.0,0.4,0.06,0.21
7319,0.7083333333333333,0.23,0.0,0.46,0.04,0.27
7320,0.7666666666666668,0.33,0.0,0.36,0.09,0.22
7321,0.8016666666666665,0.43,0.0,0.31,0.11,0.15
7322,0.8416666666666669,0.51,0.0,0.25,0.09,0.15
7323,0.8866666666666666,0.61,0.0,0.17,0.12,0.1
7324,0.893333333333333,0.64,0.0,0.21,0.09,0.06
7325,0.9100000000000001,0.64,0.0,0.18,0.1,0.08
7326,0.9049999999999997,0.67,0.0,0.16,0.12,0.05
7327,0.9366666666666664,0.71,0.0,0.12,0.1,0.07
7328,0.9116666666666664,0.68,0.0,0.11,0.1,0.11
7329,0.7883333333333334,0.7,0.0,0.1,0.12,0.08
7330,0.795,0.73,0.0,0.12,0.09,0.06
7331,0.8250000000000002,0.66,0.0,0.19,0.11,0.04
7332,0.8683333333333337,0.68,0.0,0.19,0.1,0.03
7333,0.8650000000000003,0.67,0.0,0.2,0.1,0.03
7334,0.866010810724095,0.6,0.0,0.22,0.13,0.05
7335,0.8743441440574281,0.49,0.0,0.28,0.17,0.06
7336,0.9035748412353902,0.4,0.0,0.38,0.18,0.04
7337,0.9060181177956576,0.4,0.0,0.41,0.17,0.02
7338,0.9093323232703093,0.33,0.01,0.5,0.11,0.06
7339,0.6866666666666665,0.24,0.01,0.59,0.06,0.11
7340,0.7466666666666667,0.28,0.02,0.53,0.07,0.12
7341,0.7616666666666667,0.31,0.06,0.52,0.1,0.07
7342,0.7699999999999997,0.33,0.06,0.51,0.1,0.06
7343,0.8283333333333335,0.39,0.09,0.42,0.1,0.09
7344,0.8383333333333336,0.38,0.11,0.37,0.16,0.09
7345,0.855,0.36,0.07,0.29,0.26,0.09
7346,0.85,0.41,0.05,0.3,0.16,0.13
7347,0.8833333333333334,0.47,0.04,0.25,0.17,0.11
7348,0.9066666666666668,0.52,0.05,0.21,0.17,0.1
7349,0.8783333333333335,0.54,0.07,0.21,0.16,0.09
7350,0.9183333333333334,0.54,0.07,0.28,0.14,0.04
7351,0.9033333333333333,0.5,0.09,0.32,0.11,0.07
7352,0.9316666666666665,0.56,0.06,0.33,0.05,0.06
7353,0.9150000000000001,0.52,0.08,0.33,0.06,0.09
7354,0.9150000000000005,0.45,0.05,0.42,0.06,0.07
7355,0.9416666666666665,0.35,0.05,0.56,0.03,0.06
7356,0.9333333333333336,0.32,0.03,0.61,0.02,0.05
7357,0.9399999999999998,0.34,0.01,0.59,0.01,0.06
7358,0.9133333333333333,0.34,0.0,0.53,0.04,0.09
7359,0.7316666666666667,0.25,0.0,0.61,0.04,0.1
7360,0.7833333333333333,0.3,0.01,0.52,0.07,0.11
7361,0.8183333333333335,0.39,0.01,0.47,0.07,0.07
7362,0.8566666666666662,0.47,0.0,0.38,0.12,0.03
7363,0.8533333333333334,0.54,0.0,0.31,0.11,0.04
7364,0.8933333333333333,0.51,0.0,0.28,0.2,0.01
7365,0.8712333164039441,0.53,0.0,0.24,0.2,0.03
7366,0.9045666497372775,0.48,0.0,0.24,0.26,0.02
7367,0.9183333333333333,0.47,0.0,0.22,0.26,0.05
7368,0.8980572377429656,0.4,0.0,0.24,0.26,0.1
7369,0.8416666666666669,0.42,0.0,0.23,0.26,0.09
7370,0.8349999999999997,0.47,0.0,0.26,0.21,0.06
7371,0.9149999999999998,0.45,0.0,0.35,0.15,0.05
7372,0.9016666666666667,0.42,0.0,0.37,0.17,0.04
7373,0.88,0.44,0.0,0.38,0.17,0.01
7374,0.89,0.49,0.0,0.32,0.14,0.05
7375,0.9216666666666664,0.48,0.0,0.41,0.1,0.01
7376,0.9033333333333334,0.45,0.0,0.4,0.09,0.06
7377,0.9316666666666665,0.36,0.0,0.53,0.09,0.02
7378,0.9316666666666669,0.39,0.0,0.52,0.06,0.03
7379,0.7483333333333332,0.27,0.0,0.59,0.09,0.05
7380,0.7516666666666667,0.27,0.0,0.55,0.12,0.06
7381,0.7766666666666664,0.32,0.0,0.49,0.12,0.07
7382,0.786666666666667,0.28,0.0,0.45,0.16,0.11
7383,0.8616666666666665,0.41,0.0,0.27,0.23,0.09
7384,0.8733333333333332,0.37,0.0,0.22,0.3,0.11
7385,0.8683333333333332,0.34,0.0,0.19,0.32,0.15
7386,0.8949999999999996,0.37,0.0,0.12,0.32,0.19
7387,0.9049999999999997,0.33,0.0,0.08,0.45,0.14
7388,0.9116666666666666,0.31,0.0,0.07,0.46,0.16
7389,0.8000000000000002,0.3,0.0,0.08,0.42,0.2
7390,0.8133333333333336,0.26,0.0,0.16,0.38,0.2
7391,0.823333333333333,0.23,0.0,0.21,0.37,0.19
7392,0.7866666666666667,0.16,0.0,0.27,0.38,0.19
7393,0.815,0.13,0.0,0.33,0.4,0.14
7394,0.8200000000000002,0.14,0.0,0.37,0.35,0.14
7395,0.8333333333333335,0.14,0.0,0.41,0.27,0.18
7396,0.865,0.15,0.0,0.45,0.25,0.15
7397,0.8733333333333333,0.13,0.0,0.48,0.23,0.16
7398,0.8566666666666669,0.07,0.0,0.57,0.18,0.18
7399,0.6683333333333334,0.08,0.0,0.65,0.11,0.16
7400,0.7433333333333334,0.16,0.0,0.57,0.12,0.15
7401,0.7498811817170008,0.19,0.0,0.47,0.12,0.22
7402,0.7882145150503339,0.19,0.0,0.43,0.19,0.19
7403,0.8298811817170008,0.2,0.0,0.42,0.23,0.15
7404,0.8519999108862605,0.23,0.0,0.31,0.27,0.19
7405,0.8666666666666661,0.29,0.0,0.27,0.22,0.22
7406,0.8933333333333333,0.25,0.0,0.18,0.37,0.2
7407,0.9339998217725207,0.24,0.0,0.15,0.45,0.16
7408,0.9550000000000002,0.15,0.0,0.09,0.66,0.1
7409,0.6766666666666665,0.14,0.0,0.02,0.76,0.08
7410,0.6849999999999997,0.2,0.0,0.03,0.66,0.11
7411,0.7346390779165245,0.22,0.0,0.03,0.6,0.15
7412,0.7576114891663824,0.31,0.0,0.07,0.5,0.12
7413,0.7857230884622857,0.42,0.0,0.09,0.4,0.09
7414,0.7777781925428893,0.42,0.0,0.09,0.44,0.05
7415,0.7988622030886501,0.4,0.0,0.19,0.37,0.04
7416,0.8371680210915217,0.4,0.0,0.27,0.29,0.04
7417,0.8351129170109182,0.42,0.0,0.23,0.26,0.09
7418,0.8285016393046759,0.44,0.0,0.25,0.23,0.08
7419,0.7933333333333337,0.45,0.0,0.3,0.18,0.07
7420,0.84323647363382,0.41,0.0,0.24,0.24,0.11
7421,0.84823647363382,0.37,0.0,0.25,0.3,0.08
7422,0.8699031403004865,0.37,0.0,0.23,0.31,0.09
7423,0.9149031403004869,0.37,0.0,0.17,0.36,0.1
7424,0.8765698069671533,0.33,0.0,0.17,0.41,0.09
7425,0.9099031403004867,0.38,0.0,0.09,0.41,0.12
7426,0.9015698069671535,0.36,0.0,0.11,0.42,0.11
7427,0.9152431344879823,0.3,0.0,0.1,0.44,0.16
7428,0.9113760875681274,0.35,0.0,0.1,0.41,0.14
7429,0.7733333333333335,0.43,0.0,0.11,0.35,0.11
7430,0.7850000000000001,0.44,0.0,0.12,0.32,0.12
7431,0.8066666666666668,0.37,0.0,0.17,0.29,0.17
7432,0.8100000000000002,0.39,0.0,0.23,0.22,0.16
7433,0.8049999999999998,0.38,0.0,0.21,0.27,0.14
7434,0.825,0.46,0.0,0.28,0.14,0.12
7435,0.823333333333334,0.32,0.0,0.42,0.12,0.14
7436,0.8166666666666664,0.28,0.0,0.46,0.11,0.15
7437,0.8200767854297287,0.24,0.0,0.52,0.1,0.14
7438,0.8225383927148645,0.18,0.0,0.55,0.12,0.15
7439,0.6733333333333333,0.14,0.0,0.53,0.18,0.15
7440,0.6933333333333335,0.13,0.0,0.55,0.18,0.14
7441,0.727447479614953,0.17,0.0,0.53,0.24,0.06
7442,0.8245969937422402,0.29,0.0,0.36,0.29,0.06
7443,0.8100000000000002,0.32,0.0,0.35,0.26,0.07
7444,0.8166666666666668,0.3,0.0,0.35,0.25,0.1
7445,0.8566666666666667,0.39,0.0,0.23,0.28,0.1
7446,0.8816666666666667,0.42,0.0,0.16,0.25,0.17
7447,0.9083333333333334,0.47,0.0,0.13,0.29,0.11
7448,0.9183333333333331,0.42,0.0,0.11,0.32,0.15
7449,0.8116666666666665,0.46,0.0,0.11,0.32,0.11
7450,0.8316666666666667,0.46,0.0,0.16,0.28,0.1
7451,0.8448571717724181,0.5,0.0,0.15,0.26,0.09
7452,0.8598571717724185,0.55,0.0,0.21,0.16,0.08
7453,0.8700000000000004,0.5,0.0,0.29,0.15,0.06
7454,0.8366666666666669,0.45,0.0,0.31,0.12,0.12
7455,0.8433333333333334,0.41,0.0,0.31,0.11,0.17
7456,0.8549999999999998,0.36,0.0,0.34,0.12,0.18
7457,0.8816666666666668,0.39,0.0,0.38,0.11,0.12
7458,0.881101987942584,0.47,0.0,0.37,0.09,0.07
7459,0.8166666666666665,0.49,0.0,0.31,0.15,0.05
7460,0.8416666666666666,0.56,0.0,0.23,0.17,0.04
7461,0.8833333333333334,0.58,0.0,0.2,0.17,0.05
7462,0.8983333333333333,0.61,0.0,0.17,0.18,0.04
7463,0.9199999999999998,0.64,0.0,0.1,0.2,0.06
7464,0.9399999999999997,0.67,0.0,0.13,0.15,0.05
7465,0.9366666666666668,0.64,0.0,0.12,0.19,0.05
7466,0.9480727908472215,0.6,0.0,0.12,0.23,0.05
7467,0.9225517058749985,0.57,0.0,0.11,0.27,0.05
7468,0.9500886461161545,0.54,0.0,0.07,0.34,0.05
7469,0.8216666666666669,0.5,0.0,0.11,0.35,0.04
7470,0.8349802705284108,0.53,0.0,0.2,0.22,0.05
7471,0.8366272077234878,0.46,0.0,0.25,0.24,0.05
7472,0.859901352642052,0.47,0.0,0.23,0.22,0.08
7473,0.844980270528411,0.52,0.0,0.23,0.19,0.06
7474,0.8725939116054617,0.46,0.0,0.3,0.21,0.03
7475,0.8675939116054622,0.46,0.0,0.34,0.16,0.04
7476,0.8818742193491796,0.39,0.0,0.4,0.14,0.07
7477,0.8680227298215941,0.37,0.0,0.4,0.14,0.09
7478,0.8749166786423633,0.39,0.0,0.39,0.11,0.11
7479,0.7716666666666666,0.4,0.0,0.35,0.11,0.14
7480,0.8266666666666667,0.5,0.0,0.3,0.11,0.09
7481,0.8564833767814711,0.46,0.0,0.36,0.13,0.05
7482,0.8766666666666666,0.52,0.0,0.31,0.13,0.04
7483,0.9016666666666666,0.62,0.0,0.25,0.11,0.02
7484,0.9049999999999997,0.58,0.0,0.23,0.17,0.02
7485,0.9366666666666668,0.62,0.0,0.14,0.2,0.04
7486,0.9383333333333335,0.66,0.0,0.15,0.17,0.02
7487,0.9600000000000002,0.7,0.0,0.1,0.19,0.01
7488,0.9483333333333331,0.68,0.0,0.13,0.19,0.0
7489,0.8850000000000001,0.69,0.0,0.13,0.16,0.02
7490,0.8816666666666667,0.69,0.0,0.12,0.16,0.03
7491,0.8666666666666668,0.59,0.0,0.19,0.18,0.04
7492,0.8533333333333336,0.48,0.0,0.27,0.14,0.11
7493,0.851666666666667,0.53,0.0,0.25,0.09,0.13
7494,0.8733333333333337,0.57,0.0,0.29,0.05,0.09
7495,0.8999370065785195,0.51,0.0,0.38,0.04,0.07
7496,0.8832703399118528,0.45,0.0,0.39,0.04,0.12
7497,0.8849370065785195,0.46,0.0,0.4,0.05,0.09
7498,0.8883333333333334,0.49,0.0,0.35,0.08,0.08
7499,0.7799999999999997,0.57,0.0,0.33,0.04,0.06
7500,0.7633333333333333,0.53,0.0,0.27,0.13,0.07
7501,0.8167626856495501,0.55,0.0,0.21,0.12,0.12
7502,0.8484224164436989,0.56,0.0,0.17,0.15,0.12
7503,0.8541288457695176,0.59,0.0,0.1,0.16,0.15
7504,0.8549930641274816,0.51,0.0,0.17,0.18,0.14
7505,0.8841288457695176,0.45,0.0,0.12,0.29,0.14
7506,0.8808566835305995,0.48,0.0,0.12,0.3,0.1
7507,0.8666666666666666,0.53,0.0,0.09,0.26,0.12
7508,0.8883333333333334,0.57,0.0,0.13,0.25,0.05
7509,0.89,0.6,0.0,0.1,0.25,0.05
7510,0.8883333333333334,0.56,0.0,0.17,0.2,0.07
7511,0.896666666666667,0.55,0.0,0.21,0.18,0.06
7512,0.8769637911917225,0.52,0.0,0.17,0.23,0.08
7513,0.8933333333333334,0.59,0.0,0.15,0.21,0.05
7514,0.89,0.57,0.0,0.14,0.22,0.07
7515,0.8950000000000001,0.59,0.0,0.14,0.17,0.1
7516,0.8866666666666668,0.58,0.0,0.16,0.2,0.06
7517,0.8969637911917228,0.48,0.0,0.26,0.16,0.1
7518,0.8916666666666664,0.39,0.0,0.3,0.13,0.18
7519,0.7666666666666668,0.42,0.0,0.33,0.13,0.12
7520,0.7633333333333333,0.41,0.0,0.32,0.14,0.13
7521,0.8133333333333331,0.6,0.0,0.18,0.09,0.13
7522,0.8366666666666669,0.58,0.0,0.22,0.1,0.1
7523,0.8894083355494584,0.67,0.0,0.16,0.05,0.12
7524,0.8856088695129278,0.67,0.0,0.18,0.04,0.11
7525,0.8845987659829271,0.58,0.0,0.2,0.07,0.15
7526,0.8864112266760864,0.63,0.0,0.15,0.12,0.1
7527,0.9094083355494584,0.54,0.0,0.16,0.2,0.1
7528,0.9183333333333331,0.57,0.0,0.15,0.24,0.04
7529,0.8066666666666673,0.49,0.0,0.23,0.27,0.01
7530,0.8099999999999998,0.44,0.0,0.3,0.22,0.04
7531,0.857819536094101,0.43,0.0,0.34,0.18,0.05
7532,0.8650418453602698,0.41,0.0,0.36,0.16,0.07
7533,0.8450418453602697,0.39,0.0,0.43,0.12,0.06
7534,0.8633751786936028,0.39,0.0,0.47,0.09,0.05
7535,0.8633751786936031,0.35,0.0,0.45,0.13,0.07
7536,0.8811112851990042,0.36,0.0,0.41,0.12,0.11
7537,0.893783314571464,0.35,0.0,0.44,0.08,0.13
7538,0.8938889759328353,0.34,0.0,0.44,0.14,0.08
7539,0.8066666666666665,0.29,0.0,0.53,0.11,0.07
7540,0.8149999999999998,0.28,0.0,0.42,0.19,0.11
7541,0.8349999999999997,0.37,0.0,0.34,0.15,0.14
7542,0.81,0.25,0.0,0.32,0.25,0.18
7543,0.846666666666666,0.24,0.0,0.3,0.29,0.17
7544,0.862411194513284,0.26,0.0,0.19,0.36,0.19
7545,0.8716666666666666,0.22,0.0,0.19,0.37,0.22
7546,0.82,0.15,0.0,0.17,0.33,0.35
7547,0.8450000000000002,0.22,0.0,0.19,0.34,0.25
7548,0.8716666666666666,0.27,0.0,0.15,0.39,0.19
7549,0.7949999999999998,0.29,0.0,0.08,0.44,0.19
7550,0.80887417349255,0.31,0.0,0.11,0.4,0.18
7551,0.8472093827145278,0.38,0.0,0.17,0.25,0.2
7552,0.8533333333333337,0.38,0.0,0.26,0.24,0.12
7553,0.8599999999999998,0.35,0.0,0.34,0.19,0.12
7554,0.8949999999999999,0.42,0.0,0.35,0.15,0.08
7555,0.9030143635046971,0.49,0.0,0.33,0.11,0.07
7556,0.8944924731721581,0.43,0.0,0.36,0.13,0.08
7557,0.9283333333333336,0.44,0.0,0.43,0.05,0.08
7558,0.9099999999999997,0.47,0.0,0.38,0.07,0.08
7559,0.7816666666666667,0.46,0.0,0.39,0.08,0.07
7560,0.8333333333333335,0.52,0.0,0.27,0.16,0.05
7561,0.8699999999999999,0.52,0.0,0.25,0.22,0.01
7562,0.895,0.49,0.0,0.25,0.26,0.0
7563,0.9066666666666666,0.51,0.0,0.23,0.25,0.01
7564,0.8833333333333333,0.51,0.0,0.23,0.23,0.03
7565,0.918333333333333,0.47,0.0,0.17,0.32,0.04
7566,0.9349999999999998,0.65,0.0,0.13,0.18,0.04
7567,0.9484127664412871,0.61,0.0,0.14,0.21,0.04
7568,0.9269843990984823,0.62,0.0,0.12,0.2,0.06
7569,0.8750000000000003,0.58,0.0,0.11,0.24,0.07
7570,0.881666666666667,0.66,0.0,0.08,0.21,0.05
7571,0.8733333333333335,0.62,0.0,0.1,0.25,0.03
7572,0.9050000000000001,0.62,0.0,0.2,0.16,0.02
7573,0.9400000000000002,0.7,0.0,0.19,0.1,0.01
7574,0.9166666666666667,0.63,0.0,0.2,0.16,0.01
7575,0.9083333333333337,0.61,0.0,0.24,0.11,0.04
7576,0.9300000000000002,0.55,0.0,0.32,0.1,0.03
7577,0.935,0.45,0.0,0.41,0.09,0.05
7578,0.92,0.42,0.0,0.46,0.09,0.03
7579,0.7216666666666669,0.35,0.0,0.51,0.09,0.05
7580,0.795745194487684,0.39,0.0,0.41,0.14,0.06
7581,0.853902250129719,0.47,0.0,0.31,0.14,0.08
7582,0.8689022501297188,0.5,0.0,0.25,0.16,0.09
7583,0.8705689167963857,0.54,0.0,0.25,0.14,0.07
7584,0.8613141112840691,0.45,0.0,0.29,0.18,0.08
7585,0.8963141112840696,0.56,0.0,0.22,0.16,0.06
7586,0.9148237223087011,0.59,0.0,0.17,0.19,0.05
7587,0.9107451944876837,0.56,0.0,0.23,0.18,0.03
7588,0.8824118611543506,0.55,0.0,0.29,0.14,0.02
7589,0.9083333333333337,0.55,0.0,0.27,0.14,0.04
7590,0.8966666666666666,0.49,0.0,0.29,0.13,0.09
7591,0.859626537824469,0.41,0.0,0.36,0.14,0.09
7592,0.8679598711578026,0.38,0.0,0.4,0.12,0.1
7593,0.8829598711578022,0.42,0.0,0.38,0.11,0.09
7594,0.8983333333333333,0.38,0.0,0.41,0.12,0.09
7595,0.9133333333333333,0.34,0.0,0.53,0.09,0.04
7596,0.9272553746613066,0.27,0.0,0.61,0.1,0.02
7597,0.9289220413279732,0.25,0.0,0.64,0.1,0.01
7598,0.948548579152442,0.27,0.0,0.67,0.03,0.03
7599,0.7466666666666666,0.28,0.0,0.68,0.02,0.02
7600,0.7779042000508489,0.31,0.0,0.63,0.04,0.02
7601,0.8185441251771077,0.41,0.0,0.55,0.02,0.02
7602,0.8283333333333333,0.47,0.0,0.43,0.04,0.06
7603,0.8495708667175157,0.56,0.0,0.32,0.02,0.1
7604,0.8633333333333336,0.61,0.0,0.27,0.03,0.09
7605,0.9080785651619055,0.63,0.0,0.21,0.03,0.13
7606,0.8832812970697996,0.59,0.0,0.19,0.08,0.14
7607,0.9180785651619052,0.59,0.0,0.14,0.14,0.13
7608,0.9361447241080861,0.63,0.0,0.1,0.13,0.14
7609,0.875,0.62,0.0,0.14,0.14,0.1
7610,0.9233333333333335,0.65,0.0,0.14,0.16,0.05
7611,0.9183333333333331,0.58,0.0,0.23,0.13,0.06
7612,0.9133333333333333,0.56,0.0,0.31,0.08,0.05
7613,0.9400000000000002,0.6,0.0,0.3,0.06,0.04
7614,0.9366666666666664,0.62,0.0,0.28,0.04,0.06
7615,0.9466666666666665,0.48,0.0,0.39,0.1,0.03
7616,0.915,0.54,0.0,0.27,0.15,0.04
7617,0.9233333333333335,0.57,0.0,0.23,0.17,0.03
7618,0.935,0.56,0.0,0.25,0.15,0.04
7619,0.8883333333333334,0.61,0.0,0.22,0.13,0.04
7620,0.9016666666666668,0.66,0.0,0.16,0.15,0.03
7621,0.9333333333333332,0.69,0.0,0.13,0.16,0.02
7622,0.92,0.68,0.0,0.12,0.15,0.05
7623,0.9233333333333331,0.63,0.0,0.16,0.17,0.04
7624,0.9291749466919239,0.63,0.0,0.1,0.2,0.07
7625,0.9399999999999996,0.61,0.0,0.08,0.26,0.05
7626,0.9359691558701961,0.5,0.0,0.13,0.32,0.05
7627,0.9169217516898778,0.44,0.0,0.21,0.32,0.03
7628,0.9237325209186644,0.47,0.0,0.16,0.33,0.04
7629,0.845,0.54,0.0,0.11,0.29,0.06
7630,0.8966666666666667,0.62,0.0,0.1,0.2,0.08
7631,0.9016666666666668,0.58,0.0,0.2,0.13,0.09
7632,0.8900000000000001,0.53,0.0,0.23,0.13,0.11
7633,0.8866666666666668,0.53,0.0,0.21,0.12,0.14
7634,0.8916666666666672,0.62,0.0,0.15,0.1,0.13
7635,0.9116666666666673,0.57,0.0,0.22,0.09,0.12
7636,0.8901563181819138,0.53,0.0,0.23,0.08,0.16
7637,0.8883333333333334,0.55,0.0,0.22,0.12,0.11
7638,0.9016666666666668,0.49,0.0,0.29,0.12,0.1
7639,0.8216666666666668,0.52,0.0,0.3,0.11,0.07
7640,0.8516666666666665,0.65,0.0,0.18,0.12,0.05
7641,0.8683333333333333,0.59,0.0,0.22,0.14,0.05
7642,0.8900991889715112,0.59,0.0,0.2,0.15,0.06
7643,0.9099999999999998,0.66,0.0,0.1,0.19,0.05
7644,0.9187300892193794,0.61,0.0,0.09,0.21,0.09
7645,0.9203967558860461,0.45,0.0,0.12,0.35,0.08
7646,0.93,0.49,0.0,0.11,0.32,0.08
7647,0.9249999999999997,0.48,0.0,0.13,0.31,0.08
7648,0.8994295548470922,0.45,0.0,0.15,0.26,0.14
7649,0.8516666666666669,0.49,0.0,0.15,0.24,0.12
7650,0.865,0.48,0.0,0.17,0.24,0.11
7651,0.8800000000000004,0.49,0.0,0.23,0.22,0.06
7652,0.8850000000000002,0.42,0.0,0.28,0.24,0.06
7653,0.9033333333333335,0.39,0.0,0.35,0.18,0.08
7654,0.8950000000000006,0.37,0.0,0.36,0.2,0.07
7655,0.9233333333333335,0.48,0.0,0.41,0.05,0.06
7656,0.9133333333333334,0.45,0.0,0.42,0.06,0.07
7657,0.9200000000000003,0.43,0.0,0.42,0.07,0.08
7658,0.9416666666666665,0.38,0.0,0.52,0.04,0.06
7659,0.7766666666666667,0.35,0.0,0.5,0.1,0.05
7660,0.8399999999999999,0.45,0.0,0.35,0.13,0.07
7661,0.8478407664032556,0.46,0.0,0.32,0.16,0.06
7662,0.8756485191747225,0.49,0.0,0.28,0.15,0.08
7663,0.8683333333333333,0.47,0.0,0.26,0.16,0.11
7664,0.8811740997365888,0.42,0.0,0.25,0.23,0.1
7665,0.9206485191747227,0.47,0.0,0.15,0.31,0.07
7666,0.9149999999999998,0.41,0.0,0.13,0.38,0.08
7667,0.9333333333333332,0.45,0.0,0.12,0.34,0.09
7668,0.9316666666666664,0.54,0.0,0.12,0.28,0.06
7669,0.8450000000000002,0.54,0.0,0.06,0.36,0.04
7670,0.8730473962453489,0.6,0.0,0.07,0.33,0.0
7671,0.9013807295786823,0.64,0.0,0.12,0.21,0.03
7672,0.9096863101157285,0.56,0.0,0.19,0.22,0.03
7673,0.8933333333333335,0.66,0.0,0.15,0.18,0.01
7674,0.8900000000000001,0.63,0.0,0.18,0.15,0.04
7675,0.9074953196352599,0.56,0.0,0.24,0.15,0.05
7676,0.9024953196352599,0.57,0.0,0.24,0.1,0.09
7677,0.9446002378474841,0.59,0.0,0.28,0.09,0.04
7678,0.9333333333333336,0.65,0.0,0.26,0.04,0.05
7679,0.8266666666666664,0.68,0.0,0.25,0.03,0.04
7680,0.875,0.7,0.0,0.2,0.08,0.02
7681,0.8649999999999995,0.56,0.0,0.28,0.15,0.01
7682,0.8649999999999998,0.56,0.0,0.3,0.14,0.0
7683,0.8766666666666667,0.46,0.0,0.29,0.21,0.04
7684,0.8899999999999999,0.51,0.0,0.26,0.2,0.03
7685,0.9099999999999998,0.52,0.0,0.21,0.24,0.03
7686,0.9383333333333332,0.56,0.0,0.14,0.25,0.05
7687,0.9233333333333333,0.57,0.0,0.14,0.22,0.07
7688,0.9308409879659381,0.53,0.0,0.09,0.29,0.09
7689,0.866666666666667,0.48,0.0,0.08,0.32,0.12
7690,0.8583333333333334,0.4,0.0,0.1,0.4,0.1
7691,0.8616666666666665,0.44,0.0,0.1,0.38,0.08
7692,0.863333333333333,0.46,0.0,0.11,0.32,0.11
7693,0.8800000000000001,0.49,0.0,0.12,0.31,0.08
7694,0.8866666666666667,0.55,0.0,0.16,0.22,0.07
7695,0.905,0.51,0.0,0.25,0.18,0.06
7696,0.8716666666666667,0.53,0.0,0.26,0.15,0.06
7697,0.8938776003206759,0.43,0.0,0.38,0.12,0.07
7698,0.9044218673080189,0.49,0.0,0.34,0.14,0.03
7699,0.8316666666666666,0.54,0.0,0.27,0.13,0.06
7700,0.815,0.57,0.0,0.22,0.14,0.07
7701,0.865,0.63,0.0,0.22,0.12,0.03
7702,0.868333333333333,0.63,0.0,0.27,0.05,0.05
7703,0.8633333333333333,0.66,0.0,0.27,0.04,0.03
7704,0.9199999999999998,0.65,0.0,0.23,0.08,0.04
7705,0.9166666666666664,0.67,0.0,0.23,0.06,0.04
7706,0.9216666666666665,0.68,0.0,0.18,0.08,0.06
7707,0.93,0.67,0.0,0.14,0.13,0.06
7708,0.9383333333333331,0.61,0.0,0.16,0.19,0.04
7709,0.8550000000000004,0.61,0.0,0.12,0.17,0.1
7710,0.8722653602843694,0.57,0.0,0.2,0.17,0.06
7711,0.8999999999999999,0.5,0.0,0.3,0.13,0.07
7712,0.8900000000000001,0.53,0.0,0.35,0.08,0.04
7713,0.9283333333333336,0.47,0.0,0.45,0.03,0.05
7714,0.9139320269510363,0.32,0.0,0.56,0.04,0.08
7715,0.9416666666666668,0.34,0.0,0.57,0.03,0.06
7716,0.9083333333333334,0.24,0.0,0.62,0.06,0.08
7717,0.9242685652771244,0.22,0.0,0.62,0.04,0.12
7718,0.8976951501147014,0.19,0.0,0.59,0.05,0.17
7719,0.8116666666666668,0.24,0.0,0.6,0.06,0.1
7720,0.8294119149397154,0.29,0.0,0.58,0.05,0.08
7721,0.8216666666666665,0.29,0.0,0.55,0.06,0.1
7722,0.8449999999999998,0.26,0.0,0.56,0.11,0.07
7723,0.8699999999999999,0.29,0.0,0.51,0.16,0.04
7724,0.8717197749283601,0.36,0.0,0.45,0.16,0.03
7725,0.8950000000000001,0.32,0.0,0.44,0.21,0.03
7726,0.8916666666666666,0.35,0.0,0.45,0.19,0.01
7727,0.8849999999999997,0.35,0.0,0.43,0.21,0.01
7728,0.8616666666666666,0.4,0.0,0.42,0.16,0.02
7729,0.8966666666666664,0.48,0.0,0.35,0.13,0.04
7730,0.8900000000000001,0.49,0.0,0.39,0.11,0.01
7731,0.8966666666666666,0.44,0.0,0.42,0.1,0.04
7732,0.9050000000000001,0.38,0.0,0.44,0.09,0.09
7733,0.9012667350900514,0.37,0.0,0.45,0.09,0.09
7734,0.8850000000000005,0.38,0.0,0.38,0.12,0.12
7735,0.8922232114139884,0.35,0.0,0.41,0.13,0.11
7736,0.8894464228279767,0.29,0.0,0.49,0.12,0.1
7737,0.8727797561613095,0.21,0.0,0.49,0.17,0.13
7738,0.8822261789892862,0.17,0.0,0.6,0.12,0.11
7739,0.7300000000000001,0.13,0.0,0.62,0.08,0.17
7740,0.7933333333333334,0.21,0.0,0.48,0.09,0.22
7741,0.808333333333333,0.21,0.0,0.41,0.14,0.24
7742,0.82,0.21,0.0,0.37,0.18,0.24
7743,0.865,0.26,0.0,0.41,0.16,0.17
7744,0.8583333333333332,0.27,0.0,0.39,0.17,0.17
7745,0.8599999999999995,0.22,0.0,0.26,0.3,0.22
7746,0.8916666666666666,0.29,0.0,0.21,0.29,0.21
7747,0.8795791227658707,0.29,0.0,0.25,0.24,0.22
7748,0.8845791227658711,0.28,0.0,0.24,0.33,0.15
7749,0.855,0.42,0.0,0.18,0.33,0.07
7750,0.8683333333333332,0.44,0.0,0.26,0.2,0.1
7751,0.8866666666666667,0.39,0.0,0.3,0.18,0.13
7752,0.8816666666666666,0.35,0.0,0.34,0.21,0.1
7753,0.8866666666666667,0.31,0.0,0.4,0.19,0.1
7754,0.8924231658235767,0.27,0.0,0.46,0.21,0.06
7755,0.9066666666666664,0.21,0.0,0.51,0.15,0.13
7756,0.8933333333333334,0.19,0.0,0.58,0.1,0.13
7757,0.905,0.2,0.0,0.61,0.07,0.12
7758,0.9233333333333335,0.23,0.0,0.64,0.04,0.09
7759,0.7366666666666667,0.23,0.0,0.62,0.04,0.11
7760,0.7666666666666666,0.3,0.0,0.58,0.04,0.08
7761,0.813356515936123,0.45,0.0,0.48,0.03,0.04
7762,0.8866666666666664,0.49,0.0,0.44,0.06,0.01
7763,0.8983333333333331,0.51,0.0,0.41,0.08,0.0
7764,0.9012182259890555,0.54,0.0,0.36,0.08,0.02
7765,0.9033333333333329,0.54,0.0,0.34,0.1,0.02
7766,0.9070432792471465,0.45,0.0,0.37,0.14,0.04
7767,0.8922692887234487,0.42,0.0,0.35,0.2,0.03
7768,0.8862052441135643,0.37,0.0,0.32,0.26,0.05
7769,0.8683333333333334,0.33,0.0,0.29,0.34,0.04
7770,0.8583333333333332,0.27,0.0,0.28,0.33,0.12
7771,0.8550000000000001,0.28,0.0,0.29,0.32,0.11
7772,0.8400096167890932,0.31,0.0,0.25,0.34,0.1
7773,0.8766666666666666,0.28,0.0,0.33,0.27,0.12
7774,0.8866666666666667,0.31,0.0,0.37,0.19,0.13
7775,0.8933333333333334,0.37,0.0,0.34,0.2,0.09
7776,0.8966666666666666,0.33,0.0,0.47,0.09,0.11
7777,0.9316666666666665,0.35,0.0,0.48,0.06,0.11
7778,0.895,0.3,0.0,0.51,0.08,0.11
7779,0.77,0.31,0.0,0.48,0.12,0.09
7780,0.8140426994448636,0.27,0.0,0.52,0.15,0.06
7781,0.853333333333333,0.31,0.0,0.43,0.19,0.07
7782,0.8566666666666666,0.39,0.0,0.37,0.18,0.06
7783,0.8907093661115298,0.41,0.0,0.29,0.23,0.07
7784,0.90570936611153,0.36,0.0,0.24,0.31,0.09
7785,0.9173760327781965,0.4,0.0,0.22,0.33,0.05
7786,0.9238318166406088,0.48,0.0,0.15,0.27,0.1
7787,0.9250000000000002,0.52,0.0,0.14,0.3,0.04
7788,0.9099999999999998,0.46,0.0,0.16,0.31,0.07
7789,0.8416666666666666,0.41,0.0,0.17,0.34,0.08
7790,0.8614887834308527,0.43,0.0,0.24,0.27,0.06
7791,0.864822116764186,0.35,0.0,0.32,0.26,0.07
7792,0.8633333333333333,0.33,0.0,0.33,0.26,0.08
7793,0.8783333333333339,0.35,0.0,0.38,0.18,0.09
7794,0.8733333333333337,0.27,0.0,0.46,0.13,0.14
7795,0.9099999999999995,0.38,0.0,0.45,0.06,0.11
7796,0.9050000000000001,0.4,0.01,0.46,0.06,0.08
7797,0.8966666666666666,0.4,0.0,0.44,0.07,0.09
7798,0.8964887834308527,0.44,0.0,0.42,0.09,0.05
7799,0.8316666666666667,0.47,0.0,0.38,0.12,0.03
7800,0.8466666666666666,0.47,0.0,0.32,0.15,0.06
7801,0.8550000000000001,0.49,0.0,0.24,0.2,0.07
7802,0.8716666666666668,0.49,0.0,0.27,0.18,0.06
7803,0.8733333333333332,0.43,0.0,0.2,0.26,0.11
7804,0.8983333333333331,0.49,0.0,0.15,0.27,0.09
7805,0.8966666666666666,0.4,0.0,0.09,0.37,0.14
7806,0.915,0.33,0.0,0.06,0.47,0.14
7807,0.9033333333333333,0.41,0.0,0.08,0.37,0.14
7808,0.9433333333333335,0.41,0.0,0.09,0.41,0.09
7809,0.7966666666666667,0.41,0.0,0.08,0.43,0.08
7810,0.8150000000000002,0.46,0.0,0.07,0.4,0.07
7811,0.813333333333333,0.44,0.0,0.12,0.37,0.07
7812,0.8533333333333334,0.46,0.0,0.2,0.26,0.08
7813,0.8566666666666666,0.55,0.0,0.12,0.23,0.1
7814,0.8429006277874177,0.54,0.0,0.1,0.21,0.15
7815,0.8579006277874177,0.54,0.0,0.14,0.21,0.11
7816,0.8950000000000001,0.58,0.0,0.18,0.14,0.1
7817,0.8745711823528146,0.38,0.0,0.29,0.17,0.16
7818,0.8779006277874173,0.43,0.0,0.29,0.15,0.13
7819,0.7533333333333334,0.48,0.0,0.28,0.13,0.11
7820,0.7566666666666664,0.41,0.0,0.34,0.12,0.13
7821,0.7833333333333333,0.41,0.0,0.29,0.16,0.14
7822,0.8316666666666667,0.37,0.0,0.25,0.2,0.18
7823,0.8900000000000001,0.44,0.0,0.14,0.25,0.17
7824,0.9016666666666667,0.42,0.0,0.11,0.3,0.17
7825,0.8827688331294757,0.41,0.0,0.12,0.31,0.16
7826,0.9094354997961421,0.51,0.0,0.08,0.23,0.18
7827,0.9100000000000001,0.54,0.0,0.09,0.21,0.16
7828,0.932217749898071,0.62,0.0,0.05,0.23,0.1
7829,0.8583333333333333,0.68,0.0,0.07,0.18,0.07
7830,0.8416666666666669,0.65,0.0,0.08,0.2,0.07
7831,0.86,0.64,0.0,0.08,0.2,0.08
7832,0.8566666666666669,0.72,0.0,0.1,0.12,0.06
7833,0.8345818351973988,0.67,0.0,0.09,0.17,0.07
7834,0.8262485018640655,0.57,0.0,0.15,0.21,0.07
7835,0.8883333333333338,0.71,0.0,0.1,0.13,0.06
7836,0.895,0.71,0.0,0.13,0.1,0.06
7837,0.9166666666666665,0.73,0.0,0.13,0.06,0.08
7838,0.8666666666666663,0.65,0.0,0.15,0.1,0.1
7839,0.8833333333333333,0.67,0.0,0.17,0.09,0.07
7840,0.8827037447596133,0.63,0.0,0.2,0.1,0.07
7841,0.8459243265259743,0.61,0.0,0.2,0.1,0.09
7842,0.8942576598593074,0.6,0.0,0.13,0.18,0.09
7843,0.9340013473129326,0.7,0.0,0.11,0.13,0.06
7844,0.9314411635327215,0.67,0.0,0.08,0.21,0.04
7845,0.9509699711093215,0.72,0.0,0.11,0.16,0.01
7846,0.9363284119657487,0.69,0.0,0.11,0.17,0.03
7847,0.8946263181587776,0.64,0.0,0.2,0.12,0.04
7848,0.8890013473129329,0.56,0.0,0.17,0.22,0.05
7849,0.8483333333333333,0.58,0.0,0.15,0.26,0.01
7850,0.8633333333333338,0.57,0.0,0.18,0.19,0.06
7851,0.8666666666666666,0.51,0.0,0.23,0.17,0.09
7852,0.9133333333333333,0.56,0.0,0.26,0.08,0.1
7853,0.8783333333333335,0.53,0.0,0.27,0.08,0.12
7854,0.8633333333333336,0.6,0.0,0.24,0.07,0.09
7855,0.8864195245514803,0.59,0.0,0.23,0.08,0.1
7856,0.8983333333333334,0.61,0.0,0.26,0.05,0.08
7857,0.9016666666666664,0.56,0.0,0.34,0.04,0.06
7858,0.915,0.57,0.0,0.37,0.02,0.04
7859,0.8116666666666664,0.52,0.0,0.42,0.04,0.02
7860,0.8166666666666665,0.5,0.0,0.39,0.07,0.04
7861,0.8550000000000001,0.51,0.0,0.37,0.11,0.01
7862,0.845,0.45,0.0,0.38,0.12,0.05
7863,0.8431212213923363,0.58,0.0,0.27,0.13,0.02
7864,0.8631212213923363,0.54,0.0,0.23,0.19,0.04
7865,0.8566666666666667,0.43,0.0,0.23,0.3,0.04
7866,0.9033333333333331,0.47,0.0,0.15,0.34,0.04
7867,0.8964545547256697,0.42,0.0,0.12,0.37,0.09
7868,0.9414545547256694,0.48,0.0,0.05,0.42,0.05
7869,0.8116666666666668,0.5,0.0,0.07,0.4,0.03
7870,0.8449999999999999,0.53,0.0,0.09,0.33,0.05
7871,0.868333333333333,0.52,0.0,0.15,0.26,0.07
7872,0.87,0.49,0.0,0.21,0.22,0.08
7873,0.893305301803338,0.41,0.0,0.3,0.2,0.09
7874,0.8916666666666668,0.5,0.0,0.27,0.15,0.08
7875,0.9166666666666669,0.56,0.0,0.26,0.14,0.04
7876,0.9166666666666665,0.56,0.0,0.29,0.1,0.05
7877,0.8999999999999999,0.58,0.0,0.24,0.14,0.04
7878,0.8966666666666664,0.55,0.0,0.26,0.11,0.08
7879,0.8,0.48,0.0,0.32,0.13,0.07
7880,0.8466666666666666,0.46,0.0,0.25,0.22,0.07
7881,0.8783333333333332,0.53,0.0,0.17,0.27,0.03
7882,0.8916666666666667,0.45,0.0,0.16,0.32,0.07
7883,0.8950000000000001,0.47,0.0,0.11,0.33,0.09
7884,0.8966666666666663,0.56,0.0,0.09,0.31,0.04
7885,0.9333333333333332,0.58,0.0,0.04,0.35,0.03
7886,0.93,0.48,0.0,0.07,0.42,0.03
7887,0.8983333333333334,0.4,0.0,0.13,0.43,0.04
7888,0.9299999999999998,0.38,0.0,0.09,0.49,0.04
7889,0.7883333333333334,0.4,0.0,0.06,0.46,0.08
7890,0.8095845487358777,0.41,0.0,0.07,0.44,0.08
7891,0.8029178820692112,0.34,0.0,0.08,0.46,0.12
7892,0.8160834681138455,0.29,0.0,0.12,0.48,0.11
7893,0.8372950133255581,0.3,0.0,0.21,0.4,0.09
7894,0.8276853679031498,0.21,0.0,0.23,0.35,0.21
7895,0.8414717057019945,0.16,0.0,0.27,0.28,0.29
7896,0.8327782087625476,0.21,0.0,0.3,0.15,0.34
7897,0.876759507526065,0.33,0.0,0.33,0.09,0.25
7898,0.8728686886315015,0.29,0.0,0.41,0.07,0.23
7899,0.7616666666666666,0.34,0.0,0.44,0.05,0.17
7900,0.765493520130304,0.36,0.0,0.39,0.06,0.19
7901,0.8016666666666667,0.38,0.0,0.4,0.08,0.14
7902,0.8333333333333335,0.42,0.0,0.42,0.08,0.08
7903,0.8703778642424124,0.46,0.0,0.35,0.12,0.07
7904,0.8333333333333333,0.45,0.0,0.39,0.08,0.08
7905,0.8200914015718088,0.43,0.0,0.36,0.15,0.06
7906,0.8683333333333332,0.45,0.0,0.33,0.15,0.07
7907,0.8783333333333327,0.52,0.0,0.28,0.14,0.06
7908,0.8516666666666662,0.47,0.0,0.28,0.11,0.14
7909,0.8233333333333333,0.52,0.0,0.16,0.14,0.18
7910,0.8783333333333333,0.56,0.0,0.21,0.14,0.09
7911,0.8450000000000002,0.48,0.0,0.3,0.16,0.06
7912,0.8483333333333334,0.5,0.0,0.28,0.14,0.08
7913,0.8633333333333333,0.48,0.0,0.32,0.15,0.05
7914,0.9016666666666667,0.44,0.0,0.44,0.06,0.06
7915,0.8733333333333335,0.36,0.0,0.48,0.06,0.1
7916,0.893333333333333,0.34,0.0,0.51,0.03,0.12
7917,0.8766666666666666,0.27,0.0,0.54,0.03,0.16
7918,0.8799999999999999,0.21,0.0,0.6,0.05,0.14
7919,0.6700000000000003,0.16,0.0,0.67,0.04,0.13
7920,0.7200000000000002,0.25,0.0,0.51,0.05,0.19
7921,0.7733333333333334,0.33,0.0,0.44,0.05,0.18
7922,0.7916666666666669,0.42,0.0,0.34,0.07,0.17
7923,0.8233333333333335,0.49,0.0,0.27,0.09,0.15
7924,0.8583333333333333,0.49,0.0,0.32,0.12,0.07
7925,0.8799999999999999,0.46,0.0,0.29,0.21,0.04
7926,0.9033333333333333,0.45,0.0,0.27,0.27,0.01
7927,0.8983333333333333,0.47,0.0,0.2,0.31,0.02
7928,0.9116666666666664,0.41,0.0,0.22,0.34,0.03
7929,0.825,0.42,0.0,0.16,0.38,0.04
7930,0.8666666666666667,0.55,0.0,0.18,0.23,0.04
7931,0.8666666666666666,0.52,0.0,0.22,0.22,0.04
7932,0.8766666666666668,0.5,0.0,0.24,0.19,0.07
7933,0.8549999999999999,0.46,0.0,0.24,0.19,0.11
7934,0.8833333333333333,0.51,0.0,0.25,0.18,0.06
7935,0.8633333333333333,0.48,0.0,0.26,0.18,0.08
7936,0.8733333333333335,0.47,0.0,0.3,0.14,0.09
7937,0.8850000000000001,0.45,0.0,0.37,0.08,0.1
7938,0.8916666666666666,0.44,0.0,0.41,0.04,0.11
7939,0.8166666666666668,0.49,0.0,0.34,0.05,0.12
7940,0.8949999999999997,0.61,0.0,0.25,0.08,0.06
7941,0.8583333333333332,0.58,0.0,0.3,0.08,0.04
7942,0.8958580709766373,0.65,0.0,0.23,0.11,0.01
7943,0.9033333333333333,0.66,0.0,0.18,0.14,0.02
7944,0.9083333333333333,0.64,0.0,0.18,0.17,0.01
7945,0.9,0.59,0.0,0.18,0.2,0.03
7946,0.92,0.51,0.0,0.14,0.28,0.07
7947,0.9100000000000003,0.47,0.0,0.1,0.34,0.09
7948,0.9299999999999998,0.46,0.0,0.09,0.36,0.09
7949,0.81,0.47,0.0,0.08,0.37,0.08
7950,0.83,0.42,0.0,0.17,0.32,0.09
7951,0.8216666666666663,0.39,0.0,0.16,0.33,0.12
7952,0.8166666666666668,0.36,0.0,0.19,0.37,0.08
7953,0.8266666666666667,0.4,0.0,0.22,0.33,0.05
7954,0.8583333333333336,0.45,0.0,0.27,0.26,0.02
7955,0.8749999999999997,0.49,0.0,0.31,0.19,0.01
7956,0.8778090782911945,0.42,0.0,0.4,0.14,0.04
7957,0.8999999999999999,0.38,0.0,0.44,0.11,0.07
7958,0.8766666666666667,0.31,0.0,0.51,0.09,0.09
7959,0.7583333333333333,0.28,0.0,0.53,0.07,0.12
7960,0.7633333333333333,0.27,0.0,0.51,0.09,0.13
7961,0.7716666666666666,0.26,0.0,0.52,0.12,0.1
7962,0.7883333333333334,0.24,0.0,0.46,0.16,0.14
7963,0.8449999999999999,0.29,0.0,0.46,0.18,0.07
7964,0.8316666666666669,0.29,0.0,0.39,0.24,0.08
7965,0.8713693377861677,0.34,0.0,0.28,0.29,0.09
7966,0.8910502954678793,0.5,0.01,0.2,0.21,0.09
7967,0.9199999999999998,0.49,0.0,0.18,0.26,0.07
7968,0.92,0.52,0.0,0.22,0.21,0.05
7969,0.8716666666666667,0.45,0.0,0.27,0.22,0.06
7970,0.8833333333333337,0.54,0.0,0.26,0.12,0.08
7971,0.8683333333333333,0.53,0.0,0.24,0.13,0.1
7972,0.9100000000000003,0.5,0.0,0.3,0.12,0.08
7973,0.9083333333333335,0.44,0.0,0.38,0.15,0.03
7974,0.885,0.44,0.0,0.37,0.12,0.07
7975,0.8983333333333331,0.48,0.0,0.36,0.07,0.09
7976,0.896666666666667,0.54,0.0,0.36,0.05,0.05
7977,0.8757771908792003,0.48,0.0,0.34,0.08,0.1
7978,0.8906649059709347,0.42,0.0,0.38,0.08,0.12
7979,0.8299999999999998,0.47,0.0,0.33,0.09,0.11
7980,0.8616666666666666,0.51,0.0,0.31,0.1,0.08
7981,0.8966666666666666,0.58,0.0,0.23,0.11,0.08
7982,0.8766666666666665,0.55,0.0,0.28,0.11,0.06
7983,0.9100000000000001,0.64,0.0,0.22,0.1,0.04
7984,0.9116666666666664,0.63,0.0,0.16,0.17,0.04
7985,0.8916666666666666,0.67,0.0,0.14,0.16,0.03
7986,0.91,0.71,0.0,0.14,0.14,0.01
7987,0.9199999999999998,0.68,0.0,0.14,0.18,0.0
7988,0.9533333333333333,0.72,0.01,0.09,0.17,0.02
7989,0.8716666666666671,0.73,0.01,0.13,0.13,0.01
7990,0.856666666666667,0.64,0.01,0.22,0.13,0.01
7991,0.8983333333333335,0.62,0.04,0.23,0.14,0.01
7992,0.8917345613126131,0.51,0.04,0.34,0.1,0.05
7993,0.9123030133396758,0.51,0.03,0.38,0.07,0.04
7994,0.9284541466269013,0.49,0.04,0.38,0.06,0.07
7995,0.9185220412728475,0.44,0.02,0.44,0.03,0.09
7996,0.8997102069920955,0.47,0.02,0.45,0.02,0.06
7997,0.920274690706849,0.49,0.05,0.4,0.02,0.09
7998,0.9216666666666665,0.56,0.07,0.36,0.02,0.06
7999,0.8250000000000002,0.54,0.07,0.37,0.03,0.06
8000,0.8599999999999999,0.64,0.07,0.28,0.05,0.03
8001,0.8633333333333333,0.65,0.12,0.24,0.05,0.06
8002,0.8899999999999999,0.73,0.1,0.19,0.04,0.04
8003,0.8866666666666667,0.73,0.08,0.19,0.06,0.02
8004,0.9398221795387082,0.78,0.09,0.09,0.11,0.02
8005,0.9583333333333333,0.81,0.13,0.08,0.11,0.0
8006,0.9516666666666665,0.75,0.17,0.11,0.13,0.01
8007,0.9299999999999998,0.65,0.16,0.13,0.2,0.02
8008,0.9083333333333334,0.57,0.08,0.15,0.24,0.04
8009,0.8750000000000003,0.6,0.07,0.12,0.22,0.06
8010,0.8933333333333334,0.61,0.07,0.12,0.2,0.07
8011,0.9119621224441677,0.64,0.11,0.12,0.15,0.09
8012,0.9133333333333333,0.65,0.14,0.19,0.09,0.07
8013,0.9216666666666667,0.67,0.18,0.19,0.07,0.07
8014,0.9233941127321644,0.66,0.12,0.21,0.08,0.05
8015,0.9366666666666665,0.75,0.12,0.17,0.04,0.04
8016,0.9383333333333332,0.64,0.11,0.27,0.09,0.0
8017,0.9250000000000002,0.63,0.08,0.25,0.12,0.0
8018,0.9250000000000002,0.61,0.05,0.25,0.12,0.02
8019,0.8799999999999999,0.66,0.04,0.22,0.1,0.02
8020,0.9287822533488511,0.72,0.04,0.14,0.12,0.02
8021,0.9071155866821846,0.64,0.06,0.19,0.14,0.03
8022,0.9149999999999997,0.64,0.06,0.16,0.16,0.04
8023,0.9142311733643693,0.7,0.1,0.11,0.13,0.06
8024,0.916346760046554,0.66,0.14,0.12,0.15,0.07
8025,0.9242311733643694,0.68,0.08,0.09,0.14,0.09
8026,0.9434790791597305,0.67,0.11,0.07,0.19,0.07
8027,0.9451290133954054,0.7,0.1,0.08,0.14,0.08
8028,0.9309145724620275,0.65,0.11,0.08,0.19,0.08
8029,0.8199999999999998,0.53,0.12,0.09,0.31,0.07
8030,0.8333333333333335,0.61,0.15,0.09,0.24,0.06
8031,0.8733333333333335,0.65,0.16,0.1,0.21,0.04
8032,0.8827441924439777,0.63,0.16,0.13,0.17,0.07
8033,0.8888217182212891,0.62,0.21,0.11,0.15,0.12
8034,0.8988217182212889,0.59,0.23,0.13,0.19,0.09
8035,0.9004883848879557,0.54,0.18,0.18,0.17,0.11
8036,0.8971550515546223,0.51,0.15,0.25,0.14,0.1
8037,0.9148992439986003,0.53,0.22,0.26,0.12,0.09
8038,0.9293101031092448,0.59,0.27,0.3,0.06,0.05
8039,0.8433333333333333,0.67,0.27,0.22,0.07,0.04
8040,0.8866666666666667,0.76,0.31,0.14,0.06,0.04
8041,0.9299999999999998,0.73,0.31,0.11,0.13,0.03
8042,0.9383333333333332,0.7,0.27,0.11,0.17,0.02
8043,0.9386240930095204,0.72,0.27,0.1,0.17,0.01
8044,0.9420459568202072,0.71,0.26,0.06,0.2,0.03
8045,0.9516666666666665,0.64,0.23,0.06,0.28,0.02
8046,0.9275389456952274,0.56,0.17,0.07,0.36,0.01
8047,0.935517630320795,0.47,0.15,0.08,0.43,0.02
8048,0.9486240930095203,0.46,0.18,0.03,0.47,0.04
8049,0.8266666666666663,0.45,0.27,0.04,0.46,0.05
8050,0.8500000000000001,0.44,0.26,0.1,0.41,0.05
8051,0.8753451875714129,0.45,0.28,0.2,0.27,0.08
8052,0.874023708476159,0.53,0.29,0.16,0.24,0.07
8053,0.894023708476159,0.51,0.35,0.19,0.24,0.06
8054,0.8790237084761588,0.48,0.36,0.2,0.24,0.08
8055,0.8790237084761592,0.4,0.31,0.22,0.31,0.07
8056,0.8830474169523183,0.37,0.26,0.25,0.27,0.11
8057,0.8793688960475715,0.39,0.29,0.24,0.28,0.09
8058,0.875,0.42,0.34,0.21,0.33,0.04
8059,0.855,0.44,0.34,0.23,0.3,0.03
8060,0.8883333333333334,0.46,0.32,0.16,0.32,0.06
8061,0.9266666666666664,0.45,0.39,0.15,0.33,0.07
8062,0.9333333333333331,0.42,0.37,0.14,0.38,0.06
8063,0.9299999999999998,0.34,0.29,0.15,0.4,0.11
8064,0.9116666666666666,0.26,0.22,0.16,0.48,0.1
8065,0.9566666666666666,0.31,0.27,0.08,0.56,0.05
8066,0.9566666666666667,0.29,0.21,0.08,0.57,0.06
8067,0.9642892480759241,0.34,0.22,0.07,0.57,0.02
8068,0.9612010775611057,0.34,0.26,0.07,0.5,0.09
8069,0.8033333333333335,0.24,0.13,0.09,0.61,0.06
8070,0.7850000000000005,0.26,0.13,0.03,0.64,0.07
8071,0.8066666666666664,0.36,0.19,0.04,0.52,0.08
8072,0.8313727739760379,0.42,0.24,0.06,0.41,0.11
8073,0.8750000000000001,0.54,0.27,0.06,0.34,0.06
8074,0.8766666666666666,0.52,0.28,0.1,0.29,0.09
8075,0.8833333333333337,0.52,0.25,0.15,0.23,0.1
8076,0.9183333333333331,0.52,0.25,0.18,0.21,0.09
8077,0.9013727739760381,0.55,0.3,0.16,0.18,0.11
8078,0.9313727739760381,0.59,0.27,0.23,0.12,0.06
8079,0.8549999999999999,0.59,0.17,0.24,0.11,0.06
8080,0.8566666666666666,0.52,0.17,0.29,0.12,0.07
8081,0.8899608021872978,0.52,0.21,0.24,0.16,0.08
8082,0.9099999999999998,0.54,0.26,0.13,0.21,0.12
8083,0.9049608021872976,0.51,0.2,0.15,0.2,0.14
8084,0.9166274688539642,0.52,0.24,0.1,0.22,0.16
8085,0.9499608021872974,0.57,0.25,0.06,0.25,0.12
8086,0.9266318858035291,0.46,0.2,0.09,0.3,0.15
8087,0.9116666666666668,0.44,0.15,0.07,0.34,0.15
8088,0.9182248720661432,0.45,0.16,0.06,0.33,0.16
8089,0.8250000000000004,0.44,0.17,0.09,0.39,0.08
8090,0.8616666666666667,0.51,0.17,0.15,0.27,0.07
8091,0.865,0.55,0.15,0.12,0.26,0.07
8092,0.8816666666666667,0.53,0.16,0.19,0.24,0.04
8093,0.8716666666666668,0.46,0.11,0.21,0.28,0.05
8094,0.896666666666667,0.41,0.12,0.28,0.25,0.06
8095,0.9066666666666667,0.41,0.12,0.27,0.22,0.1
8096,0.9,0.35,0.09,0.32,0.22,0.11
8097,0.9099999999999997,0.36,0.07,0.31,0.21,0.12
8098,0.9183333333333334,0.43,0.09,0.37,0.11,0.09
8099,0.7999999999999997,0.45,0.06,0.35,0.13,0.07
8100,0.848333333333333,0.54,0.11,0.24,0.13,0.09
8101,0.8833333333333334,0.6,0.2,0.13,0.2,0.07
8102,0.8816666666666664,0.59,0.13,0.14,0.23,0.04
8103,0.9016666666666667,0.63,0.19,0.09,0.25,0.03
8104,0.9399999999999998,0.57,0.14,0.07,0.32,0.04
8105,0.9266666666666665,0.58,0.16,0.07,0.25,0.1
8106,0.95,0.67,0.2,0.04,0.21,0.08
8107,0.9320403022284226,0.6,0.15,0.11,0.22,0.07
8108,0.9466666666666669,0.67,0.18,0.11,0.2,0.02
8109,0.8633333333333333,0.61,0.17,0.13,0.23,0.03
8110,0.8666666666666666,0.54,0.1,0.13,0.31,0.02
8111,0.88,0.53,0.11,0.19,0.24,0.04
8112,0.8666666666666666,0.47,0.13,0.25,0.25,0.03
8113,0.8873948265486044,0.44,0.14,0.33,0.2,0.03
8114,0.9433333333333332,0.49,0.13,0.36,0.13,0.02
8115,0.9299999999999998,0.37,0.1,0.48,0.11,0.04
8116,0.9499802269494776,0.38,0.1,0.51,0.09,0.02
8117,0.9149604538989558,0.35,0.05,0.44,0.1,0.11
8118,0.9183333333333331,0.34,0.06,0.47,0.04,0.15
8119,0.745,0.45,0.1,0.43,0.02,0.1
8120,0.8404596869835804,0.59,0.11,0.35,0.04,0.02
8121,0.8526119282404943,0.58,0.12,0.35,0.04,0.03
8122,0.8808446344369198,0.64,0.08,0.25,0.08,0.03
8123,0.8615660395297592,0.7,0.11,0.24,0.05,0.01
8124,0.8990279823705525,0.68,0.1,0.23,0.08,0.01
8125,0.9083333333333333,0.64,0.07,0.2,0.15,0.01
8126,0.9249999999999996,0.76,0.1,0.15,0.07,0.02
8127,0.9166666666666667,0.74,0.07,0.13,0.09,0.04
8128,0.9201193699569618,0.75,0.1,0.14,0.07,0.04
8129,0.8900000000000001,0.77,0.08,0.08,0.13,0.02
8130,0.8983333333333334,0.77,0.08,0.13,0.1,0.0
8131,0.9416666666666665,0.74,0.07,0.18,0.08,0.0
8132,0.9333333333333335,0.71,0.05,0.22,0.06,0.01
8133,0.9199999999999998,0.64,0.03,0.29,0.06,0.01
8134,0.9466666666666664,0.67,0.03,0.25,0.07,0.01
8135,0.945,0.65,0.02,0.24,0.08,0.03
8136,0.9408903283726262,0.63,0.02,0.23,0.09,0.05
8137,0.9166666666666664,0.62,0.01,0.22,0.08,0.08
8138,0.9166666666666664,0.53,0.03,0.31,0.09,0.07
8139,0.7633333333333334,0.46,0.03,0.34,0.11,0.09
8140,0.855,0.5,0.06,0.26,0.2,0.04
8141,0.8599999999999999,0.49,0.09,0.27,0.2,0.04
8142,0.8883333333333332,0.56,0.08,0.21,0.21,0.02
8143,0.8983333333333333,0.55,0.08,0.19,0.21,0.05
8144,0.9383333333333331,0.61,0.03,0.11,0.24,0.04
8145,0.919379342981587,0.68,0.06,0.08,0.2,0.04
8146,0.919379342981587,0.64,0.07,0.13,0.2,0.03
8147,0.9133333333333334,0.58,0.08,0.15,0.25,0.02
8148,0.9499999999999998,0.62,0.12,0.09,0.26,0.03
8149,0.8716666666666668,0.53,0.07,0.1,0.32,0.05
8150,0.8766666666666668,0.58,0.13,0.14,0.18,0.1
8151,0.9,0.61,0.11,0.17,0.2,0.02
8152,0.9218693961890707,0.63,0.15,0.2,0.14,0.03
8153,0.9183333333333331,0.65,0.18,0.19,0.16,0.0
8154,0.9233333333333331,0.66,0.16,0.18,0.14,0.02
8155,0.9016666666666664,0.63,0.13,0.18,0.17,0.02
8156,0.9143584039189397,0.65,0.08,0.22,0.1,0.03
8157,0.9364085450901521,0.67,0.04,0.2,0.08,0.05
8158,0.9286852998468892,0.61,0.01,0.28,0.09,0.02
8159,0.8599999999999999,0.6,0.01,0.32,0.04,0.04
8160,0.8966666666666666,0.55,0.01,0.33,0.09,0.03
8161,0.9149999999999998,0.5,0.01,0.32,0.15,0.03
8162,0.9133333333333333,0.5,0.02,0.27,0.19,0.04
8163,0.9116666666666666,0.53,0.02,0.24,0.21,0.02
8164,0.9333333333333331,0.53,0.02,0.19,0.26,0.02
8165,0.9040238892915172,0.51,0.04,0.23,0.23,0.03
8166,0.8864262872542855,0.54,0.03,0.22,0.18,0.06
8167,0.8999198735292063,0.54,0.0,0.23,0.19,0.04
8168,0.8940115295260759,0.56,0.0,0.17,0.21,0.06
8169,0.8716666666666668,0.57,0.0,0.18,0.22,0.03
8170,0.9234573230831158,0.62,0.0,0.19,0.15,0.04
8171,0.9101239897497826,0.57,0.0,0.26,0.14,0.03
8172,0.9116666666666663,0.64,0.0,0.19,0.11,0.06
8173,0.9233333333333331,0.69,0.0,0.2,0.07,0.04
8174,0.9283333333333332,0.61,0.0,0.27,0.09,0.03
8175,0.9133333333333331,0.61,0.0,0.29,0.06,0.04
8176,0.8966666666666667,0.66,0.0,0.21,0.07,0.06
8177,0.8919146461662311,0.66,0.0,0.2,0.12,0.02
8178,0.8855704993180621,0.55,0.0,0.25,0.13,0.07
8179,0.835,0.55,0.0,0.32,0.08,0.05
8180,0.9099999999999998,0.68,0.0,0.17,0.11,0.04
8181,0.875,0.63,0.0,0.22,0.13,0.02
8182,0.9150151801645073,0.64,0.0,0.15,0.2,0.01
8183,0.9216970269956812,0.7,0.0,0.1,0.18,0.02
8184,0.9183940539913621,0.69,0.0,0.11,0.17,0.03
8185,0.9233333333333335,0.71,0.0,0.11,0.16,0.02
8186,0.911681846831174,0.75,0.0,0.08,0.13,0.04
8187,0.9466666666666665,0.81,0.0,0.1,0.08,0.01
8188,0.9194481018278229,0.75,0.0,0.12,0.1,0.03
8189,0.8616666666666666,0.73,0.0,0.09,0.15,0.03
8190,0.898333333333333,0.63,0.0,0.18,0.17,0.02
8191,0.9060520624000451,0.62,0.0,0.2,0.15,0.03
8192,0.8977187290667117,0.6,0.0,0.25,0.13,0.02
8193,0.9013494782378122,0.59,0.0,0.28,0.07,0.06
8194,0.8810520624000446,0.52,0.0,0.36,0.08,0.04
8195,0.8923817680467707,0.53,0.0,0.35,0.05,0.07
8196,0.9020843522090035,0.5,0.0,0.33,0.09,0.08
8197,0.9467473911890626,0.44,0.0,0.4,0.04,0.12
8198,0.9218676608936317,0.44,0.0,0.36,0.04,0.16
8199,0.7716666666666666,0.47,0.0,0.36,0.02,0.15
8200,0.7949999999999998,0.47,0.0,0.33,0.03,0.17
8201,0.8266666666666665,0.58,0.0,0.27,0.02,0.13
8202,0.8583333333333336,0.63,0.0,0.21,0.06,0.1
8203,0.865,0.62,0.0,0.19,0.14,0.05
8204,0.8816666666666666,0.68,0.0,0.13,0.16,0.03
8205,0.9233333333333335,0.63,0.0,0.13,0.23,0.01
8206,0.9516666666666663,0.56,0.0,0.14,0.29,0.01
8207,0.9249999999999998,0.53,0.0,0.12,0.3,0.05
8208,0.9099999999999998,0.47,0.0,0.19,0.29,0.05
8209,0.8483333333333337,0.45,0.0,0.17,0.29,0.09
8210,0.8633333333333334,0.51,0.0,0.14,0.29,0.06
8211,0.8816666666666668,0.54,0.0,0.18,0.23,0.05
8212,0.8849999999999999,0.51,0.0,0.19,0.23,0.07
8213,0.8833333333333333,0.56,0.0,0.15,0.23,0.06
8214,0.8916666666666667,0.63,0.0,0.14,0.18,0.05
8215,0.8916666666666667,0.62,0.0,0.17,0.18,0.03
8216,0.9216666666666667,0.63,0.0,0.16,0.16,0.05
8217,0.9416666666666664,0.7,0.0,0.2,0.06,0.04
8218,0.9266666666666667,0.68,0.0,0.13,0.11,0.08
8219,0.8766666666666667,0.67,0.0,0.2,0.07,0.06
8220,0.895,0.72,0.0,0.12,0.08,0.08
8221,0.8833333333333332,0.71,0.0,0.13,0.08,0.08
8222,0.8933333333333331,0.71,0.0,0.15,0.07,0.07
8223,0.8857524592034861,0.69,0.0,0.14,0.1,0.07
8224,0.8730099481349782,0.56,0.0,0.18,0.15,0.11
8225,0.892257488931492,0.57,0.0,0.13,0.18,0.12
8226,0.8776458500132023,0.57,0.0,0.13,0.14,0.16
8227,0.8994332180530411,0.54,0.0,0.12,0.21,0.13
8228,0.9092915055842797,0.5,0.0,0.1,0.27,0.13
8229,0.8133333333333332,0.5,0.0,0.1,0.29,0.11
8230,0.8416666666666666,0.48,0.0,0.11,0.33,0.08
8231,0.8385536349618282,0.45,0.0,0.14,0.3,0.11
8232,0.8368869682951617,0.51,0.0,0.12,0.25,0.12
8233,0.8373275715521511,0.53,0.01,0.16,0.15,0.16
8234,0.88,0.62,0.02,0.15,0.14,0.09
8235,0.8735536349618281,0.52,0.03,0.26,0.12,0.1
8236,0.8866666666666666,0.5,0.02,0.25,0.17,0.08
8237,0.8756609048854845,0.41,0.02,0.37,0.14,0.08
8238,0.9136652165205448,0.4,0.04,0.41,0.13,0.06
8239,0.76,0.41,0.05,0.34,0.15,0.1
8240,0.8150000000000002,0.46,0.08,0.26,0.17,0.11
8241,0.8516666666666665,0.51,0.1,0.21,0.19,0.09
8242,0.8633333333333333,0.56,0.11,0.15,0.21,0.08
8243,0.8983333333333333,0.56,0.09,0.11,0.27,0.06
8244,0.9050000000000001,0.61,0.07,0.11,0.23,0.05
8245,0.9299999999999998,0.62,0.1,0.09,0.24,0.05
8246,0.905,0.53,0.12,0.1,0.22,0.15
8247,0.9216666666666665,0.53,0.1,0.07,0.22,0.18
8248,0.9149999999999997,0.58,0.08,0.04,0.18,0.2
8249,0.7933333333333331,0.64,0.11,0.04,0.2,0.12
8250,0.808333333333333,0.58,0.14,0.09,0.24,0.09
8251,0.8233333333333333,0.62,0.2,0.09,0.16,0.13
8252,0.8420062374925175,0.49,0.18,0.15,0.21,0.15
8253,0.8752712708357671,0.45,0.14,0.22,0.19,0.14
8254,0.8766666666666668,0.36,0.08,0.3,0.16,0.18
8255,0.864396962219654,0.32,0.06,0.32,0.16,0.2
8256,0.8850000000000002,0.32,0.1,0.36,0.17,0.15
8257,0.8816666666666664,0.37,0.11,0.36,0.13,0.14
8258,0.905,0.37,0.15,0.34,0.18,0.11
8259,0.7250000000000001,0.36,0.11,0.33,0.17,0.14
8260,0.8066666666666665,0.38,0.11,0.2,0.3,0.12
8261,0.8316666666666669,0.4,0.11,0.18,0.33,0.09
8262,0.8983333333333331,0.42,0.1,0.1,0.42,0.06
8263,0.9,0.35,0.07,0.11,0.46,0.08
8264,0.9183333333333331,0.39,0.14,0.09,0.44,0.08
8265,0.9083333333333333,0.24,0.08,0.09,0.54,0.13
8266,0.9033333333333333,0.24,0.07,0.08,0.57,0.11
8267,0.9383333333333335,0.28,0.07,0.04,0.6,0.08
8268,0.945,0.21,0.08,0.04,0.69,0.06
8269,0.7316666666666662,0.16,0.07,0.05,0.71,0.08
8270,0.7466666666666668,0.18,0.11,0.03,0.68,0.11
8271,0.7449999999999999,0.22,0.11,0.04,0.63,0.11
8272,0.7516666666666665,0.24,0.17,0.04,0.55,0.17
8273,0.8000000000000002,0.32,0.26,0.05,0.43,0.2
8274,0.8109914967649828,0.39,0.28,0.07,0.37,0.17
8275,0.8419311300487716,0.45,0.35,0.1,0.29,0.16
8276,0.880264463382105,0.57,0.48,0.11,0.19,0.13
8277,0.8681870901958578,0.52,0.37,0.18,0.17,0.13
8278,0.8708801059036706,0.54,0.3,0.16,0.13,0.17
8279,0.8249999999999998,0.55,0.27,0.11,0.19,0.15
8280,0.8613531858464657,0.59,0.28,0.07,0.19,0.15
8281,0.8793730383595979,0.5,0.27,0.07,0.27,0.16
8282,0.8910397050262646,0.58,0.33,0.08,0.2,0.14
8283,0.9587460767191961,0.7,0.38,0.04,0.17,0.09
8284,0.9414752731286886,0.72,0.36,0.02,0.16,0.1
8285,0.9271786726181918,0.57,0.33,0.07,0.22,0.14
8286,0.9358254867717258,0.57,0.32,0.12,0.18,0.13
8287,0.9214524484121275,0.51,0.27,0.13,0.27,0.09
8288,0.9483446708392784,0.51,0.22,0.11,0.31,0.07
8289,0.846666666666667,0.49,0.26,0.18,0.27,0.06
8290,0.8933333333333333,0.57,0.24,0.23,0.14,0.06
8291,0.9050000000000001,0.56,0.21,0.29,0.13,0.02
8292,0.8866666666666668,0.43,0.14,0.38,0.16,0.03
8293,0.9316666666666668,0.44,0.16,0.44,0.09,0.03
8294,0.9407434693419401,0.43,0.17,0.41,0.13,0.03
8295,0.9133333333333334,0.47,0.18,0.36,0.13,0.04
8296,0.9066666666666667,0.44,0.22,0.33,0.16,0.07
8297,0.9116666666666667,0.38,0.23,0.34,0.2,0.08
8298,0.8933333333333333,0.37,0.22,0.32,0.19,0.12
8299,0.845,0.39,0.25,0.32,0.15,0.14
8300,0.8233333333333333,0.39,0.24,0.32,0.17,0.12
8301,0.8616666666666666,0.35,0.21,0.28,0.25,0.12
8302,0.9083333333333333,0.35,0.19,0.24,0.29,0.12
8303,0.9299999999999997,0.4,0.18,0.14,0.38,0.08
8304,0.9305521399869783,0.37,0.12,0.13,0.41,0.09
8305,0.8716135306218653,0.33,0.07,0.22,0.33,0.12
8306,0.9117109846941431,0.29,0.08,0.17,0.43,0.11
8307,0.9050886360549533,0.3,0.05,0.13,0.43,0.14
8308,0.9183333333333334,0.33,0.04,0.16,0.43,0.08
8309,0.7966666666666663,0.29,0.02,0.12,0.51,0.08
8310,0.8233333333333336,0.39,0.04,0.12,0.45,0.04
8311,0.8449999999999999,0.39,0.03,0.11,0.42,0.08
8312,0.8599999999999998,0.38,0.03,0.18,0.37,0.07
8313,0.8866666666666664,0.47,0.07,0.21,0.26,0.06
8314,0.9153097806029448,0.46,0.09,0.32,0.17,0.05
8315,0.9150000000000003,0.49,0.1,0.31,0.15,0.05
8316,0.9473805623328324,0.46,0.1,0.39,0.09,0.06
8317,0.944572455745112,0.32,0.09,0.49,0.08,0.11
8318,0.9499999999999996,0.38,0.11,0.44,0.1,0.08
8319,0.7583333333333334,0.47,0.1,0.43,0.06,0.04
8320,0.8216666666666668,0.54,0.12,0.29,0.14,0.03
8321,0.8733333333333332,0.53,0.1,0.15,0.23,0.09
8322,0.925,0.64,0.14,0.09,0.24,0.03
8323,0.9399999999999998,0.69,0.18,0.04,0.23,0.04
8324,0.9266666666666665,0.73,0.19,0.05,0.18,0.04
8325,0.9366666666666665,0.73,0.17,0.08,0.16,0.03
8326,0.9466666666666664,0.72,0.15,0.07,0.16,0.05
8327,0.9716666666666667,0.75,0.2,0.04,0.17,0.04
8328,0.9116666666666667,0.69,0.15,0.08,0.22,0.01
8329,0.8483333333333333,0.64,0.1,0.1,0.23,0.03
8330,0.9300000000000002,0.76,0.15,0.07,0.16,0.01
8331,0.9087640970326053,0.75,0.13,0.09,0.15,0.01
8332,0.9102931859857705,0.7,0.09,0.15,0.13,0.02
8333,0.8957239496850431,0.64,0.05,0.22,0.13,0.01
8334,0.9416666666666668,0.66,0.07,0.21,0.11,0.02
8335,0.9075281940652106,0.62,0.03,0.23,0.12,0.03
8336,0.9121714011486656,0.57,0.05,0.18,0.18,0.07
8337,0.9194190339076664,0.6,0.09,0.18,0.13,0.09
8338,0.8915904350563325,0.55,0.05,0.18,0.17,0.1
8339,0.8266666666666665,0.47,0.05,0.18,0.25,0.1
8340,0.9029491283961981,0.53,0.05,0.13,0.28,0.06
8341,0.900898256792396,0.49,0.06,0.11,0.38,0.02
8342,0.9262824617295312,0.49,0.04,0.1,0.38,0.03
8343,0.9243945086030716,0.54,0.04,0.09,0.34,0.03
8344,0.8914453802068736,0.43,0.04,0.11,0.42,0.04
8345,0.867949128396198,0.32,0.04,0.14,0.51,0.03
8346,0.917174299895752,0.27,0.04,0.07,0.61,0.05
8347,0.8913854124138716,0.34,0.05,0.05,0.58,0.03
8348,0.9349999999999998,0.3,0.05,0.02,0.65,0.03
8349,0.7549999999999997,0.26,0.05,0.01,0.68,0.05
8350,0.7749999999999999,0.29,0.09,0.03,0.57,0.11
8351,0.781666666666667,0.34,0.06,0.04,0.51,0.11
8352,0.8066666666666668,0.34,0.08,0.06,0.45,0.15
8353,0.8553175762170564,0.42,0.12,0.09,0.35,0.14
8354,0.8689684857674456,0.39,0.17,0.12,0.34,0.15
8355,0.8746997925352952,0.43,0.21,0.2,0.22,0.15
8356,0.8566666666666665,0.46,0.2,0.19,0.19,0.16
8357,0.8683333333333336,0.43,0.19,0.21,0.17,0.19
8358,0.8939684857674464,0.32,0.19,0.31,0.12,0.25
8359,0.7466666666666666,0.43,0.23,0.3,0.13,0.14
8360,0.8466666666666666,0.51,0.32,0.26,0.17,0.06
8361,0.8500000000000003,0.52,0.37,0.21,0.21,0.06
8362,0.9010528276330547,0.53,0.39,0.18,0.24,0.05
8363,0.905,0.57,0.43,0.14,0.24,0.05
8364,0.8733333333333332,0.52,0.34,0.15,0.3,0.03
8365,0.9166666666666665,0.53,0.33,0.12,0.33,0.02
8366,0.9066666666666667,0.52,0.3,0.07,0.38,0.03
8367,0.9223276029117184,0.55,0.31,0.06,0.34,0.05
8368,0.9299999999999998,0.6,0.29,0.02,0.33,0.05
8369,0.7833333333333331,0.62,0.33,0.0,0.33,0.05
8370,0.8200000000000003,0.61,0.35,0.01,0.34,0.04
8371,0.802508681222584,0.64,0.36,0.06,0.25,0.05
8372,0.8251222752813289,0.63,0.44,0.03,0.28,0.06
8373,0.8786125288932743,0.57,0.41,0.12,0.26,0.05
8374,0.8983333333333334,0.73,0.52,0.06,0.19,0.02
8375,0.9117889419479952,0.75,0.53,0.06,0.16,0.03
8376,0.9433333333333332,0.8,0.54,0.09,0.09,0.02
8377,0.9333333333333332,0.71,0.49,0.12,0.11,0.06
8378,0.9283333333333332,0.68,0.46,0.14,0.13,0.05
8379,0.8799999999999999,0.58,0.45,0.21,0.14,0.07
8380,0.8833333333333333,0.57,0.43,0.17,0.2,0.06
8381,0.8682972844362797,0.49,0.35,0.18,0.3,0.03
8382,0.8866306177696132,0.49,0.38,0.15,0.31,0.05
8383,0.8882972844362798,0.41,0.26,0.22,0.35,0.02
8384,0.8767910299110566,0.41,0.25,0.21,0.32,0.06
8385,0.9188212337690175,0.48,0.23,0.14,0.33,0.05
8386,0.9163850953988585,0.47,0.21,0.15,0.35,0.03
8387,0.9180517620655252,0.49,0.22,0.11,0.38,0.02
8388,0.9047184287321918,0.49,0.21,0.09,0.34,0.08
8389,0.8233333333333335,0.5,0.21,0.04,0.39,0.07
8390,0.8566666666666667,0.48,0.15,0.08,0.36,0.08
8391,0.8599999999999998,0.54,0.12,0.11,0.29,0.06
8392,0.88,0.61,0.17,0.13,0.2,0.06
8393,0.9066666666666667,0.58,0.2,0.21,0.16,0.05
8394,0.8784761047873006,0.53,0.17,0.23,0.18,0.06
8395,0.8916666666666672,0.49,0.19,0.28,0.17,0.06
8396,0.905,0.52,0.13,0.33,0.12,0.03
8397,0.9066666666666667,0.56,0.13,0.37,0.05,0.02
8398,0.9116666666666667,0.43,0.11,0.47,0.09,0.01
8399,0.6900000000000002,0.4,0.14,0.54,0.05,0.01
8400,0.755499565864849,0.36,0.16,0.47,0.15,0.02
8401,0.8057323792256227,0.42,0.24,0.38,0.17,0.03
8402,0.8564647584512457,0.47,0.32,0.25,0.22,0.06
8403,0.8786612291590968,0.53,0.4,0.2,0.2,0.07
8404,0.8812366525481782,0.52,0.33,0.2,0.22,0.06
8405,0.8993070218834582,0.6,0.36,0.13,0.19,0.08
8406,0.8905915725997281,0.57,0.34,0.17,0.2,0.06
8407,0.9232697933478837,0.6,0.39,0.14,0.22,0.04
8408,0.9411182504807553,0.6,0.44,0.15,0.21,0.04
8409,0.881666666666667,0.6,0.39,0.15,0.19,0.06
8410,0.8954534986107437,0.61,0.44,0.09,0.24,0.06
8411,0.9068139944429747,0.56,0.37,0.14,0.25,0.05
8412,0.9130271624988976,0.57,0.34,0.19,0.2,0.04
8413,0.9151473277763081,0.57,0.38,0.16,0.21,0.06
8414,0.9306008263870517,0.6,0.37,0.21,0.15,0.04
8415,0.9456008263870518,0.65,0.44,0.21,0.1,0.04
8416,0.9659069972214874,0.7,0.49,0.2,0.08,0.02
8417,0.9733333333333333,0.71,0.49,0.2,0.04,0.05
8418,0.9621201652774104,0.74,0.5,0.15,0.06,0.05
8419,0.9050000000000001,0.72,0.45,0.19,0.05,0.04
8420,0.9033333333333334,0.75,0.49,0.13,0.06,0.06
8421,0.915,0.73,0.48,0.13,0.08,0.06
8422,0.9199999999999998,0.71,0.48,0.13,0.13,0.03
8423,0.9266666666666667,0.7,0.51,0.13,0.15,0.02
8424,0.9499999999999998,0.71,0.54,0.09,0.19,0.01
8425,0.9633333333333333,0.69,0.56,0.1,0.2,0.01
8426,0.9283333333333331,0.6,0.43,0.12,0.24,0.04
8427,0.9494724684699374,0.57,0.38,0.08,0.32,0.03
8428,0.9130403039075362,0.47,0.21,0.12,0.37,0.04
8429,0.8633333333333337,0.54,0.28,0.05,0.4,0.01
8430,0.8883333333333333,0.63,0.25,0.06,0.28,0.03
8431,0.8833333333333333,0.54,0.22,0.05,0.36,0.05
8432,0.8800000000000003,0.53,0.18,0.05,0.38,0.04
8433,0.9066666666666667,0.55,0.2,0.1,0.31,0.04
8434,0.9166666666666664,0.61,0.16,0.08,0.26,0.05
8435,0.9216666666666665,0.65,0.17,0.1,0.18,0.07
8436,0.935,0.68,0.2,0.11,0.13,0.08
8437,0.9383333333333331,0.65,0.14,0.18,0.09,0.08
8438,0.935,0.54,0.1,0.29,0.09,0.08
8439,0.8683333333333333,0.55,0.09,0.28,0.11,0.06
8440,0.8923413375773154,0.65,0.09,0.19,0.12,0.04
8441,0.8790080042439822,0.61,0.05,0.22,0.14,0.03
8442,0.8790080042439818,0.52,0.04,0.24,0.21,0.03
8443,0.9113493418212976,0.52,0.05,0.22,0.24,0.02
8444,0.9363493418212974,0.57,0.11,0.16,0.23,0.04
8445,0.9241558712840621,0.51,0.15,0.18,0.2,0.11
8446,0.903829496534384,0.5,0.12,0.16,0.23,0.11
8447,0.9336906793986127,0.59,0.18,0.15,0.2,0.06
8448,0.9646826751546308,0.65,0.21,0.06,0.25,0.04
8449,0.8500000000000004,0.65,0.21,0.06,0.24,0.05
8450,0.8650000000000001,0.66,0.23,0.03,0.25,0.06
8451,0.8733333333333333,0.64,0.24,0.07,0.22,0.07
8452,0.8923286216269217,0.62,0.21,0.09,0.21,0.08
8453,0.9006619549602553,0.65,0.23,0.12,0.18,0.05
8454,0.893806805623185,0.68,0.22,0.1,0.13,0.09
8455,0.9154734722898517,0.57,0.16,0.23,0.1,0.1
8456,0.9292802779130364,0.49,0.13,0.28,0.12,0.11
8457,0.9214204168695541,0.44,0.09,0.33,0.12,0.11
8458,0.9314204168695541,0.39,0.13,0.38,0.1,0.13
8459,0.7899999999999998,0.42,0.17,0.34,0.11,0.13
8460,0.8166666666666665,0.42,0.19,0.39,0.11,0.08
8461,0.8549999999999995,0.47,0.18,0.34,0.13,0.06
8462,0.8740733582633499,0.5,0.16,0.29,0.1,0.11
8463,0.8807400249300167,0.48,0.14,0.29,0.16,0.07
8464,0.8915283724213736,0.48,0.13,0.3,0.18,0.04
8465,0.8725462539647303,0.46,0.15,0.31,0.16,0.07
8466,0.887111193511767,0.53,0.14,0.23,0.14,0.1
8467,0.885,0.46,0.22,0.26,0.17,0.11
8468,0.913333333333333,0.51,0.28,0.26,0.14,0.09
8469,0.87,0.53,0.23,0.24,0.08,0.15
8470,0.9090894861881388,0.6,0.23,0.22,0.06,0.12
8471,0.9290894861881387,0.62,0.3,0.24,0.08,0.06
8472,0.9533333333333333,0.66,0.25,0.24,0.05,0.05
8473,0.9483333333333333,0.67,0.24,0.25,0.03,0.05
8474,0.96,0.67,0.25,0.23,0.04,0.06
8475,0.955,0.6,0.2,0.26,0.06,0.08
8476,0.9350000000000003,0.53,0.15,0.34,0.03,0.1
8477,0.9606844856887728,0.49,0.12,0.42,0.02,0.07
8478,0.960684485688773,0.49,0.12,0.43,0.04,0.04
8479,0.7666666666666666,0.45,0.15,0.45,0.04,0.06
8480,0.8249999999999998,0.51,0.19,0.43,0.04,0.02
8481,0.8354995432751534,0.51,0.2,0.38,0.08,0.03
8482,0.8383333333333332,0.54,0.23,0.31,0.12,0.03
8483,0.9333333333333332,0.66,0.3,0.15,0.15,0.04
8484,0.934513183128032,0.7,0.33,0.12,0.12,0.06
8485,0.9540263662560636,0.71,0.3,0.07,0.14,0.08
8486,0.8983333333333331,0.61,0.18,0.13,0.21,0.05
8487,0.885,0.52,0.16,0.17,0.26,0.05
8488,0.9195131831280318,0.48,0.13,0.18,0.28,0.06
8489,0.8883333333333333,0.5,0.15,0.13,0.34,0.03
8490,0.881666666666667,0.51,0.12,0.14,0.3,0.05
8491,0.8816666666666672,0.44,0.12,0.21,0.31,0.04
8492,0.8750000000000001,0.41,0.13,0.21,0.27,0.11
8493,0.8916666666666666,0.46,0.13,0.15,0.28,0.11
8494,0.8816666666666668,0.46,0.06,0.14,0.24,0.16
8495,0.9250000000000003,0.55,0.07,0.15,0.19,0.11
8496,0.9033333333333331,0.48,0.06,0.21,0.19,0.12
8497,0.9400000000000002,0.59,0.07,0.16,0.16,0.09
8498,0.9623495408680549,0.69,0.09,0.18,0.08,0.05
8499,0.8483333333333333,0.69,0.12,0.16,0.12,0.03
8500,0.8899999999999999,0.75,0.13,0.12,0.12,0.01
8501,0.9266666666666667,0.78,0.17,0.12,0.09,0.01
8502,0.9033333333333333,0.81,0.14,0.11,0.07,0.01
8503,0.915,0.77,0.16,0.14,0.09,0.0
8504,0.9466666666666665,0.74,0.12,0.08,0.18,0.0
8505,0.9266666666666665,0.67,0.09,0.09,0.21,0.03
8506,0.9433333333333335,0.62,0.1,0.09,0.28,0.01
8507,0.9366666666666665,0.58,0.12,0.07,0.3,0.05
8508,0.9216666666666665,0.58,0.06,0.07,0.29,0.06
8509,0.8900000000000002,0.54,0.09,0.1,0.32,0.04
8510,0.8666666666666666,0.55,0.06,0.06,0.33,0.06
8511,0.8683333333333336,0.46,0.09,0.11,0.31,0.12
8512,0.8983333333333334,0.49,0.09,0.13,0.25,0.13
8513,0.8800000000000001,0.51,0.1,0.13,0.22,0.14
8514,0.8940085280917203,0.5,0.1,0.17,0.22,0.11
8515,0.8973418614250538,0.49,0.12,0.17,0.22,0.12
8516,0.8973418614250533,0.48,0.09,0.17,0.25,0.1
8517,0.8690085280917201,0.44,0.12,0.17,0.25,0.14
8518,0.8540085280917201,0.41,0.1,0.19,0.22,0.18
8519,0.7916666666666667,0.45,0.15,0.15,0.18,0.22
8520,0.865,0.57,0.22,0.08,0.17,0.18
8521,0.865,0.6,0.25,0.05,0.19,0.16
8522,0.8883333333333335,0.58,0.19,0.05,0.25,0.12
8523,0.9549999999999998,0.55,0.23,0.03,0.3,0.12
8524,0.9216666666666665,0.54,0.2,0.03,0.26,0.17
8525,0.925,0.5,0.21,0.01,0.27,0.22
8526,0.9016666666666667,0.43,0.2,0.08,0.25,0.24
8527,0.915,0.5,0.22,0.08,0.27,0.15
8528,0.9099999999999998,0.48,0.2,0.15,0.23,0.14
8529,0.8550000000000003,0.5,0.21,0.1,0.21,0.19
8530,0.8666666666666668,0.51,0.24,0.14,0.2,0.15
8531,0.8928449969967523,0.52,0.24,0.18,0.19,0.11
8532,0.8955891651650432,0.49,0.22,0.28,0.15,0.08
8533,0.9166666666666665,0.44,0.2,0.36,0.11,0.09
8534,0.9012107413273641,0.47,0.22,0.33,0.11,0.09
8535,0.9089224984983763,0.48,0.22,0.32,0.08,0.12
8536,0.9183333333333333,0.47,0.24,0.37,0.05,0.11
8537,0.9383333333333336,0.46,0.26,0.39,0.06,0.09
8538,0.945,0.5,0.21,0.37,0.03,0.1
8539,0.82,0.45,0.2,0.44,0.05,0.06
8540,0.8083333333333335,0.49,0.18,0.35,0.07,0.09
8541,0.8400000000000002,0.57,0.24,0.24,0.07,0.12
8542,0.8683333333333333,0.6,0.26,0.2,0.08,0.12
8543,0.9066666666666664,0.66,0.34,0.2,0.05,0.09
8544,0.9149999999999997,0.7,0.35,0.17,0.07,0.06
8545,0.93,0.7,0.32,0.11,0.08,0.11
8546,0.8933333333333331,0.64,0.27,0.14,0.1,0.12
8547,0.8883333333333333,0.57,0.23,0.23,0.13,0.07
8548,0.8833333333333333,0.58,0.24,0.24,0.09,0.09
8549,0.93,0.67,0.2,0.2,0.09,0.04
8550,0.9366666666666665,0.65,0.2,0.22,0.09,0.04
8551,0.9400000000000002,0.6,0.21,0.28,0.09,0.03
8552,0.936775759049627,0.51,0.2,0.29,0.12,0.08
8553,0.948333333333333,0.55,0.24,0.24,0.14,0.07
8554,0.9401090923829603,0.53,0.27,0.28,0.1,0.09
8555,0.9634424257162937,0.52,0.22,0.33,0.08,0.07
8556,0.9667757590496271,0.54,0.22,0.36,0.06,0.04
8557,0.9486606104822144,0.49,0.18,0.36,0.08,0.07
8558,0.9567757590496272,0.45,0.13,0.4,0.08,0.07
8559,0.6950000000000002,0.53,0.16,0.38,0.04,0.05
8560,0.7783333333333333,0.59,0.18,0.35,0.02,0.04
8561,0.8116604173084842,0.53,0.23,0.32,0.11,0.04
8562,0.8482558121730501,0.57,0.28,0.26,0.12,0.05
8563,0.8699287281978991,0.56,0.28,0.23,0.17,0.04
8564,0.8465751972304186,0.55,0.27,0.26,0.17,0.02
8565,0.8799673036494882,0.47,0.28,0.26,0.23,0.04
8566,0.8866479185921196,0.43,0.2,0.22,0.29,0.06
8567,0.9015828961482012,0.52,0.22,0.2,0.22,0.06
8568,0.8866927434018909,0.47,0.22,0.22,0.25,0.06
8569,0.8233333333333335,0.45,0.22,0.27,0.25,0.03
8570,0.8383333333333336,0.44,0.23,0.24,0.27,0.05
8571,0.873333333333333,0.47,0.26,0.24,0.25,0.04
8572,0.8766666666666663,0.46,0.22,0.27,0.2,0.07
8573,0.8883333333333338,0.47,0.23,0.27,0.15,0.11
8574,0.8897346519738702,0.51,0.28,0.2,0.17,0.12
8575,0.8786732598693499,0.4,0.2,0.23,0.24,0.13
8576,0.908067985307203,0.45,0.18,0.28,0.15,0.12
8577,0.9183333333333331,0.47,0.19,0.33,0.12,0.08
8578,0.9233333333333331,0.45,0.14,0.35,0.09,0.11
8579,0.7183333333333336,0.43,0.12,0.37,0.1,0.1
8580,0.8057415304653781,0.5,0.19,0.31,0.09,0.1
8581,0.802408197132045,0.43,0.17,0.34,0.12,0.11
8582,0.8698163942640902,0.54,0.21,0.22,0.14,0.1
8583,0.8874081971320449,0.61,0.26,0.15,0.16,0.08
8584,0.8855579247294684,0.59,0.17,0.14,0.18,0.09
8585,0.8790748637987115,0.6,0.15,0.17,0.17,0.06
8586,0.9031497275974233,0.64,0.19,0.14,0.13,0.09
8587,0.8857415304653783,0.71,0.16,0.14,0.08,0.07
8588,0.9061494835269944,0.72,0.18,0.13,0.1,0.05
8589,0.8766666666666668,0.74,0.21,0.1,0.09,0.07
8590,0.9166666666666667,0.71,0.27,0.2,0.05,0.04
8591,0.9266666666666665,0.6,0.24,0.32,0.03,0.05
8592,0.9399999999999998,0.6,0.24,0.33,0.04,0.03
8593,0.9583333333333331,0.53,0.24,0.39,0.06,0.02
8594,0.9533333333333336,0.48,0.23,0.4,0.08,0.04
8595,0.9400000000000003,0.51,0.22,0.38,0.06,0.05
8596,0.9349999999999998,0.45,0.23,0.41,0.07,0.07
8597,0.918981033775824,0.41,0.26,0.43,0.05,0.11
8598,0.9633333333333334,0.43,0.3,0.46,0.04,0.07
8599,0.7583333333333333,0.41,0.27,0.44,0.05,0.1
8600,0.8133333333333335,0.49,0.33,0.32,0.07,0.12
8601,0.8416666666666663,0.55,0.38,0.3,0.04,0.11
8602,0.8683333333333333,0.57,0.37,0.22,0.08,0.13
8603,0.9016666666666664,0.62,0.35,0.21,0.08,0.09
8604,0.9033333333333331,0.57,0.32,0.2,0.15,0.08
8605,0.9372775102171371,0.57,0.31,0.14,0.23,0.06
8606,0.9433333333333331,0.45,0.24,0.12,0.38,0.05
8607,0.9316666666666668,0.5,0.25,0.14,0.33,0.03
8608,0.9357804958348879,0.47,0.26,0.13,0.38,0.02
8609,0.7999999999999998,0.38,0.27,0.11,0.49,0.02
8610,0.805,0.37,0.27,0.13,0.47,0.03
8611,0.8205571846193297,0.46,0.31,0.12,0.37,0.05
8612,0.8914073269003099,0.56,0.4,0.14,0.27,0.03
8613,0.9112608480694847,0.66,0.44,0.11,0.19,0.04
8614,0.9238905179526631,0.6,0.42,0.2,0.16,0.04
8615,0.9057273201291026,0.55,0.35,0.2,0.21,0.04
8616,0.9082195868640538,0.56,0.23,0.17,0.22,0.05
8617,0.9176261158187384,0.5,0.18,0.23,0.21,0.06
8618,0.9054797245760358,0.47,0.17,0.33,0.17,0.03
8619,0.7333333333333334,0.5,0.2,0.32,0.14,0.04
8620,0.8,0.55,0.25,0.25,0.16,0.04
8621,0.8499999999999999,0.65,0.36,0.18,0.12,0.05
8622,0.8766666666666666,0.65,0.44,0.13,0.18,0.04
8623,0.8811733520696609,0.68,0.45,0.11,0.18,0.03
8624,0.915,0.72,0.49,0.11,0.15,0.02
8625,0.9311733520696608,0.71,0.44,0.11,0.14,0.04
8626,0.9316666666666668,0.75,0.51,0.08,0.14,0.03
8627,0.9461733520696609,0.82,0.52,0.07,0.1,0.01
8628,0.9345066854029942,0.81,0.43,0.09,0.09,0.01
8629,0.9233333333333335,0.84,0.48,0.05,0.1,0.01
8630,0.9400000000000003,0.85,0.49,0.07,0.06,0.02
8631,0.9483333333333336,0.8,0.5,0.1,0.07,0.03
8632,0.9716666666666669,0.81,0.46,0.12,0.05,0.02
8633,0.9383333333333335,0.72,0.37,0.18,0.07,0.03
8634,0.9558549348083452,0.77,0.39,0.15,0.03,0.05
8635,0.9500000000000002,0.7,0.38,0.23,0.02,0.05
8636,0.9533333333333335,0.65,0.39,0.28,0.04,0.03
8637,0.9700000000000002,0.6,0.38,0.33,0.04,0.03
8638,0.9531641847789301,0.56,0.33,0.36,0.06,0.02
8639,0.79,0.52,0.31,0.4,0.05,0.03
8640,0.8600000000000003,0.63,0.39,0.31,0.03,0.03
8641,0.9266666666666664,0.7,0.38,0.17,0.09,0.04
8642,0.9099999999999997,0.65,0.27,0.17,0.12,0.06
8643,0.9316666666666665,0.61,0.23,0.14,0.18,0.07
8644,0.9249999999999998,0.64,0.19,0.09,0.19,0.08
8645,0.9399999999999997,0.66,0.17,0.09,0.2,0.05
8646,0.9397509853953682,0.61,0.12,0.13,0.25,0.01
8647,0.9183333333333331,0.62,0.12,0.13,0.23,0.02
8648,0.9349999999999998,0.59,0.11,0.13,0.26,0.02
8649,0.8583333333333334,0.58,0.12,0.12,0.26,0.04
8650,0.8750000000000001,0.57,0.13,0.15,0.24,0.04
8651,0.8968509054025988,0.65,0.12,0.18,0.14,0.03
8652,0.8939785841262171,0.6,0.13,0.24,0.14,0.02
8653,0.8777191513635829,0.54,0.06,0.25,0.16,0.05
8654,0.8897809389614761,0.56,0.08,0.29,0.12,0.03
8655,0.9116336713798084,0.5,0.09,0.36,0.11,0.03
8656,0.9281244588038895,0.48,0.12,0.43,0.08,0.01
8657,0.896611943675497,0.46,0.11,0.45,0.08,0.01
8658,0.9175866487972841,0.38,0.05,0.52,0.08,0.02
8659,0.8000000000000002,0.35,0.04,0.54,0.09,0.02
8660,0.8333333333333331,0.42,0.02,0.42,0.14,0.02
8661,0.8433333333333332,0.46,0.02,0.39,0.13,0.02
8662,0.8799999999999999,0.44,0.05,0.3,0.21,0.05
8663,0.8894257729121129,0.42,0.02,0.27,0.22,0.09
8664,0.9,0.4,0.04,0.23,0.28,0.09
8665,0.9194257729121128,0.4,0.03,0.16,0.3,0.14
8666,0.9082773187363383,0.34,0.02,0.16,0.32,0.18
8667,0.9010364249817845,0.33,0.04,0.15,0.34,0.18
8668,0.8989675758269418,0.28,0.05,0.09,0.33,0.3
8669,0.8166666666666669,0.27,0.06,0.09,0.37,0.27
8670,0.8200000000000002,0.27,0.03,0.11,0.32,0.3
8671,0.8250000000000002,0.23,0.01,0.21,0.27,0.29
8672,0.8433333333333333,0.34,0.02,0.18,0.18,0.3
8673,0.8650000000000005,0.42,0.02,0.18,0.23,0.17
8674,0.88,0.47,0.03,0.18,0.18,0.17
8675,0.905,0.47,0.04,0.21,0.18,0.14
8676,0.9020152521116377,0.52,0.05,0.24,0.08,0.16
8677,0.9156971708899421,0.52,0.05,0.25,0.12,0.11
8678,0.9060038161550957,0.52,0.05,0.25,0.15,0.08
8679,0.7533333333333332,0.48,0.05,0.33,0.11,0.08
8680,0.7766666666666667,0.55,0.07,0.28,0.08,0.09
8681,0.8133333333333332,0.61,0.08,0.26,0.08,0.05
8682,0.848333169014162,0.62,0.14,0.19,0.11,0.08
8683,0.8883330046949907,0.57,0.18,0.19,0.13,0.11
8684,0.9083328403758195,0.49,0.13,0.17,0.17,0.17
8685,0.906666338028324,0.45,0.12,0.15,0.21,0.19
8686,0.9366661737091526,0.41,0.1,0.15,0.3,0.14
8687,0.9333330046949905,0.39,0.1,0.15,0.36,0.1
8688,0.9566660093899811,0.4,0.1,0.12,0.41,0.07
8689,0.8616666666666667,0.4,0.13,0.09,0.41,0.1
8690,0.8350000000000004,0.45,0.18,0.07,0.35,0.13
8691,0.8732992278431194,0.45,0.18,0.08,0.31,0.16
8692,0.891598455686239,0.51,0.19,0.1,0.19,0.2
8693,0.8956798586273704,0.56,0.19,0.1,0.13,0.21
8694,0.8860087458676204,0.5,0.14,0.18,0.1,0.22
8695,0.9205213525196428,0.48,0.17,0.19,0.09,0.24
8696,0.9031115744876691,0.41,0.14,0.17,0.11,0.31
8697,0.8758041129263364,0.33,0.11,0.13,0.15,0.39
8698,0.8824877591788364,0.34,0.12,0.1,0.14,0.42
8699,0.7583333333333335,0.31,0.07,0.13,0.14,0.42
8700,0.82,0.41,0.11,0.08,0.17,0.34
8701,0.8311085538591811,0.38,0.11,0.08,0.22,0.32
8702,0.8397209435962572,0.37,0.09,0.09,0.26,0.28
8703,0.8683333333333334,0.43,0.1,0.08,0.28,0.21
8704,0.8599999999999999,0.42,0.1,0.11,0.3,0.17
8705,0.8683333333333334,0.4,0.07,0.14,0.32,0.14
8706,0.9047336102676866,0.33,0.03,0.11,0.44,0.12
8707,0.8945245468767556,0.35,0.02,0.14,0.4,0.11
8708,0.9075914904777755,0.36,0.03,0.12,0.39,0.13
8709,0.8149999999999997,0.34,0.04,0.14,0.37,0.15
8710,0.8116666666666665,0.32,0.05,0.18,0.31,0.19
8711,0.8099999999999998,0.25,0.04,0.22,0.27,0.26
8712,0.8166666666666665,0.24,0.0,0.24,0.28,0.24
8713,0.8683333333333333,0.27,0.0,0.35,0.15,0.23
8714,0.8866666666666668,0.27,0.0,0.41,0.11,0.21
8715,0.895,0.33,0.0,0.34,0.11,0.22
8716,0.86,0.3,0.0,0.35,0.08,0.27
8717,0.8749999999999997,0.35,0.0,0.32,0.08,0.25
8718,0.8816666666666664,0.3,0.01,0.34,0.1,0.26
8719,0.7433333333333334,0.25,0.0,0.42,0.07,0.26
8720,0.8183333333333335,0.37,0.0,0.29,0.11,0.23
8721,0.8417839664694027,0.43,0.0,0.27,0.11,0.19
8722,0.8793773161217717,0.46,0.0,0.19,0.14,0.21
8723,0.8966666666666666,0.46,0.01,0.17,0.18,0.19
8724,0.895117299802736,0.52,0.03,0.16,0.16,0.16
8725,0.9033333333333331,0.48,0.04,0.16,0.22,0.14
8726,0.9350000000000002,0.44,0.07,0.11,0.32,0.13
8727,0.9650000000000002,0.52,0.12,0.09,0.35,0.04
8728,0.9716666666666666,0.55,0.08,0.07,0.34,0.04
8729,0.8350000000000002,0.43,0.1,0.09,0.45,0.03
8730,0.8582561260186581,0.46,0.14,0.11,0.37,0.06
8731,0.9048455853706505,0.53,0.15,0.17,0.24,0.06
8732,0.9056173212004016,0.51,0.12,0.16,0.26,0.07
8733,0.8929472967599592,0.45,0.14,0.2,0.22,0.13
8734,0.9309661798512243,0.48,0.16,0.25,0.13,0.14
8735,0.9140160334330022,0.5,0.17,0.21,0.11,0.18
8736,0.9269799258612178,0.51,0.13,0.24,0.06,0.19
8737,0.9032549349711418,0.46,0.07,0.29,0.09,0.16
8738,0.9163578374079673,0.46,0.09,0.38,0.04,0.12
8739,0.745,0.47,0.09,0.4,0.0,0.13
8740,0.8183333333333332,0.58,0.09,0.3,0.02,0.1
8741,0.8199999999999997,0.57,0.13,0.3,0.02,0.11
8742,0.8816666666666666,0.6,0.1,0.25,0.08,0.07
8743,0.9070678760558555,0.67,0.11,0.19,0.1,0.04
8744,0.8853187324272579,0.59,0.06,0.27,0.12,0.02
8745,0.9066666666666667,0.73,0.03,0.16,0.11,0.0
8746,0.9086520657605912,0.76,0.01,0.13,0.1,0.01
8747,0.9339707981878489,0.72,0.0,0.15,0.1,0.03
8748,0.9080240733376291,0.68,0.01,0.17,0.1,0.05
8749,0.8766666666666667,0.55,0.01,0.18,0.2,0.07
8750,0.8849999999999999,0.44,0.04,0.21,0.26,0.09
8751,0.9133333333333333,0.52,0.02,0.22,0.19,0.07
8752,0.92,0.52,0.03,0.3,0.12,0.06
8753,0.9166666666666667,0.59,0.02,0.26,0.09,0.06
8754,0.9216666666666665,0.53,0.01,0.27,0.1,0.1
8755,0.908333333333333,0.51,0.0,0.23,0.11,0.15
8756,0.9373703886607322,0.62,0.0,0.2,0.05,0.13
8757,0.9166666666666665,0.57,0.0,0.23,0.07,0.13
8758,0.9349999999999998,0.52,0.0,0.29,0.07,0.12
8759,0.815,0.52,0.0,0.31,0.05,0.12
8760,0.8283333333333335,0.57,0.0,0.24,0.06,0.13
8761,0.8448313459176892,0.56,0.0,0.26,0.08,0.1
8762,0.8685831763765072,0.6,0.0,0.18,0.11,0.11
8763,0.9047842444397171,0.7,0.0,0.12,0.08,0.1
8764,0.8996542082184389,0.66,0.0,0.11,0.1,0.13
8765,0.8919289141371272,0.55,0.0,0.09,0.17,0.19
8766,0.9066666666666667,0.57,0.0,0.1,0.16,0.17
8767,0.9251160174266966,0.59,0.0,0.09,0.24,0.08
8768,0.9266666666666665,0.52,0.0,0.09,0.31,0.08
8769,0.8316666666666669,0.55,0.0,0.06,0.33,0.06
8770,0.8666666666666668,0.59,0.0,0.14,0.21,0.06
8771,0.8650000000000003,0.55,0.0,0.22,0.17,0.06
8772,0.8933333333333334,0.6,0.0,0.22,0.12,0.06
8773,0.8889070133079686,0.56,0.01,0.26,0.12,0.06
8774,0.9116666666666666,0.61,0.02,0.22,0.12,0.05
8775,0.8902979430931316,0.54,0.02,0.22,0.14,0.1
8776,0.8977943064951919,0.43,0.02,0.37,0.09,0.11
8777,0.928333333333333,0.43,0.02,0.42,0.08,0.07
8778,0.9383333333333335,0.47,0.0,0.42,0.03,0.08
8779,0.8450000000000002,0.57,0.0,0.36,0.03,0.04
8780,0.868333333333333,0.57,0.01,0.33,0.06,0.04
8781,0.928333333333333,0.61,0.01,0.21,0.15,0.03
8782,0.9233333333333333,0.65,0.0,0.15,0.16,0.04
8783,0.9519937036806944,0.72,0.0,0.11,0.12,0.05
8784,0.9536603703473614,0.76,0.0,0.07,0.11,0.06
8785,0.9511884208359443,0.69,0.0,0.06,0.17,0.08
8786,0.9473768416718884,0.69,0.0,0.05,0.17,0.09
8787,0.9402319291744995,0.62,0.0,0.08,0.19,0.11
8788,0.9057101750052219,0.51,0.0,0.1,0.26,0.13
8789,0.8133333333333332,0.48,0.0,0.13,0.28,0.11
8790,0.8533333333333336,0.57,0.0,0.08,0.29,0.06
8791,0.8800000000000001,0.66,0.01,0.04,0.25,0.05
8792,0.9016666666666664,0.67,0.01,0.08,0.2,0.05
8793,0.918333333333333,0.67,0.02,0.12,0.2,0.01
8794,0.925,0.67,0.01,0.17,0.13,0.03
8795,0.8899999999999999,0.61,0.0,0.18,0.18,0.03
8796,0.8883333333333338,0.57,0.0,0.23,0.17,0.03
8797,0.8966666666666667,0.59,0.0,0.25,0.11,0.05
8798,0.9166666666666667,0.56,0.0,0.29,0.09,0.06
8799,0.7933333333333333,0.45,0.0,0.36,0.15,0.04
8800,0.8446657345705472,0.6,0.0,0.23,0.16,0.01
8801,0.879665734570547,0.63,0.0,0.2,0.14,0.03
8802,0.873997203711641,0.58,0.0,0.3,0.11,0.01
8803,0.9166666666666665,0.7,0.0,0.21,0.07,0.02
8804,0.9133333333333333,0.65,0.01,0.21,0.11,0.03
8805,0.9079990679038804,0.68,0.01,0.23,0.06,0.03
8806,0.9329990679038802,0.73,0.02,0.17,0.09,0.01
8807,0.9579990679038802,0.72,0.04,0.16,0.1,0.02
8808,0.9596657345705473,0.81,0.03,0.1,0.07,0.02
8809,0.9300000000000002,0.76,0.03,0.11,0.08,0.05
8810,0.9016666666666667,0.71,0.06,0.13,0.1,0.06
8811,0.9037398810410765,0.67,0.03,0.15,0.11,0.07
8812,0.9337398810410765,0.68,0.02,0.16,0.12,0.04
8813,0.9244466904075466,0.66,0.03,0.18,0.11,0.05
8814,0.8933333333333334,0.53,0.04,0.23,0.14,0.1
8815,0.9266666666666667,0.55,0.04,0.3,0.11,0.04
8816,0.9244466904075468,0.51,0.02,0.34,0.09,0.06
8817,0.9233333333333331,0.44,0.01,0.41,0.1,0.05
8818,0.9127745728734746,0.41,0.02,0.48,0.08,0.03
8819,0.7366666666666666,0.31,0.01,0.57,0.04,0.08
8820,0.7566666666666667,0.34,0.02,0.5,0.06,0.1
8821,0.8416666666666665,0.47,0.03,0.35,0.1,0.08
8822,0.8233333333333333,0.42,0.01,0.33,0.17,0.08
8823,0.8549999999999999,0.5,0.01,0.29,0.14,0.07
8824,0.8616666666666668,0.48,0.02,0.26,0.17,0.09
8825,0.9083333333333333,0.55,0.01,0.2,0.18,0.07
8826,0.925,0.58,0.0,0.17,0.18,0.07
8827,0.9216666666666665,0.59,0.0,0.15,0.22,0.04
8828,0.9220806767818291,0.51,0.0,0.19,0.25,0.05
8829,0.8899999999999997,0.52,0.0,0.16,0.28,0.04
8830,0.9049999999999998,0.53,0.0,0.22,0.17,0.08
8831,0.9066666666666668,0.52,0.0,0.24,0.16,0.08
8832,0.9183333333333336,0.53,0.0,0.24,0.13,0.1
8833,0.9250000000000002,0.54,0.0,0.27,0.08,0.11
8834,0.9200000000000002,0.48,0.0,0.32,0.1,0.1
8835,0.9016666666666668,0.4,0.0,0.38,0.09,0.13
8836,0.9233333333333333,0.54,0.0,0.29,0.07,0.1
8837,0.9383333333333336,0.53,0.0,0.33,0.07,0.07
8838,0.9333333333333331,0.51,0.0,0.32,0.09,0.08
8839,0.7283333333333334,0.46,0.0,0.41,0.06,0.07
8840,0.7850000000000001,0.41,0.0,0.4,0.09,0.1
8841,0.82,0.49,0.0,0.35,0.12,0.04
8842,0.860885265701638,0.48,0.0,0.3,0.15,0.07
8843,0.8633333333333333,0.51,0.0,0.3,0.13,0.06
8844,0.9033333333333331,0.53,0.0,0.2,0.2,0.07
8845,0.9194363244311314,0.45,0.01,0.24,0.28,0.03
8846,0.8899999999999996,0.42,0.01,0.26,0.23,0.09
8847,0.9249999999999998,0.43,0.01,0.18,0.31,0.08
8848,0.9092185990349714,0.43,0.01,0.17,0.28,0.12
8849,0.805,0.5,0.02,0.15,0.23,0.12
8850,0.8200000000000003,0.45,0.03,0.19,0.28,0.08
8851,0.8083333333333335,0.43,0.01,0.15,0.32,0.1
8852,0.8366666666666669,0.49,0.0,0.14,0.25,0.12
8853,0.8600000000000001,0.5,0.0,0.14,0.24,0.12
8854,0.8766666666666668,0.47,0.0,0.21,0.21,0.11
8855,0.905,0.44,0.0,0.29,0.18,0.09
8856,0.9133333333333334,0.39,0.0,0.4,0.12,0.09
8857,0.9283333333333331,0.36,0.0,0.4,0.11,0.13
8858,0.9019969505894442,0.22,0.0,0.5,0.14,0.14
8859,0.7166666666666669,0.25,0.0,0.57,0.08,0.1
8860,0.7750000000000001,0.36,0.0,0.51,0.05,0.08
8861,0.8433333333333332,0.51,0.01,0.4,0.04,0.05
8862,0.8333333333333333,0.51,0.01,0.33,0.08,0.08
8863,0.8683333333333333,0.59,0.01,0.27,0.09,0.05
8864,0.8766666666666666,0.49,0.02,0.33,0.16,0.02
8865,0.8916666666666662,0.51,0.01,0.3,0.17,0.02
8866,0.9249999999999997,0.55,0.02,0.27,0.17,0.01
8867,0.9266666666666664,0.57,0.01,0.25,0.17,0.01
8868,0.9149999999999996,0.55,0.01,0.25,0.16,0.04
8869,0.8516666666666669,0.49,0.01,0.27,0.18,0.06
8870,0.8883333333333334,0.47,0.0,0.34,0.15,0.04
8871,0.8833333333333333,0.47,0.0,0.33,0.18,0.02
8872,0.8849999999999997,0.42,0.01,0.39,0.18,0.01
8873,0.9016666666666668,0.35,0.03,0.47,0.17,0.01
8874,0.8550000000000003,0.37,0.04,0.47,0.15,0.01
8875,0.9200000000000003,0.41,0.04,0.46,0.1,0.03
8876,0.9195906585262337,0.38,0.08,0.45,0.13,0.04
8877,0.9116666666666667,0.34,0.08,0.52,0.1,0.04
8878,0.9383333333333332,0.31,0.11,0.52,0.09,0.08
8879,0.7416666666666668,0.26,0.09,0.6,0.05,0.09
8880,0.7933333333333333,0.24,0.07,0.6,0.07,0.09
8881,0.8183333333333332,0.27,0.12,0.55,0.08,0.1
8882,0.8433333333333332,0.32,0.11,0.5,0.08,0.1
8883,0.8399999999999997,0.34,0.14,0.46,0.1,0.1
8884,0.8533333333333332,0.44,0.13,0.41,0.08,0.07
8885,0.8883333333333332,0.45,0.13,0.33,0.14,0.08
8886,0.8883333333333332,0.41,0.11,0.31,0.18,0.1
8887,0.8768675203834739,0.41,0.1,0.34,0.19,0.06
8888,0.8806795289134862,0.4,0.18,0.27,0.22,0.11
8889,0.8683333333333334,0.35,0.2,0.25,0.28,0.12
8890,0.8766666666666665,0.36,0.22,0.32,0.25,0.07
8891,0.8983333333333334,0.42,0.24,0.29,0.19,0.1
8892,0.9000000000000002,0.5,0.28,0.28,0.17,0.05
8893,0.9300000000000002,0.55,0.31,0.24,0.15,0.06
8894,0.9316666666666664,0.55,0.32,0.25,0.15,0.05
8895,0.9175413807565777,0.52,0.25,0.24,0.16,0.08
8896,0.9216666666666669,0.53,0.22,0.24,0.16,0.07
8897,0.9216666666666664,0.48,0.17,0.24,0.19,0.09
8898,0.9383333333333332,0.56,0.16,0.21,0.14,0.09
8899,0.8033333333333332,0.55,0.15,0.26,0.09,0.1
8900,0.8583333333333334,0.7,0.18,0.13,0.09,0.08
8901,0.8918450117778695,0.67,0.19,0.09,0.11,0.13
8902,0.9009429899665803,0.62,0.14,0.11,0.15,0.12
8903,0.9209429899665804,0.65,0.16,0.07,0.12,0.16
8904,0.8854605388331896,0.57,0.11,0.14,0.11,0.18
8905,0.892609656633247,0.65,0.09,0.16,0.1,0.09
8906,0.9228508821999425,0.72,0.07,0.07,0.09,0.12
8907,0.9330921077666378,0.76,0.08,0.06,0.13,0.05
8908,0.925,0.73,0.09,0.06,0.17,0.04
8909,0.9083333333333333,0.74,0.08,0.06,0.2,0.0
8910,0.9181275464782525,0.81,0.08,0.06,0.13,0.0
8911,0.9350000000000002,0.82,0.07,0.06,0.1,0.02
8912,0.9247942131449193,0.76,0.06,0.08,0.16,0.0
8913,0.9161432114216249,0.73,0.04,0.08,0.18,0.01
8914,0.9174865284961691,0.63,0.04,0.14,0.2,0.03
8915,0.9082174293376053,0.62,0.03,0.17,0.17,0.04
8916,0.9049999999999998,0.53,0.02,0.27,0.17,0.03
8917,0.8983333333333334,0.42,0.01,0.32,0.23,0.03
8918,0.9053146803982547,0.4,0.04,0.39,0.18,0.03
8919,0.82,0.46,0.02,0.34,0.14,0.06
8920,0.8399999999999999,0.55,0.0,0.26,0.12,0.07
8921,0.8583333333333333,0.51,0.02,0.25,0.17,0.07
8922,0.8949999999999999,0.56,0.02,0.16,0.21,0.07
8923,0.9331038247900192,0.57,0.02,0.1,0.26,0.07
8924,0.9416666666666665,0.57,0.02,0.13,0.26,0.04
8925,0.9166666666666665,0.55,0.01,0.09,0.29,0.07
8926,0.9033333333333333,0.53,0.01,0.15,0.28,0.04
8927,0.9316666666666663,0.56,0.02,0.12,0.28,0.04
8928,0.8983333333333331,0.5,0.02,0.16,0.3,0.04
8929,0.8750000000000001,0.53,0.01,0.17,0.27,0.03
8930,0.9016666666666666,0.54,0.0,0.23,0.21,0.02
8931,0.8850000000000001,0.54,0.0,0.16,0.27,0.03
8932,0.8883249686877845,0.55,0.0,0.17,0.19,0.09
8933,0.869983270708902,0.49,0.0,0.18,0.23,0.1
8934,0.881658302021118,0.44,0.0,0.27,0.22,0.07
8935,0.9032431857743619,0.47,0.0,0.32,0.12,0.09
8936,0.9015765191076952,0.49,0.0,0.32,0.08,0.11
8937,0.9231530382153902,0.45,0.0,0.37,0.08,0.1
8938,0.9148197048820569,0.35,0.0,0.52,0.09,0.04
8939,0.7533333333333334,0.37,0.0,0.53,0.06,0.04
8940,0.8252422907111654,0.49,0.0,0.39,0.09,0.03
8941,0.8554845814223306,0.53,0.0,0.25,0.16,0.06
8942,0.9085756240444983,0.59,0.0,0.14,0.22,0.05
8943,0.8866666666666664,0.58,0.0,0.16,0.18,0.08
8944,0.9283333333333331,0.65,0.0,0.12,0.2,0.03
8945,0.9166666666666664,0.51,0.0,0.15,0.29,0.05
8946,0.9021181555353556,0.45,0.0,0.16,0.33,0.06
8947,0.9042286678389228,0.46,0.0,0.14,0.38,0.02
8948,0.9125543579404671,0.37,0.0,0.12,0.46,0.05
8949,0.843333333333333,0.31,0.0,0.12,0.5,0.07
8950,0.8366666666666663,0.37,0.0,0.15,0.35,0.13
8951,0.8533333333333334,0.43,0.0,0.1,0.3,0.17
8952,0.8783333333333334,0.37,0.0,0.19,0.26,0.18
8953,0.9030629473979422,0.42,0.0,0.28,0.15,0.15
8954,0.9205409198816734,0.48,0.01,0.31,0.1,0.11
8955,0.9283333333333336,0.41,0.01,0.4,0.09,0.1
8956,0.9383333333333335,0.48,0.02,0.37,0.05,0.1
8957,0.945,0.41,0.01,0.42,0.06,0.11
8958,0.9499999999999998,0.38,0.01,0.45,0.06,0.11
8959,0.7500000000000001,0.35,0.0,0.46,0.09,0.1
8960,0.8001945634034756,0.34,0.0,0.41,0.14,0.11
8961,0.7899999999999997,0.23,0.0,0.38,0.2,0.19
8962,0.8333333333333331,0.29,0.0,0.31,0.22,0.18
8963,0.882055793473618,0.43,0.0,0.18,0.27,0.12
8964,0.8825107336193144,0.36,0.0,0.21,0.32,0.11
8965,0.8978998604262656,0.34,0.01,0.19,0.33,0.14
8966,0.8793934309280853,0.28,0.01,0.17,0.37,0.18
8967,0.8916666666666666,0.3,0.02,0.13,0.41,0.16
8968,0.9266666666666665,0.28,0.02,0.09,0.47,0.16
8969,0.783333333333333,0.27,0.02,0.12,0.43,0.18
8970,0.8399999999999999,0.45,0.03,0.13,0.33,0.09
8971,0.8823463863088888,0.55,0.03,0.18,0.16,0.11
8972,0.8901005517337442,0.51,0.04,0.21,0.24,0.04
8973,0.8829134517537236,0.52,0.04,0.2,0.26,0.02
8974,0.8821210779141135,0.45,0.07,0.21,0.26,0.08
8975,0.8977272056237235,0.44,0.04,0.3,0.18,0.08
8976,0.9066545642030234,0.41,0.01,0.38,0.17,0.04
8977,0.9167672184004109,0.37,0.03,0.42,0.19,0.02
8978,0.9201275115348764,0.37,0.0,0.41,0.2,0.02
8979,0.8116666666666668,0.42,0.0,0.35,0.22,0.01
8980,0.825,0.51,0.0,0.27,0.22,0.0
8981,0.8849675836436266,0.52,0.02,0.21,0.24,0.03
8982,0.9083333333333333,0.59,0.02,0.16,0.23,0.02
8983,0.91,0.62,0.0,0.12,0.24,0.02
8984,0.9416666666666664,0.58,0.0,0.1,0.3,0.02
8985,0.9299999999999998,0.48,0.0,0.13,0.36,0.03
8986,0.9416342503102934,0.56,0.0,0.09,0.3,0.05
8987,0.9266342503102932,0.53,0.0,0.11,0.31,0.05
8988,0.9266342503102929,0.47,0.0,0.13,0.34,0.06
8989,0.8266666666666664,0.44,0.0,0.17,0.31,0.08
8990,0.8550000000000001,0.49,0.0,0.14,0.3,0.07
8991,0.8533333333333333,0.44,0.0,0.14,0.35,0.07
8992,0.8683333333333333,0.48,0.0,0.2,0.3,0.02
8993,0.9166666666666665,0.57,0.01,0.21,0.21,0.01
8994,0.8863390828209374,0.57,0.02,0.18,0.23,0.02
8995,0.9233333333333335,0.58,0.02,0.19,0.19,0.04
8996,0.9316666666666665,0.56,0.03,0.28,0.15,0.01
8997,0.9249999999999998,0.53,0.02,0.32,0.11,0.04
8998,0.9183333333333331,0.51,0.04,0.33,0.11,0.05
8999,0.7883333333333336,0.47,0.04,0.28,0.16,0.09
9000,0.8530821445721365,0.49,0.02,0.18,0.23,0.1
9001,0.8849999999999997,0.55,0.05,0.1,0.25,0.1
9002,0.9233333333333331,0.57,0.03,0.08,0.27,0.08
9003,0.9666666666666665,0.72,0.03,0.04,0.2,0.04
9004,0.9649999999999999,0.65,0.0,0.05,0.26,0.04
9005,0.9633333333333333,0.66,0.0,0.09,0.25,0.0
9006,0.9383333333333332,0.57,0.0,0.16,0.26,0.01
9007,0.9466666666666668,0.52,0.0,0.17,0.31,0.0
9008,0.950545608515699,0.46,0.0,0.13,0.39,0.02
9009,0.8133333333333336,0.41,0.0,0.09,0.41,0.09
9010,0.8400000000000002,0.42,0.0,0.12,0.33,0.13
9011,0.8416666666666665,0.41,0.0,0.15,0.29,0.15
9012,0.865,0.35,0.01,0.23,0.27,0.15
9013,0.8458654502107704,0.31,0.0,0.3,0.26,0.13
9014,0.8533333333333333,0.28,0.01,0.31,0.22,0.19
9015,0.8949999999999999,0.34,0.03,0.38,0.15,0.13
9016,0.8767525001511841,0.31,0.05,0.4,0.17,0.12
9017,0.8933333333333331,0.33,0.05,0.4,0.13,0.14
9018,0.8833333333333334,0.39,0.05,0.35,0.14,0.12
9019,0.7933333333333331,0.3,0.05,0.46,0.08,0.16
9020,0.8183333333333331,0.29,0.04,0.39,0.14,0.18
9021,0.8533333333333333,0.37,0.07,0.29,0.18,0.16
9022,0.8894900704427288,0.44,0.06,0.19,0.22,0.15
9023,0.9083333333333333,0.49,0.1,0.13,0.28,0.1
9024,0.9000000000000001,0.41,0.08,0.13,0.35,0.11
9025,0.9261567371093953,0.41,0.1,0.1,0.41,0.08
9026,0.9544900704427287,0.43,0.11,0.05,0.47,0.05
9027,0.9516666666666665,0.4,0.09,0.08,0.51,0.01
9028,0.9633333333333333,0.39,0.08,0.05,0.53,0.03
9029,0.835,0.41,0.08,0.05,0.52,0.02
9030,0.838333333333333,0.47,0.1,0.02,0.44,0.07
9031,0.8333333333333335,0.51,0.04,0.02,0.41,0.06
9032,0.8383333333333334,0.47,0.04,0.04,0.43,0.06
9033,0.8314998233351755,0.47,0.03,0.02,0.46,0.05
9034,0.842251188894884,0.48,0.03,0.02,0.44,0.06
9035,0.8650000000000001,0.63,0.02,0.02,0.3,0.05
9036,0.88,0.62,0.02,0.06,0.24,0.08
9037,0.8690140251571595,0.59,0.04,0.06,0.25,0.1
9038,0.8983333333333333,0.59,0.03,0.07,0.26,0.08
9039,0.8699999999999997,0.53,0.0,0.09,0.29,0.09
9040,0.9172296921124746,0.5,0.0,0.07,0.31,0.12
9041,0.9283333333333335,0.41,0.0,0.08,0.4,0.11
9042,0.9183333333333333,0.42,0.01,0.1,0.39,0.09
9043,0.9216666666666667,0.46,0.02,0.09,0.36,0.09
9044,0.9192104591265217,0.53,0.01,0.08,0.33,0.06
9045,0.9333333333333332,0.59,0.02,0.09,0.25,0.07
9046,0.9599999999999999,0.57,0.06,0.08,0.29,0.06
9047,0.9472296921124745,0.6,0.13,0.11,0.21,0.08
9048,0.9349999999999998,0.62,0.12,0.12,0.19,0.07
9049,0.8633333333333332,0.55,0.09,0.1,0.27,0.08
9050,0.8743055250401595,0.5,0.07,0.13,0.26,0.11
9051,0.9083333333333331,0.46,0.08,0.21,0.23,0.1
9052,0.9126388583734927,0.49,0.09,0.26,0.18,0.07
9053,0.903593923707256,0.45,0.06,0.33,0.15,0.07
9054,0.8984328098614409,0.45,0.04,0.27,0.2,0.08
9055,0.8888573520991035,0.44,0.06,0.29,0.2,0.07
9056,0.905809680740994,0.46,0.04,0.24,0.2,0.1
9057,0.8989819002285131,0.45,0.04,0.25,0.18,0.12
9058,0.9066193614819886,0.45,0.06,0.27,0.17,0.11
9059,0.8550000000000003,0.49,0.07,0.25,0.17,0.09
9060,0.9066666666666666,0.55,0.12,0.23,0.18,0.04
9061,0.9033333333333333,0.55,0.11,0.22,0.21,0.02
9062,0.9083333333333331,0.58,0.04,0.14,0.25,0.03
9063,0.8966666666666667,0.53,0.02,0.17,0.25,0.05
9064,0.9183333333333331,0.47,0.01,0.16,0.35,0.02
9065,0.9483333333333331,0.56,0.01,0.1,0.33,0.01
9066,0.9566666666666664,0.41,0.0,0.09,0.49,0.01
9067,0.9333333333333331,0.38,0.0,0.14,0.45,0.03
9068,0.9316666666666665,0.38,0.0,0.12,0.45,0.05
9069,0.8466666666666665,0.38,0.01,0.1,0.45,0.07
9070,0.8362043182292332,0.32,0.0,0.16,0.38,0.14
9071,0.8416666666666665,0.37,0.01,0.18,0.33,0.12
9072,0.8645376515625667,0.37,0.03,0.25,0.28,0.1
9073,0.8733333333333335,0.35,0.02,0.29,0.27,0.09
9074,0.8700000000000003,0.43,0.01,0.28,0.17,0.12
9075,0.8550000000000001,0.36,0.0,0.32,0.19,0.13
9076,0.8583333333333336,0.28,0.0,0.35,0.27,0.1
9077,0.8666666666666668,0.29,0.0,0.39,0.21,0.11
9078,0.8833333333333335,0.34,0.0,0.4,0.13,0.13
9079,0.69,0.28,0.0,0.51,0.1,0.11
9080,0.7483333333333334,0.39,0.0,0.41,0.09,0.11
9081,0.8399999999999999,0.45,0.0,0.34,0.16,0.05
9082,0.8899999999999999,0.54,0.0,0.23,0.19,0.04
9083,0.9066666666666666,0.5,0.01,0.14,0.32,0.04
9084,0.8999999999999999,0.43,0.0,0.17,0.35,0.05
9085,0.9166666666666667,0.43,0.0,0.14,0.38,0.05
9086,0.9316666666666665,0.46,0.03,0.1,0.38,0.06
9087,0.935,0.42,0.03,0.11,0.44,0.03
9088,0.96,0.34,0.03,0.09,0.56,0.01
9089,0.798333333333333,0.33,0.05,0.06,0.57,0.04
9090,0.8200000000000002,0.34,0.07,0.08,0.47,0.11
9091,0.8366666666666663,0.39,0.1,0.04,0.44,0.13
9092,0.8683333333333328,0.47,0.18,0.11,0.29,0.13
9093,0.8926775730584786,0.48,0.19,0.18,0.24,0.1
9094,0.8938874044735994,0.42,0.18,0.24,0.27,0.07
9095,0.9155540711402659,0.45,0.26,0.27,0.23,0.05
9096,0.9266666666666667,0.46,0.27,0.28,0.14,0.12
9097,0.913333333333333,0.4,0.21,0.3,0.15,0.15
9098,0.9099999999999997,0.4,0.16,0.32,0.14,0.14
9099,0.7349999999999999,0.34,0.16,0.41,0.07,0.18
9100,0.7693136130083242,0.43,0.22,0.38,0.06,0.13
9101,0.7993136130083243,0.42,0.17,0.29,0.12,0.17
9102,0.8236272260166482,0.38,0.19,0.24,0.21,0.17
9103,0.877397421204148,0.5,0.28,0.2,0.17,0.13
9104,0.8675483447166108,0.44,0.23,0.24,0.18,0.14
9105,0.8515680650416203,0.42,0.3,0.18,0.23,0.17
9106,0.9276371502438208,0.43,0.29,0.17,0.26,0.14
9107,0.9470937324229969,0.41,0.22,0.14,0.34,0.11
9108,0.9162199382790646,0.43,0.26,0.11,0.29,0.17
9109,0.8283333333333335,0.29,0.16,0.21,0.29,0.21
9110,0.8049999999999998,0.29,0.11,0.17,0.28,0.26
9111,0.8416666666666667,0.4,0.15,0.14,0.22,0.24
9112,0.8766810341008454,0.48,0.17,0.15,0.2,0.17
9113,0.888347700767512,0.52,0.17,0.19,0.17,0.12
9114,0.9083333333333331,0.57,0.2,0.21,0.13,0.09
9115,0.9166666666666667,0.53,0.12,0.31,0.08,0.08
9116,0.9099999999999998,0.51,0.09,0.31,0.09,0.09
9117,0.8825785411085909,0.47,0.09,0.37,0.1,0.06
9118,0.9366666666666669,0.46,0.11,0.42,0.09,0.03
9119,0.7583333333333334,0.43,0.07,0.44,0.07,0.06
9120,0.8100000000000003,0.49,0.05,0.38,0.07,0.06
9121,0.835,0.52,0.02,0.41,0.04,0.03
9122,0.8516666666666667,0.53,0.03,0.41,0.04,0.02
9123,0.8619374546177098,0.52,0.05,0.35,0.08,0.05
9124,0.8819374546177098,0.58,0.05,0.25,0.12,0.05
9125,0.915,0.61,0.05,0.19,0.18,0.02
9126,0.9286041212843763,0.63,0.06,0.16,0.18,0.03
9127,0.8901079411154236,0.53,0.06,0.2,0.23,0.04
9128,0.9181704864977139,0.53,0.04,0.2,0.23,0.04
9129,0.8866666666666666,0.57,0.04,0.13,0.27,0.03
9130,0.8533333333333336,0.48,0.02,0.17,0.31,0.04
9131,0.8566666666666667,0.46,0.01,0.2,0.28,0.06
9132,0.8411057044012223,0.47,0.03,0.15,0.33,0.05
9133,0.8566666666666665,0.52,0.02,0.19,0.21,0.08
9134,0.8883333333333333,0.52,0.03,0.2,0.16,0.12
9135,0.8733333333333334,0.53,0.03,0.24,0.11,0.12
9136,0.8748661679434525,0.61,0.03,0.17,0.12,0.1
9137,0.8831995012767854,0.56,0.01,0.2,0.17,0.07
9138,0.8966666666666668,0.53,0.02,0.2,0.15,0.12
9139,0.833333333333333,0.47,0.02,0.3,0.15,0.08
9140,0.87,0.52,0.03,0.28,0.13,0.07
9141,0.8733333333333332,0.54,0.07,0.28,0.11,0.07
9142,0.8966666666666666,0.57,0.08,0.22,0.17,0.04
9143,0.8916666666666667,0.55,0.1,0.2,0.16,0.09
9144,0.8999999999999997,0.53,0.13,0.16,0.24,0.07
9145,0.9066666666666667,0.54,0.13,0.13,0.26,0.07
9146,0.9416666666666664,0.51,0.1,0.08,0.34,0.07
9147,0.9433333333333336,0.5,0.1,0.08,0.36,0.06
9148,0.9266666666666667,0.5,0.08,0.08,0.33,0.09
9149,0.8116666666666664,0.45,0.08,0.06,0.4,0.09
9150,0.8533333333333334,0.6,0.13,0.05,0.26,0.09
9151,0.8716666666666666,0.62,0.17,0.12,0.16,0.1
9152,0.9198802198636713,0.69,0.16,0.16,0.08,0.07
9153,0.95015168359003,0.68,0.24,0.19,0.04,0.09
9154,0.9066666666666666,0.59,0.27,0.2,0.09,0.12
9155,0.9083967795844667,0.56,0.24,0.28,0.04,0.12
9156,0.9250634462511331,0.55,0.19,0.31,0.05,0.09
9157,0.945,0.6,0.2,0.28,0.04,0.08
9158,0.9383333333333332,0.64,0.2,0.25,0.03,0.08
9159,0.8983333333333331,0.66,0.22,0.25,0.04,0.05
9160,0.9083333333333334,0.7,0.18,0.17,0.08,0.05
9161,0.9519661466421009,0.8,0.15,0.11,0.06,0.03
9162,0.9516666666666667,0.77,0.14,0.12,0.08,0.03
9163,0.9216666666666667,0.8,0.17,0.15,0.03,0.02
9164,0.94,0.87,0.19,0.12,0.01,0.0
9165,0.9383333333333332,0.84,0.23,0.11,0.04,0.01
9166,0.9383333333333335,0.8,0.21,0.14,0.06,0.0
9167,0.9417756412800142,0.81,0.24,0.13,0.05,0.01
9168,0.9401089746133475,0.77,0.24,0.13,0.08,0.02
9169,0.8883333333333333,0.7,0.16,0.13,0.14,0.03
9170,0.9066666666666667,0.65,0.21,0.15,0.16,0.04
9171,0.9183333333333331,0.75,0.27,0.11,0.09,0.05
9172,0.9233333333333335,0.75,0.34,0.1,0.12,0.03
9173,0.9133333333333331,0.74,0.36,0.08,0.14,0.04
9174,0.9200000000000002,0.73,0.39,0.11,0.11,0.05
9175,0.9166666666666665,0.73,0.39,0.12,0.11,0.04
9176,0.9266666666666669,0.66,0.37,0.16,0.14,0.04
9177,0.911666666666667,0.62,0.33,0.24,0.12,0.02
9178,0.9066666666666672,0.6,0.36,0.21,0.14,0.05
9179,0.9033333333333331,0.6,0.38,0.24,0.13,0.03
9180,0.9016666666666663,0.62,0.42,0.24,0.13,0.01
9181,0.9216666666666667,0.66,0.5,0.21,0.11,0.02
9182,0.9333333333333335,0.66,0.45,0.16,0.13,0.05
9183,0.8950000000000001,0.59,0.37,0.23,0.12,0.06
9184,0.8962653185875061,0.6,0.4,0.14,0.13,0.13
9185,0.9158639705083449,0.59,0.39,0.15,0.14,0.12
9186,0.9100000000000001,0.57,0.38,0.14,0.18,0.11
9187,0.9066666666666668,0.52,0.36,0.14,0.22,0.12
9188,0.9133333333333336,0.53,0.35,0.13,0.21,0.13
9189,0.7700000000000002,0.48,0.27,0.07,0.3,0.15
9190,0.8549999999999999,0.58,0.38,0.08,0.21,0.13
9191,0.8616666666666666,0.55,0.38,0.13,0.21,0.11
9192,0.8634350436376459,0.55,0.33,0.12,0.21,0.12
9193,0.8652034206086252,0.5,0.34,0.16,0.23,0.11
9194,0.8405106385934127,0.4,0.27,0.16,0.29,0.15
9195,0.8617683769709792,0.47,0.34,0.13,0.28,0.12
9196,0.8683333333333334,0.49,0.34,0.16,0.26,0.09
9197,0.8816666666666668,0.47,0.31,0.19,0.24,0.1
9198,0.8716666666666673,0.45,0.31,0.26,0.21,0.08
9199,0.8116666666666664,0.47,0.27,0.29,0.16,0.08
9200,0.8916666666666666,0.5,0.32,0.18,0.23,0.09
9201,0.9266666666666664,0.5,0.29,0.12,0.27,0.11
9202,0.9183333333333331,0.52,0.27,0.14,0.26,0.08
9203,0.9166666666666667,0.53,0.25,0.2,0.2,0.07
9204,0.9216666666666664,0.53,0.24,0.21,0.23,0.03
9205,0.9266666666666665,0.49,0.29,0.25,0.2,0.06
9206,0.9249999999999997,0.5,0.26,0.22,0.22,0.06
9207,0.8916666666666666,0.55,0.28,0.16,0.14,0.15
9208,0.9083333333333331,0.55,0.27,0.17,0.15,0.13
9209,0.8699999999999997,0.59,0.22,0.11,0.16,0.14
9210,0.8830551906966174,0.64,0.28,0.16,0.09,0.11
9211,0.8616666666666667,0.62,0.26,0.18,0.14,0.06
9212,0.9033333333333334,0.63,0.23,0.17,0.13,0.07
9213,0.8966666666666668,0.55,0.19,0.24,0.1,0.11
9214,0.9266666666666665,0.58,0.19,0.3,0.05,0.07
9215,0.9399999999999998,0.54,0.21,0.32,0.07,0.07
9216,0.9366666666666665,0.51,0.23,0.38,0.04,0.07
9217,0.9550000000000002,0.61,0.22,0.35,0.0,0.04
9218,0.9583333333333333,0.55,0.25,0.38,0.01,0.06
9219,0.7816666666666668,0.49,0.23,0.43,0.01,0.07
9220,0.8149999999999998,0.51,0.2,0.39,0.02,0.08
9221,0.8699999999999999,0.59,0.2,0.28,0.03,0.1
9222,0.8716666666666667,0.61,0.19,0.29,0.05,0.05
9223,0.8866666666666666,0.64,0.18,0.23,0.08,0.05
9224,0.8910722919190968,0.6,0.15,0.21,0.15,0.04
9225,0.8733333333333332,0.53,0.15,0.23,0.19,0.05
9226,0.91,0.52,0.11,0.12,0.3,0.06
9227,0.9233333333333333,0.55,0.1,0.14,0.3,0.01
9228,0.8900000000000001,0.49,0.06,0.17,0.3,0.04
9229,0.8883333333333333,0.52,0.08,0.14,0.32,0.02
9230,0.92,0.57,0.05,0.13,0.26,0.04
9231,0.9116666666666667,0.55,0.04,0.18,0.25,0.02
9232,0.9200000000000002,0.54,0.06,0.22,0.22,0.02
9233,0.8849999999999999,0.44,0.03,0.26,0.26,0.04
9234,0.9083333333333331,0.46,0.04,0.29,0.21,0.04
9235,0.9216666666666664,0.42,0.02,0.31,0.23,0.04
9236,0.9216666666666667,0.46,0.02,0.28,0.18,0.08
9237,0.9083333333333333,0.45,0.0,0.34,0.18,0.03
9238,0.9199999999999996,0.49,0.0,0.36,0.11,0.04
9239,0.7833333333333331,0.38,0.0,0.38,0.18,0.06
9240,0.8450000000000002,0.46,0.01,0.28,0.18,0.08
9241,0.8816666666666666,0.46,0.01,0.19,0.28,0.07
9242,0.874847619782216,0.47,0.02,0.12,0.32,0.09
9243,0.8898556769481943,0.42,0.01,0.13,0.39,0.06
9244,0.9413780205630559,0.44,0.01,0.06,0.39,0.11
9245,0.9183333333333333,0.46,0.01,0.05,0.39,0.1
9246,0.9300000000000002,0.39,0.03,0.03,0.43,0.15
9247,0.9316666666666668,0.42,0.05,0.03,0.39,0.16
9248,0.9399999999999998,0.37,0.04,0.05,0.41,0.17
9249,0.8133333333333329,0.42,0.05,0.06,0.36,0.16
9250,0.82,0.46,0.02,0.06,0.33,0.15
9251,0.8333333333333338,0.45,0.03,0.08,0.36,0.11
9252,0.829901889176179,0.47,0.0,0.11,0.28,0.14
9253,0.8360861915201301,0.42,0.0,0.18,0.23,0.17
9254,0.8610861915201302,0.51,0.0,0.17,0.16,0.16
9255,0.8494195248534636,0.47,0.0,0.18,0.16,0.19
9256,0.8892741292185831,0.49,0.0,0.29,0.13,0.09
9257,0.8685482584371655,0.53,0.0,0.28,0.15,0.04
9258,0.8632057329942827,0.45,0.0,0.34,0.13,0.08
9259,0.7800000000000001,0.43,0.0,0.36,0.12,0.09
9260,0.831373602625418,0.49,0.0,0.26,0.13,0.12
9261,0.8549999999999999,0.49,0.0,0.22,0.19,0.1
9262,0.9133333333333334,0.58,0.0,0.2,0.18,0.04
9263,0.9216666666666665,0.59,0.0,0.16,0.19,0.06
9264,0.9033333333333331,0.55,0.0,0.22,0.16,0.07
9265,0.8916666666666664,0.54,0.0,0.22,0.16,0.08
9266,0.9283333333333332,0.49,0.0,0.19,0.24,0.08
9267,0.9183333333333334,0.46,0.0,0.16,0.27,0.11
9268,0.9266666666666665,0.42,0.0,0.17,0.31,0.1
9269,0.8150000000000003,0.43,0.0,0.18,0.35,0.04
9270,0.83,0.47,0.0,0.22,0.22,0.09
9271,0.8565342315710255,0.44,0.0,0.3,0.19,0.07
9272,0.8510164975309664,0.44,0.0,0.37,0.12,0.07
9273,0.8565342315710254,0.39,0.0,0.37,0.15,0.09
9274,0.8676831641976331,0.38,0.0,0.36,0.19,0.07
9275,0.8468966548214013,0.34,0.0,0.4,0.17,0.09
9276,0.8668966548214015,0.35,0.0,0.37,0.18,0.1
9277,0.8993498308642995,0.29,0.0,0.47,0.15,0.09
9278,0.9150665761674353,0.25,0.0,0.54,0.12,0.09
9279,0.7483333333333335,0.27,0.0,0.53,0.1,0.1
9280,0.8066666666666665,0.34,0.0,0.37,0.12,0.17
9281,0.8367413425170356,0.35,0.0,0.36,0.14,0.15
9282,0.8766666666666665,0.46,0.0,0.27,0.12,0.15
9283,0.8684080091837019,0.44,0.0,0.33,0.11,0.12
9284,0.8683333333333336,0.41,0.0,0.31,0.19,0.09
9285,0.9033333333333329,0.45,0.0,0.23,0.23,0.09
9286,0.9051973406548491,0.46,0.0,0.17,0.24,0.13
9287,0.9350746758503691,0.52,0.0,0.08,0.32,0.08
9288,0.9284080091837024,0.42,0.0,0.08,0.43,0.07
9289,0.781666666666667,0.42,0.0,0.06,0.37,0.15
9290,0.7866666666666666,0.44,0.0,0.05,0.35,0.16
9291,0.7970042356432369,0.41,0.0,0.09,0.38,0.12
9292,0.7990084712864731,0.39,0.0,0.1,0.39,0.12
9293,0.823814577602181,0.41,0.0,0.13,0.32,0.14
9294,0.8636709023099033,0.53,0.0,0.18,0.18,0.11
9295,0.8470042356432366,0.6,0.0,0.14,0.16,0.1
9296,0.8863502759062795,0.68,0.0,0.11,0.12,0.09
9297,0.9006751379531398,0.68,0.0,0.15,0.13,0.04
9298,0.9008188132454176,0.64,0.0,0.2,0.15,0.01
9299,0.8649999999999999,0.64,0.0,0.25,0.09,0.02
9300,0.8866666666666667,0.74,0.0,0.19,0.07,0.0
9301,0.8866666666666666,0.72,0.0,0.19,0.09,0.0
9302,0.9316666666666665,0.71,0.0,0.15,0.14,0.0
9303,0.925,0.72,0.0,0.13,0.12,0.03
9304,0.8983333333333333,0.67,0.0,0.16,0.14,0.03
9305,0.9316666666666668,0.69,0.0,0.11,0.16,0.04
9306,0.9133333333333331,0.7,0.0,0.08,0.18,0.04
9307,0.935,0.62,0.0,0.12,0.23,0.03
9308,0.9183333333333333,0.49,0.0,0.15,0.33,0.03
9309,0.7966666666666667,0.5,0.0,0.11,0.34,0.05
9310,0.8199999999999998,0.48,0.0,0.13,0.32,0.07
9311,0.8433333333333333,0.48,0.0,0.15,0.31,0.06
9312,0.8633333333333332,0.61,0.0,0.16,0.17,0.06
9313,0.868816184858606,0.65,0.0,0.15,0.15,0.05
9314,0.8801213290106014,0.64,0.0,0.18,0.15,0.03
9315,0.8733333333333337,0.64,0.0,0.15,0.19,0.02
9316,0.858333333333333,0.62,0.0,0.19,0.16,0.03
9317,0.8525441232390705,0.55,0.0,0.22,0.21,0.02
9318,0.8516666666666662,0.54,0.0,0.23,0.2,0.03
9319,0.7783333333333334,0.51,0.0,0.25,0.21,0.03
9320,0.9066666666666666,0.55,0.0,0.09,0.31,0.05
9321,0.9233333333333333,0.57,0.0,0.05,0.31,0.07
9322,0.9399999999999997,0.52,0.0,0.04,0.32,0.12
9323,0.9366666666666668,0.55,0.0,0.08,0.3,0.07
9324,0.9533333333333331,0.63,0.0,0.07,0.25,0.05
9325,0.9582507146358799,0.65,0.0,0.06,0.26,0.03
9326,0.9449173813025464,0.61,0.0,0.04,0.33,0.02
9327,0.9598347626050929,0.58,0.0,0.07,0.34,0.01
9328,0.9313361918768525,0.63,0.0,0.05,0.26,0.06
9329,0.7833333333333333,0.55,0.0,0.07,0.32,0.06
9330,0.7883333333333331,0.53,0.0,0.09,0.26,0.12
9331,0.8150000000000003,0.56,0.0,0.16,0.19,0.09
9332,0.836666666666667,0.55,0.0,0.25,0.12,0.08
9333,0.8400000000000003,0.49,0.0,0.28,0.13,0.1
9334,0.816858016830179,0.39,0.0,0.32,0.15,0.14
9335,0.8466666666666666,0.42,0.0,0.41,0.09,0.08
9336,0.8303827003270247,0.35,0.0,0.48,0.08,0.09
9337,0.8151913501635123,0.34,0.0,0.44,0.1,0.12
9338,0.858333333333333,0.31,0.0,0.48,0.07,0.14
9339,0.6950000000000002,0.28,0.0,0.58,0.04,0.1
9340,0.7533333333333333,0.37,0.0,0.44,0.06,0.13
9341,0.8366666666666667,0.49,0.0,0.33,0.09,0.09
9342,0.8416666666666665,0.43,0.0,0.36,0.08,0.13
9343,0.86,0.49,0.0,0.29,0.11,0.11
9344,0.8949999999999999,0.52,0.0,0.26,0.11,0.11
9345,0.8849999999999999,0.51,0.0,0.26,0.13,0.1
9346,0.9016666666666666,0.55,0.0,0.21,0.12,0.12
9347,0.91,0.54,0.0,0.17,0.18,0.11
9348,0.8999999999999999,0.42,0.0,0.17,0.26,0.15
9349,0.7283333333333332,0.35,0.0,0.22,0.32,0.11
9350,0.7866666666666668,0.4,0.0,0.19,0.31,0.1
9351,0.8000000000000002,0.41,0.0,0.26,0.23,0.1
9352,0.8246328822869513,0.41,0.0,0.31,0.13,0.15
9353,0.834423209212057,0.46,0.0,0.21,0.17,0.16
9354,0.8310797868726496,0.4,0.0,0.27,0.2,0.13
9355,0.8251659500231088,0.4,0.0,0.28,0.18,0.14
9356,0.8689886241456416,0.52,0.0,0.23,0.13,0.12
9357,0.8880766693241813,0.52,0.0,0.25,0.11,0.12
9358,0.854491846562291,0.44,0.0,0.25,0.17,0.14
9359,0.7750000000000001,0.43,0.0,0.31,0.13,0.13
9360,0.8382771265610223,0.45,0.0,0.24,0.22,0.09
9361,0.8800000000000001,0.46,0.0,0.21,0.26,0.07
9362,0.9016104598943554,0.45,0.0,0.18,0.31,0.06
9363,0.8849437932276888,0.42,0.0,0.17,0.33,0.08
9364,0.9416104598943555,0.44,0.0,0.11,0.4,0.05
9365,0.9716666666666665,0.48,0.01,0.07,0.42,0.03
9366,0.95,0.49,0.01,0.1,0.37,0.04
9367,0.9283333333333331,0.5,0.01,0.08,0.36,0.06
9368,0.9216666666666665,0.4,0.01,0.11,0.42,0.07
9369,0.7699999999999999,0.4,0.01,0.04,0.45,0.11
9370,0.7600000000000002,0.46,0.02,0.04,0.42,0.08
9371,0.7742982861391774,0.43,0.02,0.0,0.46,0.11
9372,0.7926316194725109,0.52,0.02,0.02,0.37,0.09
9373,0.7926316194725109,0.47,0.02,0.03,0.43,0.07
9374,0.8176316194725111,0.53,0.01,0.04,0.32,0.11
9375,0.8383333333333338,0.46,0.01,0.08,0.36,0.1
9376,0.8583333333333334,0.42,0.01,0.13,0.34,0.11
9377,0.8775742199215055,0.4,0.01,0.14,0.35,0.11
9378,0.8734817731763451,0.39,0.02,0.13,0.33,0.15
9379,0.7633333333333333,0.45,0.02,0.15,0.26,0.14
9380,0.8433333333333332,0.5,0.04,0.09,0.33,0.08
9381,0.8016666666666664,0.39,0.02,0.09,0.38,0.14
9382,0.8699222059827129,0.3,0.03,0.06,0.49,0.15
9383,0.895,0.29,0.06,0.04,0.56,0.11
9384,0.913333333333333,0.27,0.04,0.05,0.54,0.14
9385,0.9016666666666667,0.23,0.04,0.11,0.54,0.12
9386,0.9499999999999998,0.22,0.02,0.06,0.67,0.05
9387,0.9550000000000002,0.19,0.03,0.07,0.7,0.04
9388,0.9633333333333333,0.18,0.02,0.03,0.74,0.05
9389,0.7766666666666668,0.23,0.01,0.01,0.69,0.07
9390,0.8150000000000004,0.38,0.02,0.01,0.53,0.08
9391,0.8298741541618635,0.38,0.01,0.01,0.44,0.17
9392,0.8266666666666667,0.47,0.02,0.05,0.3,0.18
9393,0.8580863828655734,0.5,0.04,0.11,0.28,0.11
9394,0.8564197161989066,0.51,0.02,0.08,0.29,0.12
9395,0.9047483083237278,0.59,0.03,0.11,0.22,0.08
9396,0.9166666666666667,0.66,0.02,0.11,0.2,0.03
9397,0.9116666666666666,0.6,0.02,0.18,0.19,0.03
9398,0.9466666666666665,0.55,0.0,0.3,0.14,0.01
9399,0.7550000000000001,0.44,0.0,0.4,0.14,0.02
9400,0.7583333333333335,0.45,0.01,0.38,0.15,0.02
9401,0.8241947275158147,0.52,0.01,0.32,0.15,0.01
9402,0.8648549425721376,0.52,0.01,0.2,0.23,0.05
9403,0.8858613941824813,0.5,0.02,0.15,0.27,0.08
9404,0.8716666666666666,0.53,0.02,0.13,0.28,0.06
9405,0.9316666666666664,0.55,0.01,0.13,0.26,0.06
9406,0.9065216092388042,0.58,0.02,0.11,0.27,0.04
9407,0.9333333333333335,0.67,0.06,0.08,0.23,0.02
9408,0.9308613941824815,0.67,0.03,0.07,0.22,0.04
9409,0.8483333333333334,0.69,0.05,0.1,0.18,0.03
9410,0.8600000000000001,0.6,0.02,0.13,0.23,0.04
9411,0.9083333333333331,0.57,0.02,0.2,0.16,0.07
9412,0.9249999999999998,0.55,0.01,0.27,0.12,0.06
9413,0.9433333333333335,0.52,0.0,0.35,0.08,0.05
9414,0.9349999999999998,0.62,0.0,0.3,0.06,0.02
9415,0.9499999999999998,0.57,0.0,0.37,0.04,0.02
9416,0.955,0.53,0.0,0.39,0.03,0.05
9417,0.9542805416078614,0.57,0.01,0.31,0.04,0.08
9418,0.938333333333333,0.51,0.01,0.32,0.08,0.09
9419,0.755,0.52,0.01,0.3,0.1,0.08
9420,0.7666666666666667,0.54,0.01,0.29,0.12,0.05
9421,0.8183333333333331,0.53,0.01,0.26,0.14,0.07
9422,0.8733333333333333,0.49,0.0,0.18,0.23,0.1
9423,0.8983333333333331,0.49,0.0,0.19,0.27,0.05
9424,0.8744625579078803,0.5,0.0,0.17,0.24,0.09
9425,0.8961292245745469,0.5,0.0,0.13,0.27,0.1
9426,0.9027958912412136,0.49,0.0,0.07,0.35,0.09
9427,0.9066666666666667,0.44,0.0,0.06,0.35,0.15
9428,0.9216666666666664,0.48,0.0,0.05,0.36,0.11
9429,0.8133333333333337,0.41,0.0,0.07,0.38,0.14
9430,0.8699999999999997,0.49,0.0,0.09,0.28,0.14
9431,0.8676367098673802,0.52,0.0,0.15,0.21,0.12
9432,0.8826367098673797,0.46,0.0,0.17,0.21,0.16
9433,0.8850000000000001,0.57,0.0,0.17,0.13,0.13
9434,0.8833333333333332,0.54,0.0,0.22,0.11,0.13
9435,0.9083333333333331,0.58,0.01,0.17,0.12,0.13
9436,0.9233333333333333,0.54,0.02,0.23,0.04,0.19
9437,0.9299999999999996,0.46,0.01,0.34,0.04,0.16
9438,0.9033333333333331,0.44,0.01,0.36,0.03,0.17
9439,0.7816666666666667,0.54,0.0,0.31,0.03,0.12
9440,0.79,0.5,0.0,0.34,0.01,0.15
9441,0.8216666666666668,0.66,0.0,0.25,0.0,0.09
9442,0.858333333333333,0.75,0.0,0.18,0.01,0.06
9443,0.8416666666666665,0.7,0.0,0.22,0.02,0.06
9444,0.8999999999999999,0.79,0.0,0.13,0.07,0.01
9445,0.9033333333333333,0.79,0.0,0.13,0.07,0.01
9446,0.8824090069803742,0.71,0.0,0.17,0.12,0.0
9447,0.9,0.66,0.01,0.18,0.16,0.0
9448,0.8949999999999999,0.62,0.01,0.2,0.18,0.0
9449,0.9116666666666666,0.68,0.01,0.15,0.17,0.0
9450,0.9083333333333334,0.64,0.0,0.13,0.19,0.04
9451,0.9133333333333336,0.63,0.0,0.16,0.16,0.05
9452,0.9189075874588915,0.58,0.0,0.29,0.09,0.04
9453,0.945,0.56,0.0,0.32,0.07,0.05
9454,0.9233333333333336,0.53,0.0,0.34,0.09,0.04
9455,0.925,0.5,0.0,0.43,0.07,0.0
9456,0.9433333333333332,0.43,0.0,0.49,0.06,0.02
9457,0.9316666666666664,0.3,0.0,0.63,0.04,0.03
9458,0.9533333333333331,0.25,0.0,0.69,0.03,0.03
9459,0.661666666666667,0.13,0.0,0.8,0.02,0.05
9460,0.6800000000000003,0.13,0.0,0.77,0.02,0.08
9461,0.7271968291024037,0.17,0.0,0.63,0.06,0.14
9462,0.7260603248714742,0.2,0.0,0.61,0.06,0.13
9463,0.729559196204592,0.22,0.0,0.59,0.06,0.13
9464,0.7438634957690705,0.2,0.0,0.55,0.13,0.12
9465,0.8100893586403288,0.22,0.0,0.42,0.14,0.22
9466,0.8098362511186588,0.22,0.0,0.42,0.17,0.19
9467,0.8255079395517056,0.26,0.0,0.35,0.22,0.17
9468,0.8548476412810889,0.24,0.0,0.35,0.24,0.17
9469,0.8316666666666667,0.2,0.0,0.4,0.23,0.17
9470,0.8208183293838897,0.26,0.0,0.44,0.14,0.16
9471,0.8374849960505564,0.13,0.0,0.6,0.11,0.16
9472,0.8383033254344453,0.17,0.0,0.58,0.06,0.19
9473,0.8599699921011124,0.16,0.0,0.64,0.04,0.16
9474,0.864151662717223,0.11,0.0,0.72,0.05,0.12
9475,0.8666666666666666,0.14,0.01,0.67,0.04,0.15
9476,0.8866666666666664,0.08,0.0,0.71,0.08,0.13
9477,0.882484996050556,0.08,0.0,0.73,0.06,0.13
9478,0.8824849960505564,0.09,0.0,0.71,0.1,0.1
9479,0.6583333333333333,0.11,0.0,0.73,0.04,0.12
9480,0.6833333333333336,0.12,0.0,0.66,0.07,0.15
9481,0.7266666666666667,0.16,0.0,0.59,0.08,0.17
9482,0.7500000000000001,0.14,0.0,0.54,0.11,0.21
9483,0.7883333333333334,0.13,0.0,0.48,0.18,0.21
9484,0.8283333333333331,0.1,0.0,0.45,0.21,0.24
9485,0.8433333333333333,0.13,0.0,0.38,0.24,0.25
9486,0.8466666666666666,0.12,0.0,0.31,0.29,0.28
9487,0.8616666666666665,0.1,0.0,0.25,0.37,0.28
9488,0.8916666666666667,0.07,0.0,0.23,0.46,0.24
9489,0.723333333333333,0.06,0.0,0.21,0.5,0.23
9490,0.7516666666666666,0.08,0.0,0.23,0.44,0.25
9491,0.7716666666666664,0.11,0.0,0.26,0.42,0.21
9492,0.8100000000000002,0.12,0.0,0.36,0.29,0.23
9493,0.8316666666666664,0.13,0.0,0.41,0.23,0.23
9494,0.8316666666666664,0.22,0.01,0.45,0.14,0.19
9495,0.8683333333333334,0.28,0.03,0.44,0.1,0.18
9496,0.875,0.27,0.07,0.5,0.07,0.16
9497,0.8699999999999997,0.21,0.08,0.58,0.05,0.16
9498,0.8870610231782378,0.16,0.05,0.6,0.05,0.19
9499,0.7599999999999999,0.17,0.07,0.56,0.07,0.2
9500,0.7600000000000001,0.17,0.08,0.56,0.12,0.15
9501,0.7950000000000002,0.26,0.09,0.5,0.09,0.15
9502,0.8083333333333332,0.34,0.18,0.39,0.16,0.11
9503,0.8500000000000001,0.42,0.21,0.29,0.19,0.1
9504,0.8833333333333333,0.48,0.27,0.27,0.18,0.07
9505,0.8800000000000003,0.51,0.3,0.27,0.15,0.07
9506,0.9033333333333333,0.48,0.3,0.3,0.15,0.07
9507,0.8866666666666667,0.44,0.25,0.24,0.21,0.11
9508,0.8899999999999997,0.4,0.22,0.28,0.23,0.09
9509,0.85,0.49,0.22,0.16,0.25,0.1
9510,0.8858868252656525,0.6,0.22,0.16,0.21,0.03
9511,0.89,0.61,0.27,0.17,0.22,0.0
9512,0.8916666666666666,0.59,0.25,0.15,0.25,0.01
9513,0.9183333333333336,0.57,0.29,0.23,0.17,0.03
9514,0.9301069838646377,0.59,0.22,0.26,0.11,0.04
9515,0.9275403412836237,0.61,0.22,0.23,0.1,0.06
9516,0.9183333333333336,0.58,0.21,0.26,0.13,0.03
9517,0.9166666666666665,0.55,0.15,0.2,0.19,0.06
9518,0.8974615816546558,0.52,0.11,0.25,0.19,0.04
9519,0.825,0.52,0.12,0.26,0.18,0.04
9520,0.9216666666666665,0.55,0.14,0.19,0.23,0.03
9521,0.8961583198230538,0.49,0.17,0.18,0.25,0.08
9522,0.9256499729794412,0.44,0.11,0.14,0.33,0.09
9523,0.92,0.42,0.1,0.16,0.32,0.1
9524,0.9303214719712927,0.48,0.11,0.1,0.32,0.1
9525,0.9445536895966956,0.47,0.12,0.16,0.32,0.05
9526,0.9483333333333333,0.45,0.14,0.1,0.44,0.01
9527,0.9416666666666668,0.49,0.15,0.08,0.41,0.02
9528,0.941137090339142,0.46,0.13,0.09,0.41,0.04
9529,0.8249999999999997,0.47,0.09,0.05,0.4,0.08
9530,0.8202513912680535,0.47,0.04,0.09,0.33,0.11
9531,0.8415993545885653,0.45,0.01,0.19,0.31,0.05
9532,0.8619216600246697,0.46,0.03,0.2,0.3,0.04
9533,0.8933333333333334,0.48,0.04,0.28,0.23,0.01
9534,0.8646922751328003,0.51,0.08,0.31,0.16,0.02
9535,0.8933333333333334,0.48,0.08,0.35,0.15,0.02
9536,0.9216666666666664,0.43,0.04,0.47,0.08,0.02
9537,0.9166666666666663,0.45,0.05,0.45,0.07,0.03
9538,0.9147505466797756,0.42,0.07,0.46,0.07,0.05
9539,0.7416666666666666,0.38,0.06,0.49,0.1,0.03
9540,0.8233333333333333,0.39,0.07,0.44,0.09,0.08
9541,0.8299999999999998,0.41,0.05,0.41,0.1,0.08
9542,0.8816666666666664,0.54,0.08,0.21,0.16,0.09
9543,0.9166666666666667,0.62,0.11,0.17,0.14,0.07
9544,0.8866666666666667,0.67,0.16,0.19,0.11,0.03
9545,0.9249999999999997,0.63,0.18,0.14,0.19,0.04
9546,0.9766666666666666,0.77,0.27,0.05,0.17,0.01
9547,0.9666666666666666,0.75,0.29,0.09,0.13,0.03
9548,0.94,0.71,0.31,0.09,0.16,0.04
9549,0.8416666666666669,0.69,0.28,0.05,0.2,0.06
9550,0.8649999999999999,0.69,0.24,0.08,0.18,0.05
9551,0.8616666666666668,0.66,0.19,0.1,0.16,0.08
9552,0.8679578476052099,0.66,0.17,0.13,0.13,0.08
9553,0.8716666666666665,0.66,0.13,0.13,0.18,0.03
9554,0.8549999999999998,0.68,0.11,0.13,0.17,0.02
9555,0.8766666666666665,0.74,0.11,0.13,0.1,0.03
9556,0.8749999999999999,0.74,0.11,0.13,0.11,0.02
9557,0.8916666666666664,0.74,0.14,0.14,0.11,0.01
9558,0.885,0.74,0.19,0.11,0.12,0.03
9559,0.8066666666666668,0.66,0.23,0.15,0.15,0.04
9560,0.8416666666666666,0.66,0.31,0.14,0.13,0.07
9561,0.8583333333333333,0.67,0.32,0.12,0.15,0.06
9562,0.9083333333333331,0.67,0.4,0.1,0.18,0.05
9563,0.9216666666666664,0.63,0.38,0.1,0.23,0.04
9564,0.9291666666666666,0.64,0.36,0.11,0.21,0.04
9565,0.9299999999999998,0.63,0.32,0.12,0.22,0.03
9566,0.9100000000000001,0.61,0.37,0.1,0.21,0.08
9567,0.9066666666666666,0.59,0.37,0.12,0.2,0.09
9568,0.8983333333333333,0.61,0.37,0.1,0.2,0.09
9569,0.8366666666666671,0.58,0.3,0.1,0.26,0.06
9570,0.8633333333333336,0.63,0.38,0.08,0.24,0.05
9571,0.865,0.59,0.36,0.1,0.24,0.07
9572,0.8633333333333334,0.65,0.41,0.07,0.21,0.07
9573,0.8877502291139173,0.63,0.44,0.11,0.19,0.07
9574,0.8810009164556682,0.63,0.37,0.1,0.15,0.12
9575,0.9237686405495014,0.61,0.41,0.19,0.07,0.13
9576,0.9438337915611672,0.59,0.38,0.21,0.12,0.08
9577,0.9121671248945006,0.53,0.38,0.21,0.16,0.1
9578,0.9416666666666668,0.57,0.46,0.27,0.14,0.02
9579,0.8750000000000001,0.61,0.48,0.24,0.12,0.03
9580,0.8816666666666667,0.56,0.4,0.26,0.17,0.01
9581,0.9077109718668085,0.57,0.43,0.17,0.24,0.02
9582,0.9500185853865843,0.61,0.48,0.12,0.23,0.04
9583,0.9436130140104776,0.65,0.53,0.08,0.21,0.06
9584,0.9416666666666668,0.61,0.43,0.07,0.27,0.05
9585,0.9516666666666665,0.63,0.41,0.05,0.26,0.06
9586,0.945,0.63,0.41,0.07,0.25,0.05
9587,0.9149999999999998,0.65,0.44,0.04,0.26,0.05
9588,0.945,0.67,0.47,0.07,0.23,0.03
9589,0.9150000000000001,0.61,0.4,0.09,0.29,0.01
9590,0.9233333333333333,0.62,0.42,0.11,0.25,0.02
9591,0.9200000000000003,0.67,0.43,0.1,0.21,0.02
9592,0.9166666666666667,0.58,0.35,0.2,0.21,0.01
9593,0.94,0.58,0.32,0.25,0.14,0.03
9594,0.9416666666666668,0.5,0.32,0.31,0.13,0.06
9595,0.9264442393126076,0.49,0.25,0.33,0.12,0.06
9596,0.9283333333333335,0.51,0.26,0.29,0.12,0.08
9597,0.9333333333333335,0.49,0.32,0.34,0.13,0.04
9598,0.9533333333333333,0.48,0.36,0.41,0.08,0.03
9599,0.7750000000000001,0.45,0.32,0.43,0.12,0.0
9600,0.815,0.46,0.32,0.3,0.2,0.04
9601,0.835,0.41,0.33,0.35,0.2,0.04
9602,0.8533333333333332,0.37,0.26,0.27,0.28,0.08
9603,0.8798842180694234,0.42,0.35,0.26,0.31,0.01
9604,0.9031017694721806,0.37,0.29,0.22,0.36,0.05
9605,0.9357741279385644,0.43,0.32,0.17,0.34,0.06
9606,0.9516666666666664,0.51,0.36,0.14,0.29,0.06
9607,0.9449999999999998,0.49,0.4,0.12,0.3,0.09
9608,0.9333333333333331,0.47,0.39,0.17,0.3,0.06
9609,0.8850000000000001,0.41,0.34,0.19,0.37,0.03
9610,0.9000000000000005,0.41,0.33,0.26,0.28,0.05
9611,0.9083333333333333,0.37,0.34,0.36,0.21,0.06
9612,0.9216666666666667,0.48,0.43,0.3,0.17,0.05
9613,0.9616666666666667,0.46,0.43,0.38,0.09,0.07
9614,0.9566666666666667,0.42,0.41,0.45,0.06,0.07
9615,0.93,0.33,0.32,0.48,0.07,0.12
9616,0.9350000000000002,0.39,0.38,0.42,0.05,0.14
9617,0.955,0.39,0.35,0.47,0.04,0.1
9618,0.9610800051346184,0.36,0.3,0.54,0.02,0.08
9619,0.7600000000000001,0.39,0.28,0.44,0.04,0.13
9620,0.7916666666666664,0.38,0.26,0.48,0.02,0.12
9621,0.8061844949498433,0.4,0.25,0.42,0.04,0.14
9622,0.8210782019920871,0.44,0.25,0.33,0.07,0.16
9623,0.87285116161651,0.44,0.28,0.28,0.11,0.17
9624,0.8645178282831765,0.52,0.26,0.24,0.08,0.16
9625,0.8911844949498431,0.51,0.29,0.24,0.11,0.14
9626,0.8973689898996868,0.58,0.37,0.14,0.11,0.17
9627,0.912368989899687,0.59,0.43,0.08,0.13,0.2
9628,0.931886818182864,0.62,0.46,0.07,0.12,0.19
9629,0.9233333333333331,0.65,0.53,0.09,0.11,0.15
9630,0.9315457613255751,0.71,0.54,0.06,0.09,0.14
9631,0.9365457613255753,0.73,0.49,0.06,0.07,0.14
9632,0.9616666666666667,0.79,0.49,0.1,0.04,0.07
9633,0.965,0.76,0.45,0.12,0.06,0.06
9634,0.9649999999999999,0.83,0.42,0.1,0.04,0.03
9635,0.96,0.74,0.34,0.15,0.07,0.04
9636,0.9616666666666667,0.72,0.29,0.21,0.05,0.02
9637,0.9629706173100595,0.68,0.26,0.2,0.1,0.02
9638,0.9514248559844841,0.6,0.18,0.23,0.15,0.02
9639,0.8233333333333335,0.61,0.17,0.28,0.09,0.02
9640,0.8099999999999997,0.62,0.18,0.25,0.1,0.03
9641,0.8916666666666666,0.68,0.22,0.18,0.13,0.01
9642,0.8933333333333333,0.62,0.23,0.12,0.2,0.06
9643,0.9149999999999998,0.64,0.25,0.08,0.23,0.05
9644,0.9566666666666666,0.66,0.28,0.06,0.26,0.02
9645,0.9416666666666665,0.61,0.36,0.05,0.31,0.03
9646,0.9666666666666666,0.63,0.44,0.06,0.29,0.02
9647,0.9616666666666664,0.56,0.34,0.05,0.33,0.06
9648,0.9499999999999998,0.55,0.28,0.03,0.36,0.06
9649,0.8433333333333334,0.54,0.17,0.06,0.32,0.08
9650,0.853333333333333,0.55,0.2,0.08,0.27,0.1
9651,0.8633333333333334,0.5,0.19,0.14,0.24,0.12
9652,0.9033333333333334,0.58,0.21,0.16,0.17,0.09
9653,0.9233333333333336,0.5,0.18,0.26,0.16,0.08
9654,0.9116666666666667,0.47,0.17,0.3,0.15,0.08
9655,0.9099999999999998,0.45,0.13,0.32,0.12,0.11
9656,0.9066666666666667,0.46,0.19,0.25,0.2,0.09
9657,0.9299999999999996,0.51,0.3,0.3,0.16,0.03
9658,0.9283333333333332,0.53,0.29,0.36,0.08,0.03
9659,0.7316666666666666,0.48,0.26,0.39,0.08,0.05
9660,0.8366666666666667,0.6,0.31,0.26,0.1,0.04
9661,0.9099999999999998,0.7,0.39,0.11,0.14,0.05
9662,0.9066666666666667,0.65,0.32,0.11,0.21,0.03
9663,0.9299999999999997,0.54,0.22,0.12,0.27,0.07
9664,0.9383333333333332,0.61,0.24,0.09,0.26,0.04
9665,0.9449999999999998,0.59,0.19,0.08,0.24,0.09
9666,0.9383333333333331,0.57,0.24,0.09,0.25,0.09
9667,0.9249999999999998,0.55,0.31,0.08,0.25,0.12
9668,0.93,0.52,0.32,0.07,0.3,0.11
9669,0.89,0.61,0.38,0.05,0.24,0.1
9670,0.9316666666666664,0.67,0.48,0.1,0.17,0.06
9671,0.9583333333333331,0.75,0.51,0.14,0.08,0.03
9672,0.9483333333333335,0.68,0.43,0.2,0.07,0.05
9673,0.9366666666666668,0.66,0.41,0.24,0.07,0.03
9674,0.9466666666666665,0.71,0.47,0.22,0.06,0.01
9675,0.95,0.68,0.47,0.23,0.06,0.03
9676,0.9599999999999997,0.56,0.39,0.33,0.04,0.07
9677,0.963333333333333,0.59,0.43,0.3,0.04,0.07
9678,0.9600058623471399,0.58,0.42,0.32,0.05,0.05
9679,0.795,0.63,0.41,0.24,0.09,0.04
9680,0.84,0.66,0.47,0.14,0.13,0.07
9681,0.9033333333333333,0.68,0.48,0.1,0.17,0.05
9682,0.9016666666666664,0.67,0.52,0.17,0.14,0.02
9683,0.9033333333333333,0.63,0.49,0.19,0.18,0.0
9684,0.95,0.63,0.46,0.13,0.24,0.0
9685,0.9583333333333333,0.63,0.44,0.07,0.3,0.0
9686,0.9566666666666666,0.58,0.32,0.06,0.36,0.0
9687,0.95,0.55,0.27,0.09,0.36,0.0
9688,0.9433333333333332,0.58,0.31,0.09,0.32,0.01
9689,0.8550000000000001,0.57,0.32,0.05,0.37,0.01
9690,0.8616666666666662,0.55,0.3,0.04,0.38,0.03
9691,0.9101959014541424,0.59,0.36,0.09,0.27,0.05
9692,0.8867492355932588,0.54,0.35,0.12,0.25,0.09
9693,0.913389361977004,0.47,0.3,0.23,0.22,0.08
9694,0.8918765752817263,0.47,0.28,0.21,0.23,0.09
9695,0.8916806738275844,0.46,0.28,0.25,0.18,0.11
9696,0.9049999999999998,0.38,0.21,0.35,0.11,0.16
9697,0.8999999999999996,0.37,0.18,0.32,0.14,0.17
9698,0.9100140071609174,0.29,0.15,0.42,0.12,0.17
9699,0.6783333333333336,0.29,0.16,0.42,0.13,0.16
9700,0.7516666666666667,0.35,0.23,0.31,0.17,0.17
9701,0.7766666666666664,0.34,0.22,0.29,0.15,0.22
9702,0.8000000000000004,0.4,0.26,0.24,0.1,0.26
9703,0.7816666666666664,0.37,0.19,0.2,0.21,0.22
9704,0.7983333333333333,0.41,0.2,0.21,0.22,0.16
9705,0.8849999999999999,0.46,0.27,0.14,0.25,0.15
9706,0.9133333333333333,0.5,0.2,0.11,0.29,0.1
9707,0.8441824332311765,0.39,0.16,0.12,0.37,0.12
9708,0.8650000000000001,0.45,0.2,0.08,0.31,0.16
9709,0.8149999999999998,0.39,0.2,0.11,0.35,0.15
9710,0.8666666666666666,0.46,0.24,0.17,0.21,0.16
9711,0.8853776293517748,0.42,0.23,0.22,0.19,0.17
9712,0.9120442960184413,0.47,0.24,0.23,0.12,0.18
9713,0.9329232444028377,0.6,0.29,0.21,0.11,0.08
9714,0.9429232444028378,0.56,0.25,0.3,0.06,0.08
9715,0.9483008737546126,0.5,0.26,0.33,0.06,0.11
9716,0.9433008737546129,0.46,0.23,0.36,0.05,0.13
9717,0.9403776293517748,0.35,0.29,0.47,0.04,0.14
9718,0.9545899110695042,0.3,0.25,0.54,0.05,0.11
9719,0.6866666666666668,0.35,0.27,0.56,0.04,0.05
9720,0.7633333333333333,0.45,0.36,0.43,0.07,0.05
9721,0.8183333333333335,0.47,0.36,0.34,0.13,0.06
9722,0.875,0.57,0.34,0.21,0.2,0.02
9723,0.895,0.58,0.34,0.12,0.23,0.07
9724,0.9166666666666665,0.53,0.32,0.14,0.26,0.07
9725,0.9016666666666666,0.52,0.33,0.16,0.3,0.02
9726,0.9116666666666666,0.51,0.35,0.12,0.33,0.04
9727,0.9016666666666666,0.51,0.31,0.1,0.28,0.11
9728,0.8964789221158956,0.58,0.34,0.14,0.24,0.04
9729,0.938333333333333,0.65,0.43,0.11,0.22,0.02
9730,0.9516666666666667,0.7,0.45,0.14,0.11,0.05
9731,0.935,0.66,0.41,0.14,0.15,0.05
9732,0.9466666666666664,0.63,0.35,0.2,0.13,0.04
9733,0.9249999999999996,0.56,0.33,0.22,0.17,0.05
9734,0.9166666666666665,0.51,0.29,0.26,0.15,0.08
9735,0.9399999999999998,0.4,0.25,0.44,0.09,0.07
9736,0.9449999999999998,0.41,0.29,0.44,0.06,0.09
9737,0.9533333333333336,0.45,0.29,0.4,0.02,0.13
9738,0.9516666666666665,0.41,0.22,0.43,0.02,0.14
9739,0.6716666666666667,0.36,0.17,0.52,0.03,0.09
9740,0.7533333333333333,0.41,0.19,0.45,0.05,0.09
9741,0.7783333333333331,0.45,0.21,0.42,0.08,0.05
9742,0.8033333333333332,0.49,0.16,0.32,0.12,0.07
9743,0.855,0.56,0.21,0.22,0.11,0.11
9744,0.87,0.53,0.18,0.18,0.17,0.12
9745,0.8466666666666665,0.61,0.17,0.12,0.13,0.14
9746,0.8583333333333333,0.58,0.18,0.11,0.17,0.14
9747,0.8900000000000001,0.66,0.21,0.08,0.16,0.1
9748,0.9166666666666664,0.67,0.2,0.04,0.2,0.09
9749,0.8550000000000001,0.68,0.21,0.06,0.19,0.07
9750,0.8633333333333328,0.62,0.23,0.06,0.23,0.09
9751,0.9033333333333334,0.66,0.34,0.07,0.24,0.03
9752,0.9076574480590606,0.61,0.34,0.12,0.24,0.03
9753,0.912972344177182,0.53,0.31,0.16,0.26,0.05
9754,0.9239861720885909,0.5,0.25,0.21,0.24,0.05
9755,0.9269815627847879,0.52,0.25,0.23,0.2,0.05
9756,0.9345769344429392,0.6,0.29,0.18,0.19,0.03
9757,0.9342389918058026,0.58,0.23,0.23,0.15,0.04
9758,0.9329102677762725,0.53,0.17,0.26,0.16,0.05
9759,0.825,0.56,0.2,0.27,0.14,0.03
9760,0.8633333333333334,0.64,0.25,0.21,0.14,0.01
9761,0.8983333333333333,0.61,0.34,0.17,0.19,0.03
9762,0.91,0.61,0.28,0.13,0.22,0.04
9763,0.915,0.69,0.32,0.11,0.17,0.03
9764,0.9016666666666666,0.68,0.38,0.13,0.12,0.07
9765,0.9449999999999998,0.7,0.33,0.08,0.17,0.05
9766,0.9229402602844499,0.66,0.25,0.1,0.17,0.07
9767,0.943333333333333,0.66,0.29,0.06,0.22,0.06
9768,0.8933333333333331,0.59,0.27,0.06,0.29,0.06
9769,0.9116666666666667,0.61,0.34,0.06,0.31,0.02
9770,0.9200000000000002,0.65,0.32,0.07,0.25,0.03
9771,0.9416666666666665,0.63,0.32,0.16,0.18,0.03
9772,0.9400000000000002,0.64,0.34,0.17,0.15,0.04
9773,0.9460913549382011,0.63,0.28,0.19,0.1,0.08
9774,0.9599407314812699,0.6,0.18,0.25,0.06,0.09
9775,0.9499407314812699,0.62,0.17,0.25,0.04,0.09
9776,0.9515907485317401,0.58,0.15,0.29,0.07,0.06
9777,0.9570546805093701,0.65,0.18,0.22,0.06,0.07
9778,0.9320625835008434,0.57,0.14,0.24,0.11,0.08
9779,0.7633333333333335,0.46,0.12,0.35,0.04,0.15
9780,0.7700000000000001,0.38,0.13,0.36,0.09,0.17
9781,0.7987372540588518,0.46,0.17,0.24,0.11,0.19
9782,0.8805497012052017,0.46,0.18,0.2,0.14,0.2
9783,0.8383333333333332,0.45,0.16,0.14,0.18,0.23
9784,0.8544199051713451,0.37,0.16,0.13,0.25,0.25
9785,0.8994199051713454,0.43,0.14,0.1,0.21,0.26
9786,0.8833333333333333,0.39,0.11,0.09,0.25,0.27
9787,0.8883387400336027,0.37,0.03,0.11,0.25,0.27
9788,0.8816666666666666,0.36,0.02,0.11,0.31,0.22
9789,0.8200000000000002,0.41,0.0,0.04,0.3,0.25
9790,0.8383333333333334,0.46,0.0,0.03,0.26,0.25
9791,0.8533333333333332,0.43,0.0,0.07,0.21,0.29
9792,0.8899999999999997,0.47,0.0,0.12,0.17,0.24
9793,0.8916839742493249,0.42,0.0,0.17,0.14,0.27
9794,0.9066666666666666,0.42,0.01,0.24,0.12,0.22
9795,0.8955590692242729,0.35,0.01,0.25,0.14,0.26
9796,0.9105590692242725,0.36,0.0,0.29,0.13,0.22
9797,0.9244514717818788,0.4,0.0,0.32,0.08,0.2
9798,0.9311181384485452,0.33,0.0,0.39,0.07,0.21
9799,0.65,0.28,0.0,0.48,0.08,0.16
9800,0.7541666666666669,0.36,0.0,0.33,0.18,0.13
9801,0.7935379706082838,0.39,0.0,0.24,0.17,0.2
9802,0.7967834554448158,0.35,0.0,0.26,0.17,0.22
9803,0.7950173240114125,0.36,0.0,0.19,0.2,0.25
9804,0.7938079403524696,0.36,0.0,0.15,0.26,0.23
9805,0.8207612617145678,0.35,0.0,0.18,0.27,0.2
9806,0.811920736197973,0.29,0.0,0.23,0.32,0.16
9807,0.8540618940190879,0.23,0.0,0.18,0.36,0.23
9808,0.8750113492562664,0.19,0.0,0.19,0.42,0.2
9809,0.7900000000000001,0.19,0.0,0.2,0.45,0.16
9810,0.8127352212768015,0.18,0.0,0.23,0.43,0.16
9811,0.8365230597675416,0.23,0.0,0.23,0.4,0.14
9812,0.8336442315916145,0.23,0.0,0.21,0.39,0.17
9813,0.8603427730506753,0.23,0.01,0.27,0.34,0.16
9814,0.8715516133894705,0.3,0.01,0.26,0.28,0.16
9815,0.8877352212768017,0.37,0.01,0.29,0.16,0.18
9816,0.8837719010945423,0.36,0.02,0.28,0.15,0.21
9817,0.9154704425536037,0.38,0.03,0.33,0.16,0.13
9818,0.9204704425536037,0.39,0.03,0.35,0.13,0.13
9819,0.7183333333333333,0.35,0.0,0.42,0.11,0.12
9820,0.8516666666666669,0.49,0.0,0.25,0.15,0.11
9821,0.86,0.45,0.0,0.23,0.24,0.08
9822,0.9049999999999997,0.5,0.01,0.18,0.28,0.04
9823,0.8977563956058243,0.37,0.0,0.19,0.38,0.06
9824,0.8994230622724908,0.32,0.0,0.2,0.41,0.07
9825,0.8724022915158182,0.32,0.0,0.18,0.44,0.06
9826,0.9277826711818785,0.29,0.0,0.14,0.53,0.04
9827,0.94,0.27,0.0,0.09,0.58,0.06
9828,0.95,0.35,0.0,0.03,0.57,0.05
9829,0.7966666666666667,0.37,0.0,0.03,0.56,0.04
9830,0.806666666666667,0.4,0.0,0.03,0.5,0.07
9831,0.8533333333333334,0.52,0.0,0.04,0.32,0.12
9832,0.8733333333333337,0.58,0.0,0.12,0.21,0.09
9833,0.9033333333333334,0.57,0.0,0.2,0.17,0.06
9834,0.9066666666666666,0.55,0.01,0.19,0.18,0.08
9835,0.8967265096620346,0.5,0.01,0.22,0.17,0.11
9836,0.902589764493052,0.47,0.02,0.25,0.15,0.13
9837,0.9018249715035221,0.45,0.03,0.27,0.13,0.15
9838,0.9350000000000003,0.57,0.02,0.23,0.11,0.09
9839,0.74,0.5,0.01,0.25,0.11,0.14
9840,0.8283333333333333,0.58,0.03,0.16,0.16,0.1
9841,0.865,0.64,0.05,0.11,0.19,0.06
9842,0.8766666666666667,0.67,0.05,0.1,0.16,0.07
9843,0.8916666666666667,0.69,0.07,0.08,0.16,0.07
9844,0.9,0.62,0.07,0.13,0.19,0.06
9845,0.9049999999999998,0.47,0.07,0.16,0.33,0.04
9846,0.91,0.47,0.08,0.16,0.35,0.02
9847,0.9283333333333331,0.51,0.12,0.1,0.33,0.06
9848,0.9466666666666665,0.6,0.1,0.09,0.31,0.0
9849,0.8766666666666668,0.55,0.1,0.08,0.34,0.03
9850,0.8666666666666667,0.51,0.1,0.09,0.31,0.09
9851,0.9013990938900585,0.57,0.09,0.11,0.24,0.08
9852,0.9080208601060289,0.56,0.04,0.12,0.24,0.08
9853,0.9027709481140118,0.55,0.02,0.16,0.23,0.06
9854,0.923261527279627,0.61,0.02,0.13,0.23,0.03
9855,0.9430521407236725,0.56,0.02,0.26,0.12,0.06
9856,0.9616666666666667,0.63,0.01,0.24,0.09,0.04
9857,0.955,0.64,0.01,0.21,0.08,0.07
9858,0.9499999999999997,0.59,0.0,0.22,0.11,0.08
9859,0.7766666666666666,0.6,0.0,0.24,0.11,0.05
9860,0.81,0.59,0.0,0.19,0.15,0.07
9861,0.8736294459902517,0.56,0.0,0.19,0.19,0.06
9862,0.8916666666666667,0.5,0.0,0.16,0.25,0.09
9863,0.8933333333333333,0.45,0.0,0.14,0.35,0.06
9864,0.9016666666666666,0.5,0.0,0.12,0.34,0.04
9865,0.92,0.54,0.0,0.09,0.32,0.05
9866,0.9483333333333331,0.56,0.0,0.06,0.33,0.05
9867,0.9366666666666668,0.56,0.0,0.08,0.32,0.04
9868,0.915,0.54,0.0,0.05,0.34,0.07
9869,0.9033333333333331,0.57,0.0,0.06,0.3,0.07
9870,0.9166425611123994,0.57,0.0,0.09,0.27,0.07
9871,0.8950000000000001,0.49,0.0,0.13,0.31,0.07
9872,0.9216425611123995,0.55,0.0,0.18,0.2,0.07
9873,0.9400000000000002,0.62,0.0,0.2,0.15,0.03
9874,0.9499517888914655,0.6,0.0,0.24,0.11,0.05
9875,0.9749517888914656,0.65,0.0,0.27,0.06,0.02
9876,0.9749517888914654,0.63,0.0,0.29,0.05,0.03
9877,0.9755309017797351,0.67,0.0,0.28,0.03,0.02
9878,0.9588642351130686,0.56,0.0,0.35,0.04,0.05
9879,0.7583333333333332,0.49,0.0,0.37,0.05,0.09
9880,0.795,0.57,0.0,0.25,0.08,0.1
9881,0.8629600147407055,0.67,0.0,0.17,0.09,0.07
9882,0.8849999999999999,0.65,0.0,0.17,0.1,0.08
9883,0.8871992122820057,0.69,0.0,0.11,0.09,0.11
9884,0.9177662728076696,0.75,0.0,0.08,0.08,0.09
9885,0.8821992122820059,0.72,0.0,0.13,0.11,0.04
9886,0.9144329394743365,0.71,0.0,0.09,0.16,0.04
9887,0.9166666666666665,0.69,0.0,0.07,0.18,0.06
9888,0.9277662728076694,0.7,0.0,0.07,0.15,0.08
9889,0.9250000000000003,0.78,0.0,0.06,0.12,0.04
9890,0.9112369100636131,0.68,0.0,0.09,0.17,0.06
9891,0.9216666666666665,0.72,0.0,0.11,0.11,0.06
9892,0.93629563091665,0.74,0.0,0.13,0.11,0.02
9893,0.9497195946719081,0.71,0.0,0.18,0.1,0.01
9894,0.9618479275105162,0.7,0.0,0.23,0.07,0.0
9895,0.9409127557206943,0.58,0.0,0.3,0.11,0.01
9896,0.9334239637552578,0.54,0.0,0.28,0.15,0.03
9897,0.9279622975833167,0.43,0.0,0.39,0.14,0.04
9898,0.9408711978401559,0.48,0.0,0.35,0.09,0.08
9899,0.7416666666666667,0.46,0.0,0.35,0.11,0.08
9900,0.8099999999999998,0.59,0.0,0.22,0.12,0.07
9901,0.8483333333333333,0.5,0.0,0.23,0.19,0.08
9902,0.8833333333333332,0.53,0.0,0.16,0.23,0.08
9903,0.9016666666666664,0.53,0.0,0.1,0.27,0.1
9904,0.885,0.59,0.0,0.08,0.26,0.07
9905,0.9266666666666667,0.52,0.0,0.07,0.33,0.08
9906,0.9066666666666667,0.57,0.0,0.04,0.3,0.09
9907,0.9316666666666668,0.44,0.0,0.07,0.41,0.08
9908,0.9316666666666668,0.43,0.0,0.08,0.41,0.08
9909,0.8,0.36,0.0,0.1,0.45,0.09
9910,0.8714113835236165,0.51,0.0,0.15,0.26,0.08
9911,0.8605440572005721,0.49,0.0,0.21,0.22,0.08
9912,0.9190915862044566,0.59,0.0,0.2,0.13,0.08
9913,0.8724346658265333,0.55,0.0,0.23,0.15,0.07
9914,0.8914068961310475,0.56,0.0,0.21,0.17,0.06
9915,0.9124525801146959,0.63,0.0,0.18,0.15,0.04
9916,0.9293334424519135,0.69,0.0,0.16,0.11,0.04
9917,0.8964068961310474,0.6,0.0,0.18,0.13,0.09
9918,0.9388497299569996,0.62,0.0,0.21,0.13,0.04
9919,0.8,0.64,0.0,0.22,0.1,0.04
9920,0.8633333333333332,0.7,0.0,0.14,0.08,0.08
9921,0.8649999999999999,0.72,0.0,0.14,0.06,0.08
9922,0.8624393911573369,0.72,0.0,0.17,0.03,0.08
9923,0.8691060578240039,0.68,0.0,0.2,0.03,0.09
9924,0.8724393911573372,0.68,0.0,0.17,0.06,0.09
9925,0.9016666666666668,0.71,0.0,0.1,0.09,0.1
9926,0.93,0.7,0.0,0.1,0.12,0.08
9927,0.9413148523314072,0.67,0.0,0.06,0.25,0.02
9928,0.9259630379961475,0.6,0.0,0.07,0.31,0.02
9929,0.8183333333333335,0.58,0.0,0.11,0.29,0.02
9930,0.8500000000000004,0.57,0.0,0.15,0.25,0.03
9931,0.8633333333333333,0.49,0.0,0.24,0.26,0.01
9932,0.881666666666667,0.52,0.0,0.25,0.2,0.03
9933,0.9083333333333334,0.53,0.0,0.29,0.13,0.05
9934,0.8950000000000001,0.55,0.0,0.27,0.15,0.03
9935,0.8893371687807539,0.52,0.0,0.33,0.11,0.04
9936,0.9014742475126325,0.55,0.01,0.3,0.1,0.05
9937,0.9042200293679072,0.35,0.02,0.49,0.08,0.08
9938,0.8948548093351103,0.34,0.03,0.47,0.14,0.05
9939,0.8183333333333332,0.34,0.04,0.43,0.16,0.07
9940,0.8416666666666666,0.3,0.02,0.42,0.24,0.04
9941,0.8466666666666667,0.34,0.04,0.32,0.28,0.06
9942,0.8455738492320513,0.38,0.06,0.29,0.27,0.06
9943,0.8839071825653844,0.46,0.04,0.19,0.27,0.08
9944,0.8916666666666667,0.53,0.05,0.18,0.28,0.01
9945,0.91,0.56,0.07,0.11,0.29,0.04
9946,0.9,0.52,0.04,0.09,0.3,0.09
9947,0.9166666666666667,0.47,0.07,0.07,0.3,0.16
9948,0.9300000000000002,0.47,0.09,0.04,0.37,0.12
9949,0.8333333333333336,0.49,0.07,0.07,0.33,0.11
9950,0.8116666666666669,0.46,0.05,0.1,0.32,0.12
9951,0.8533333333333334,0.58,0.06,0.12,0.24,0.06
9952,0.8882537304086396,0.57,0.12,0.24,0.13,0.06
9953,0.9131741274839462,0.43,0.07,0.32,0.19,0.06
9954,0.9166666666666669,0.41,0.04,0.4,0.16,0.03
9955,0.925,0.46,0.05,0.37,0.15,0.02
9956,0.9166666666666669,0.36,0.03,0.43,0.14,0.07
9957,0.9166666666666667,0.35,0.03,0.46,0.13,0.06
9958,0.9200000000000002,0.36,0.01,0.41,0.13,0.1
9959,0.7483333333333335,0.33,0.01,0.43,0.15,0.09
9960,0.7233333333333332,0.4,0.02,0.38,0.12,0.1
9961,0.8266666666666665,0.45,0.02,0.25,0.24,0.06
9962,0.8716666666666666,0.49,0.0,0.21,0.25,0.05
9963,0.8749999999999999,0.53,0.0,0.13,0.28,0.06
9964,0.9049999999999998,0.6,0.0,0.08,0.28,0.04
9965,0.9183333333333333,0.49,0.0,0.08,0.39,0.04
9966,0.9233333333333333,0.5,0.0,0.04,0.36,0.1
9967,0.9249999999999997,0.53,0.0,0.06,0.3,0.11
9968,0.9333333333333331,0.48,0.0,0.09,0.38,0.05
9969,0.7833333333333335,0.4,0.0,0.08,0.45,0.07
9970,0.7933333333333334,0.45,0.0,0.07,0.39,0.09
9971,0.8350000000000002,0.48,0.0,0.18,0.23,0.11
9972,0.861666666666667,0.49,0.0,0.29,0.17,0.05
9973,0.8616666666666668,0.51,0.0,0.24,0.21,0.04
9974,0.8900000000000002,0.46,0.0,0.32,0.2,0.02
9975,0.9183333333333334,0.61,0.0,0.28,0.09,0.02
9976,0.93,0.68,0.0,0.21,0.07,0.04
9977,0.9383333333333335,0.69,0.0,0.25,0.03,0.03
9978,0.9133333333333333,0.74,0.0,0.16,0.04,0.06
9979,0.8483333333333332,0.65,0.0,0.22,0.06,0.07
9980,0.8549999999999999,0.65,0.0,0.17,0.1,0.08
9981,0.8983333333333334,0.67,0.0,0.14,0.1,0.09
9982,0.9133333333333331,0.67,0.0,0.13,0.12,0.08
9983,0.9116666666666666,0.69,0.0,0.07,0.18,0.06
9984,0.9266666666666667,0.64,0.0,0.06,0.26,0.04
9985,0.9283333333333335,0.63,0.0,0.05,0.28,0.04
9986,0.925,0.62,0.0,0.06,0.23,0.09
9987,0.9566666666666667,0.54,0.0,0.06,0.36,0.04
9988,0.9699999999999999,0.61,0.0,0.03,0.34,0.02
9989,0.7550000000000001,0.53,0.0,0.05,0.37,0.05
9990,0.7783333333333338,0.56,0.0,0.06,0.34,0.04
9991,0.7933333333333329,0.47,0.0,0.1,0.37,0.06
9992,0.8150000000000002,0.45,0.0,0.15,0.28,0.12
9993,0.8316666666666667,0.48,0.0,0.14,0.25,0.13
9994,0.8166666666666669,0.42,0.0,0.21,0.2,0.17
9995,0.8433333333333338,0.4,0.0,0.2,0.22,0.18
9996,0.8516666666666666,0.47,0.0,0.19,0.15,0.19
9997,0.867211608906683,0.51,0.0,0.2,0.14,0.15
9998,0.8800822076068681,0.49,0.0,0.21,0.12,0.18
9999,0.7066666666666667,0.46,0.0,0.28,0.1,0.16
