,meanfitness,seqscommon,seqstarget,extreme0,extreme1,other
0,0.2461013670501236,1.0,0.0,0.0,0.0,0.0
1,0.26533968307646516,1.0,0.0,0.0,0.0,0.0
2,0.24092649466697538,1.0,0.0,0.0,0.0,0.0
3,0.23434184020793208,1.0,0.0,0.0,0.0,0.0
4,0.25747811078955674,1.0,0.0,0.0,0.0,0.0
5,0.23117139434911219,1.0,0.0,0.0,0.0,0.0
6,0.2193266615675782,1.0,0.0,0.0,0.0,0.0
7,0.21299668403345806,1.0,0.0,0.0,0.0,0.0
8,0.2227234034137405,1.0,0.0,0.0,0.0,0.0
9,1.0,1.0,0.0,0.0,0.0,0.0
10,1.0,1.0,0.0,0.0,0.0,0.0
11,1.0,1.0,0.0,0.0,0.0,0.0
12,1.0,1.0,0.0,0.0,0.0,0.0
13,1.0,1.0,0.0,0.0,0.0,0.0
14,1.0,1.0,0.0,0.0,0.0,0.0
15,1.0,1.0,0.0,0.0,0.0,0.0
16,1.0,1.0,0.0,0.0,0.0,0.0
17,1.0,1.0,0.0,0.0,0.0,0.0
18,1.0,1.0,0.0,0.0,0.0,0.0
19,0.2783333333333336,0.99,0.0,0.0,0.01,0.0
20,0.32333333333333364,0.91,0.0,0.0,0.09,0.0
21,0.4733333333333332,0.72,0.0,0.0,0.28,0.0
22,0.6333333333333332,0.48,0.0,0.0,0.52,0.0
23,0.7833333333333333,0.22,0.0,0.0,0.78,0.0
24,0.9233333333333335,0.04,0.0,0.0,0.95,0.01
25,0.9333333333333332,0.02,0.0,0.0,0.98,0.0
26,0.96,0.01,0.0,0.0,0.99,0.0
27,0.9683333333333334,0.0,0.0,0.0,1.0,0.0
28,0.9833333333333333,0.0,0.0,0.0,1.0,0.0
29,0.8033333333333336,0.0,0.0,0.0,1.0,0.0
30,0.7999999999999998,0.0,0.0,0.0,1.0,0.0
31,0.7966666666666665,0.0,0.0,0.0,1.0,0.0
32,0.8049999999999998,0.0,0.0,0.0,1.0,0.0
33,0.7916666666666665,0.0,0.0,0.0,1.0,0.0
34,0.7950000000000002,0.0,0.0,0.0,1.0,0.0
35,0.7983333333333331,0.0,0.0,0.0,1.0,0.0
36,0.7999999999999998,0.0,0.0,0.0,1.0,0.0
37,0.8016666666666664,0.0,0.0,0.0,1.0,0.0
38,0.7999999999999998,0.0,0.0,0.0,1.0,0.0
39,0.9566666666666667,0.0,0.0,0.0,1.0,0.0
40,0.9466666666666668,0.0,0.0,0.0,1.0,0.0
41,0.9566666666666666,0.0,0.0,0.0,1.0,0.0
42,0.9433333333333335,0.0,0.0,0.0,0.99,0.01
43,0.9733333333333333,0.0,0.0,0.0,0.98,0.02
44,0.9566666666666666,0.0,0.0,0.0,0.99,0.01
45,0.9566666666666667,0.0,0.0,0.0,1.0,0.0
46,0.9566666666666666,0.0,0.0,0.0,1.0,0.0
47,0.9516666666666665,0.0,0.0,0.0,1.0,0.0
48,0.96,0.0,0.0,0.0,1.0,0.0
49,0.8066666666666668,0.0,0.0,0.0,1.0,0.0
50,0.7966666666666669,0.0,0.0,0.0,0.99,0.01
51,0.7966666666666667,0.0,0.0,0.0,0.99,0.01
52,0.7933333333333333,0.0,0.0,0.0,0.97,0.03
53,0.8016666666666665,0.0,0.0,0.0,0.97,0.03
54,0.8033333333333332,0.0,0.0,0.0,0.98,0.02
55,0.7916666666666667,0.0,0.0,0.0,0.96,0.04
56,0.7966666666666667,0.0,0.0,0.0,0.95,0.05
57,0.7999999999999997,0.0,0.0,0.0,0.96,0.04
58,0.7966666666666664,0.0,0.0,0.0,0.96,0.04
59,0.9433333333333332,0.0,0.0,0.0,0.97,0.03
60,0.9416666666666669,0.0,0.0,0.0,0.98,0.02
61,0.955,0.0,0.0,0.0,1.0,0.0
62,0.955,0.0,0.0,0.0,1.0,0.0
63,0.9550000000000002,0.0,0.0,0.0,1.0,0.0
64,0.9766666666666667,0.0,0.0,0.0,1.0,0.0
65,0.9683333333333334,0.0,0.0,0.0,1.0,0.0
66,0.9533333333333333,0.0,0.0,0.0,1.0,0.0
67,0.97,0.0,0.0,0.0,1.0,0.0
68,0.9633333333333334,0.0,0.0,0.0,1.0,0.0
69,0.8099999999999998,0.0,0.0,0.0,1.0,0.0
70,0.8066666666666664,0.0,0.0,0.0,1.0,0.0
71,0.7916666666666663,0.0,0.0,0.0,1.0,0.0
72,0.7950000000000002,0.0,0.0,0.0,1.0,0.0
73,0.7949999999999997,0.0,0.0,0.0,1.0,0.0
74,0.7950000000000002,0.0,0.0,0.0,1.0,0.0
75,0.8066666666666668,0.0,0.0,0.0,0.99,0.01
76,0.7933333333333334,0.0,0.0,0.0,0.99,0.01
77,0.795,0.0,0.0,0.0,0.99,0.01
78,0.7983333333333333,0.0,0.0,0.0,1.0,0.0
79,0.9750000000000001,0.0,0.0,0.0,1.0,0.0
80,0.9566666666666666,0.0,0.0,0.0,1.0,0.0
81,0.9633333333333333,0.0,0.0,0.0,1.0,0.0
82,0.98,0.0,0.0,0.0,1.0,0.0
83,0.9583333333333333,0.0,0.0,0.0,1.0,0.0
84,0.9533333333333333,0.0,0.0,0.0,0.99,0.01
85,0.9493940162637676,0.0,0.0,0.0,1.0,0.0
86,0.952727349597101,0.0,0.0,0.0,1.0,0.0
87,0.9777273495971011,0.0,0.0,0.0,1.0,0.0
88,0.9616666666666667,0.0,0.0,0.0,0.99,0.01
89,0.7983333333333329,0.0,0.0,0.0,1.0,0.0
90,0.7900000000000001,0.0,0.0,0.0,1.0,0.0
91,0.795,0.0,0.0,0.0,1.0,0.0
92,0.8016666666666667,0.0,0.0,0.0,1.0,0.0
93,0.8049999999999997,0.0,0.0,0.0,1.0,0.0
94,0.8083333333333335,0.0,0.0,0.0,1.0,0.0
95,0.7933333333333334,0.0,0.0,0.0,1.0,0.0
96,0.805,0.0,0.0,0.0,1.0,0.0
97,0.798333333333333,0.0,0.0,0.0,1.0,0.0
98,0.7966666666666662,0.0,0.0,0.0,1.0,0.0
99,0.965,0.0,0.0,0.0,1.0,0.0
100,0.9683333333333334,0.0,0.0,0.0,1.0,0.0
101,0.955,0.0,0.0,0.0,1.0,0.0
102,0.9666666666666666,0.0,0.0,0.0,1.0,0.0
103,0.9583333333333335,0.0,0.0,0.0,1.0,0.0
104,0.9783333333333333,0.0,0.0,0.0,1.0,0.0
105,0.9533333333333335,0.0,0.0,0.0,1.0,0.0
106,0.9400000000000002,0.0,0.0,0.0,1.0,0.0
107,0.9516666666666665,0.0,0.0,0.0,1.0,0.0
108,0.965,0.0,0.0,0.0,1.0,0.0
109,0.8116666666666661,0.0,0.0,0.0,1.0,0.0
110,0.8033333333333331,0.0,0.0,0.0,1.0,0.0
111,0.8099999999999997,0.0,0.0,0.0,1.0,0.0
112,0.8066666666666668,0.0,0.0,0.0,1.0,0.0
113,0.8049999999999998,0.0,0.0,0.0,1.0,0.0
114,0.8049999999999998,0.0,0.0,0.0,1.0,0.0
115,0.8033333333333332,0.0,0.0,0.0,1.0,0.0
116,0.7999999999999998,0.0,0.0,0.0,1.0,0.0
117,0.7949999999999998,0.0,0.0,0.0,1.0,0.0
118,0.8033333333333331,0.0,0.0,0.0,1.0,0.0
119,0.9416666666666668,0.0,0.0,0.0,1.0,0.0
120,0.95,0.0,0.0,0.0,1.0,0.0
121,0.965,0.0,0.0,0.0,1.0,0.0
122,0.94,0.0,0.0,0.0,1.0,0.0
123,0.9516666666666665,0.0,0.0,0.0,1.0,0.0
124,0.9516666666666667,0.0,0.0,0.0,1.0,0.0
125,0.9416666666666668,0.0,0.0,0.0,0.99,0.01
126,0.935,0.0,0.0,0.0,1.0,0.0
127,0.9616666666666666,0.0,0.0,0.0,1.0,0.0
128,0.9516666666666667,0.0,0.0,0.0,1.0,0.0
129,0.8066666666666665,0.0,0.0,0.0,1.0,0.0
130,0.8066666666666663,0.0,0.0,0.0,1.0,0.0
131,0.805,0.0,0.0,0.0,1.0,0.0
132,0.8016666666666664,0.0,0.0,0.0,1.0,0.0
133,0.8016666666666664,0.0,0.0,0.0,1.0,0.0
134,0.798333333333333,0.0,0.0,0.0,1.0,0.0
135,0.8016666666666663,0.0,0.0,0.0,1.0,0.0
136,0.803333333333333,0.0,0.0,0.0,1.0,0.0
137,0.8000000000000004,0.0,0.0,0.0,1.0,0.0
138,0.7833333333333333,0.0,0.0,0.0,1.0,0.0
139,0.97,0.0,0.0,0.0,1.0,0.0
140,0.9783333333333334,0.0,0.0,0.0,1.0,0.0
141,0.9583333333333335,0.0,0.0,0.0,1.0,0.0
142,0.965,0.0,0.0,0.0,0.99,0.01
143,0.9666666666666666,0.0,0.0,0.0,1.0,0.0
144,0.9766666666666667,0.0,0.0,0.0,1.0,0.0
145,0.9833333333333334,0.0,0.0,0.0,1.0,0.0
146,0.9749999999999999,0.0,0.0,0.0,1.0,0.0
147,0.9783333333333333,0.0,0.0,0.0,1.0,0.0
148,0.9716666666666666,0.0,0.0,0.0,1.0,0.0
149,0.8,0.0,0.0,0.0,1.0,0.0
150,0.7916666666666669,0.0,0.0,0.0,1.0,0.0
151,0.805,0.0,0.0,0.0,1.0,0.0
152,0.793333333333333,0.0,0.0,0.0,1.0,0.0
153,0.7966666666666664,0.0,0.0,0.0,1.0,0.0
154,0.7983333333333335,0.0,0.0,0.0,1.0,0.0
155,0.8083333333333331,0.0,0.0,0.0,1.0,0.0
156,0.7819100522860206,0.0,0.0,0.0,1.0,0.0
157,0.7999999999999997,0.0,0.0,0.0,1.0,0.0
158,0.8016666666666663,0.0,0.0,0.0,1.0,0.0
159,0.9666666666666667,0.0,0.0,0.0,1.0,0.0
160,0.9383333333333335,0.0,0.0,0.0,1.0,0.0
161,0.9566666666666667,0.0,0.0,0.0,1.0,0.0
162,0.9833333333333334,0.0,0.0,0.0,1.0,0.0
163,0.99,0.0,0.0,0.0,1.0,0.0
164,0.9716666666666666,0.0,0.0,0.0,1.0,0.0
165,0.9733333333333333,0.0,0.0,0.0,1.0,0.0
166,0.9816666666666667,0.0,0.0,0.0,1.0,0.0
167,0.9766666666666667,0.0,0.0,0.0,1.0,0.0
168,0.995,0.0,0.0,0.0,1.0,0.0
169,0.7983333333333331,0.0,0.0,0.0,1.0,0.0
170,0.7916666666666665,0.0,0.0,0.0,1.0,0.0
171,0.8016666666666665,0.0,0.0,0.0,1.0,0.0
172,0.7933333333333333,0.0,0.0,0.0,1.0,0.0
173,0.79,0.0,0.0,0.0,1.0,0.0
174,0.7933333333333337,0.0,0.0,0.0,1.0,0.0
175,0.7916666666666672,0.0,0.0,0.0,1.0,0.0
176,0.8033333333333335,0.0,0.0,0.0,1.0,0.0
177,0.8033333333333335,0.0,0.0,0.0,1.0,0.0
178,0.8117417969072562,0.0,0.0,0.0,0.99,0.01
179,0.9666666666666667,0.0,0.0,0.0,0.98,0.02
180,0.95,0.0,0.0,0.0,1.0,0.0
181,0.9633333333333333,0.0,0.0,0.0,1.0,0.0
182,0.9449999999999998,0.0,0.0,0.0,1.0,0.0
183,0.9783333333333333,0.0,0.0,0.0,1.0,0.0
184,0.9683333333333334,0.0,0.0,0.0,1.0,0.0
185,0.9783333333333334,0.0,0.0,0.0,1.0,0.0
186,0.9483333333333333,0.0,0.0,0.0,1.0,0.0
187,0.9833333333333333,0.0,0.0,0.0,1.0,0.0
188,0.9566666666666667,0.0,0.0,0.0,1.0,0.0
189,0.8116666666666663,0.0,0.0,0.0,1.0,0.0
190,0.8016666666666663,0.0,0.0,0.0,1.0,0.0
191,0.8099999999999997,0.0,0.0,0.0,1.0,0.0
192,0.795,0.0,0.0,0.0,1.0,0.0
193,0.8016666666666667,0.0,0.0,0.0,1.0,0.0
194,0.8183333333333332,0.0,0.0,0.0,1.0,0.0
195,0.7983333333333333,0.0,0.0,0.0,0.99,0.01
196,0.8016666666666665,0.0,0.0,0.0,1.0,0.0
197,0.7949999999999998,0.0,0.0,0.0,1.0,0.0
198,0.7949999999999998,0.0,0.0,0.0,1.0,0.0
199,0.9866666666666666,0.0,0.0,0.0,1.0,0.0
200,0.9733333333333333,0.0,0.0,0.0,1.0,0.0
201,0.9716666666666666,0.0,0.0,0.0,1.0,0.0
202,0.9533333333333333,0.0,0.0,0.0,1.0,0.0
203,0.9783333333333333,0.0,0.0,0.0,1.0,0.0
204,0.9783333333333334,0.0,0.0,0.0,1.0,0.0
205,0.9733333333333334,0.0,0.0,0.0,1.0,0.0
206,0.965,0.0,0.0,0.0,1.0,0.0
207,0.9566666666666667,0.0,0.0,0.0,1.0,0.0
208,0.9766666666666667,0.0,0.0,0.0,1.0,0.0
209,0.795,0.0,0.0,0.0,1.0,0.0
210,0.7950000000000002,0.0,0.0,0.0,1.0,0.0
211,0.7983333333333335,0.0,0.0,0.0,1.0,0.0
212,0.803333333333333,0.0,0.0,0.0,1.0,0.0
213,0.8066666666666663,0.0,0.0,0.0,1.0,0.0
214,0.8016666666666665,0.0,0.0,0.0,1.0,0.0
215,0.8033333333333331,0.0,0.0,0.0,1.0,0.0
216,0.803333333333333,0.0,0.0,0.0,1.0,0.0
217,0.7916666666666669,0.0,0.0,0.0,1.0,0.0
218,0.7916666666666669,0.0,0.0,0.0,1.0,0.0
219,0.9716666666666667,0.0,0.0,0.0,1.0,0.0
220,0.9633333333333334,0.0,0.0,0.0,1.0,0.0
221,0.955,0.0,0.0,0.0,1.0,0.0
222,0.9666666666666669,0.0,0.0,0.0,1.0,0.0
223,0.9716666666666667,0.0,0.0,0.0,1.0,0.0
224,0.9733333333333334,0.0,0.0,0.0,1.0,0.0
225,0.9749999999999999,0.0,0.0,0.0,1.0,0.0
226,0.97,0.0,0.0,0.0,1.0,0.0
227,0.9683333333333334,0.0,0.0,0.0,1.0,0.0
228,0.9566666666666666,0.0,0.0,0.0,1.0,0.0
229,0.7933333333333333,0.0,0.0,0.0,1.0,0.0
230,0.7916666666666664,0.0,0.0,0.0,1.0,0.0
231,0.7916666666666665,0.0,0.0,0.0,1.0,0.0
232,0.7916666666666663,0.0,0.0,0.0,1.0,0.0
233,0.7999999999999996,0.0,0.0,0.0,0.99,0.01
234,0.7999999999999997,0.0,0.0,0.0,1.0,0.0
235,0.793333333333333,0.0,0.0,0.0,1.0,0.0
236,0.7983333333333333,0.0,0.0,0.0,1.0,0.0
237,0.8016666666666664,0.0,0.0,0.0,1.0,0.0
238,0.8000000000000002,0.0,0.0,0.0,1.0,0.0
239,0.9716666666666667,0.0,0.0,0.0,1.0,0.0
240,0.97,0.0,0.0,0.0,1.0,0.0
241,0.935,0.0,0.0,0.0,1.0,0.0
242,0.95,0.0,0.0,0.0,1.0,0.0
243,0.9500000000000002,0.0,0.0,0.0,1.0,0.0
244,0.9783333333333334,0.0,0.0,0.0,1.0,0.0
245,0.9616666666666666,0.0,0.0,0.0,1.0,0.0
246,0.9683333333333333,0.0,0.0,0.0,1.0,0.0
247,0.975,0.0,0.0,0.0,1.0,0.0
248,0.96,0.0,0.0,0.0,1.0,0.0
249,0.7999999999999996,0.0,0.0,0.0,1.0,0.0
250,0.79,0.0,0.0,0.0,1.0,0.0
251,0.7966666666666669,0.0,0.0,0.0,1.0,0.0
252,0.7900000000000001,0.0,0.0,0.0,1.0,0.0
253,0.7933333333333333,0.0,0.0,0.0,1.0,0.0
254,0.8033333333333331,0.0,0.0,0.0,1.0,0.0
255,0.7899999999999998,0.0,0.0,0.0,1.0,0.0
256,0.8116666666666665,0.0,0.0,0.0,1.0,0.0
257,0.7799999999999998,0.0,0.0,0.0,1.0,0.0
258,0.7949999999999998,0.0,0.0,0.0,1.0,0.0
259,0.975,0.0,0.0,0.0,1.0,0.0
260,0.9699999999999999,0.0,0.0,0.0,1.0,0.0
261,0.9616666666666666,0.0,0.0,0.0,1.0,0.0
262,0.9666666666666667,0.0,0.0,0.0,1.0,0.0
263,0.975,0.0,0.0,0.0,1.0,0.0
264,0.9666666666666667,0.0,0.0,0.0,1.0,0.0
265,0.9583333333333333,0.0,0.0,0.0,1.0,0.0
266,0.9816666666666667,0.0,0.0,0.0,1.0,0.0
267,0.9716666666666666,0.0,0.0,0.0,1.0,0.0
268,0.9683333333333333,0.0,0.0,0.0,1.0,0.0
269,0.7983333333333336,0.0,0.0,0.0,1.0,0.0
270,0.7916666666666664,0.0,0.0,0.0,1.0,0.0
271,0.7966666666666663,0.0,0.0,0.0,1.0,0.0
272,0.7766666666666663,0.0,0.0,0.0,1.0,0.0
273,0.7933333333333331,0.0,0.0,0.0,1.0,0.0
274,0.7872378995967325,0.0,0.0,0.0,1.0,0.0
275,0.7916666666666669,0.0,0.0,0.0,1.0,0.0
276,0.8016666666666665,0.0,0.0,0.0,1.0,0.0
277,0.7983333333333331,0.0,0.0,0.0,1.0,0.0
278,0.8066666666666665,0.0,0.0,0.0,1.0,0.0
279,0.985,0.0,0.0,0.0,1.0,0.0
280,0.9833333333333334,0.0,0.0,0.0,1.0,0.0
281,0.9716666666666666,0.0,0.0,0.0,1.0,0.0
282,0.9716666666666667,0.0,0.0,0.0,1.0,0.0
283,0.9566666666666666,0.0,0.0,0.0,1.0,0.0
284,0.9733333333333333,0.0,0.0,0.0,1.0,0.0
285,0.9749999999999999,0.0,0.0,0.0,1.0,0.0
286,0.9683333333333333,0.0,0.0,0.0,1.0,0.0
287,0.9683333333333334,0.0,0.0,0.0,0.99,0.01
288,0.97,0.0,0.0,0.0,1.0,0.0
289,0.7999999999999997,0.0,0.0,0.0,1.0,0.0
290,0.798333333333333,0.0,0.0,0.0,1.0,0.0
291,0.801666666666667,0.0,0.0,0.0,1.0,0.0
292,0.7999999999999997,0.0,0.0,0.0,1.0,0.0
293,0.8099999999999996,0.0,0.0,0.0,1.0,0.0
294,0.7983333333333333,0.0,0.0,0.0,1.0,0.0
295,0.7983333333333333,0.0,0.0,0.0,1.0,0.0
296,0.7866666666666666,0.0,0.0,0.0,1.0,0.0
297,0.7999999999999997,0.0,0.0,0.0,1.0,0.0
298,0.7966666666666662,0.0,0.0,0.0,1.0,0.0
299,0.9549999999999998,0.0,0.0,0.0,1.0,0.0
300,0.9416666666666668,0.0,0.0,0.0,1.0,0.0
301,0.9483333333333335,0.0,0.0,0.0,1.0,0.0
302,0.9583333333333333,0.0,0.0,0.0,1.0,0.0
303,0.9466666666666665,0.0,0.0,0.0,1.0,0.0
304,0.9483333333333333,0.0,0.0,0.0,1.0,0.0
305,0.9683333333333334,0.0,0.0,0.0,1.0,0.0
306,0.9633333333333334,0.0,0.0,0.0,1.0,0.0
307,0.9483333333333333,0.0,0.0,0.0,1.0,0.0
308,0.9706819597512524,0.0,0.0,0.0,0.99,0.01
309,0.8099999999999997,0.0,0.0,0.0,1.0,0.0
310,0.7966666666666669,0.0,0.0,0.0,1.0,0.0
311,0.7900000000000003,0.0,0.0,0.0,1.0,0.0
312,0.7866666666666668,0.0,0.0,0.0,1.0,0.0
313,0.7966666666666667,0.0,0.0,0.0,1.0,0.0
314,0.7983333333333331,0.0,0.0,0.0,1.0,0.0
315,0.7916666666666665,0.0,0.0,0.0,1.0,0.0
316,0.8033333333333332,0.0,0.0,0.0,1.0,0.0
317,0.7940176985805656,0.0,0.0,0.0,1.0,0.0
318,0.8040176985805653,0.0,0.0,0.0,1.0,0.0
319,0.9700000000000002,0.0,0.0,0.0,1.0,0.0
320,0.99,0.0,0.0,0.0,1.0,0.0
321,0.9366666666666665,0.0,0.0,0.0,1.0,0.0
322,0.9616666666666666,0.0,0.0,0.0,1.0,0.0
323,0.9683333333333333,0.0,0.0,0.0,1.0,0.0
324,0.9783333333333334,0.0,0.0,0.0,1.0,0.0
325,0.9616666666666666,0.0,0.0,0.0,1.0,0.0
326,0.9833333333333334,0.0,0.0,0.0,1.0,0.0
327,0.9733333333333334,0.0,0.0,0.0,1.0,0.0
328,0.95,0.0,0.0,0.0,1.0,0.0
329,0.8000000000000002,0.0,0.0,0.0,1.0,0.0
330,0.7999999999999997,0.0,0.0,0.0,1.0,0.0
331,0.8066666666666664,0.0,0.0,0.0,1.0,0.0
332,0.8066666666666664,0.0,0.0,0.0,1.0,0.0
333,0.8033333333333332,0.0,0.0,0.0,1.0,0.0
334,0.8049999999999997,0.0,0.0,0.0,0.99,0.01
335,0.7883333333333336,0.0,0.0,0.0,0.98,0.02
336,0.7966666666666664,0.0,0.0,0.0,0.98,0.02
337,0.8016666666666665,0.0,0.0,0.0,0.97,0.03
338,0.7882564581822028,0.0,0.0,0.0,0.95,0.05
339,0.9433333333333335,0.0,0.0,0.0,0.94,0.06
340,0.9716666666666667,0.0,0.0,0.0,0.99,0.01
341,0.96,0.0,0.0,0.0,1.0,0.0
342,0.9833333333333334,0.0,0.0,0.0,1.0,0.0
343,0.9599999999999999,0.0,0.0,0.0,1.0,0.0
344,0.9729885882672459,0.0,0.0,0.0,1.0,0.0
345,0.9579885882672459,0.0,0.0,0.0,1.0,0.0
346,0.9483333333333335,0.0,0.0,0.0,1.0,0.0
347,0.9466666666666668,0.0,0.0,0.0,1.0,0.0
348,0.955,0.0,0.0,0.0,0.99,0.01
349,0.7899999999999996,0.0,0.0,0.0,1.0,0.0
350,0.7899999999999995,0.0,0.0,0.0,1.0,0.0
351,0.808333333333333,0.0,0.0,0.0,1.0,0.0
352,0.7883333333333331,0.0,0.0,0.0,1.0,0.0
353,0.7866666666666667,0.0,0.0,0.0,1.0,0.0
354,0.7916666666666665,0.0,0.0,0.0,1.0,0.0
355,0.8066666666666663,0.0,0.0,0.0,1.0,0.0
356,0.7988845156283209,0.0,0.0,0.0,1.0,0.0
357,0.8066666666666663,0.0,0.0,0.0,1.0,0.0
358,0.7933333333333331,0.0,0.0,0.0,1.0,0.0
359,0.9683333333333333,0.0,0.0,0.0,1.0,0.0
360,0.98,0.0,0.0,0.0,1.0,0.0
361,0.975,0.0,0.0,0.0,1.0,0.0
362,0.9833333333333333,0.0,0.0,0.0,1.0,0.0
363,0.98,0.0,0.0,0.0,1.0,0.0
364,0.9766666666666666,0.0,0.0,0.0,1.0,0.0
365,0.96,0.0,0.0,0.0,0.99,0.01
366,0.9583333333333333,0.0,0.0,0.0,1.0,0.0
367,0.9666666666666667,0.0,0.0,0.0,1.0,0.0
368,0.97,0.0,0.0,0.0,1.0,0.0
369,0.775,0.0,0.0,0.0,1.0,0.0
370,0.766666666666667,0.0,0.0,0.0,1.0,0.0
371,0.7783333333333335,0.0,0.0,0.0,1.0,0.0
372,0.7799999999999998,0.0,0.0,0.0,1.0,0.0
373,0.7899999999999996,0.0,0.0,0.0,1.0,0.0
374,0.8083333333333335,0.0,0.0,0.0,1.0,0.0
375,0.7850000000000001,0.0,0.0,0.0,1.0,0.0
376,0.7883333333333336,0.0,0.0,0.0,1.0,0.0
377,0.7916666666666665,0.0,0.0,0.0,1.0,0.0
378,0.7983333333333335,0.0,0.0,0.0,1.0,0.0
379,0.9716666666666666,0.0,0.0,0.0,1.0,0.0
380,0.9716666666666667,0.0,0.0,0.0,1.0,0.0
381,0.9583333333333333,0.0,0.0,0.0,1.0,0.0
382,0.9566666666666666,0.0,0.0,0.0,1.0,0.0
383,0.985,0.0,0.0,0.0,1.0,0.0
384,0.96,0.0,0.0,0.0,1.0,0.0
385,0.95,0.0,0.0,0.0,1.0,0.0
386,0.98,0.0,0.0,0.0,1.0,0.0
387,0.9483333333333331,0.0,0.0,0.0,1.0,0.0
388,0.9733333333333333,0.0,0.0,0.0,1.0,0.0
389,0.8049999999999996,0.0,0.0,0.0,1.0,0.0
390,0.8149999999999996,0.0,0.0,0.0,1.0,0.0
391,0.8016666666666665,0.0,0.0,0.0,1.0,0.0
392,0.8033333333333329,0.0,0.0,0.0,1.0,0.0
393,0.8016666666666664,0.0,0.0,0.0,1.0,0.0
394,0.7950000000000002,0.0,0.0,0.0,1.0,0.0
395,0.7983333333333335,0.0,0.0,0.0,1.0,0.0
396,0.8083333333333331,0.0,0.0,0.0,1.0,0.0
397,0.8133333333333331,0.0,0.0,0.0,1.0,0.0
398,0.8066666666666665,0.0,0.0,0.0,1.0,0.0
399,0.9733333333333333,0.0,0.0,0.0,1.0,0.0
400,0.9733333333333333,0.0,0.0,0.0,1.0,0.0
401,0.9633333333333333,0.0,0.0,0.0,1.0,0.0
402,0.9516666666666667,0.0,0.0,0.0,1.0,0.0
403,0.95,0.0,0.0,0.0,1.0,0.0
404,0.9749999999999999,0.0,0.0,0.0,1.0,0.0
405,0.96,0.0,0.0,0.0,1.0,0.0
406,0.9566666666666666,0.0,0.0,0.0,1.0,0.0
407,0.9533333333333333,0.0,0.0,0.0,1.0,0.0
408,0.9733333333333334,0.0,0.0,0.0,1.0,0.0
409,0.796666666666667,0.0,0.0,0.0,1.0,0.0
410,0.7833333333333329,0.0,0.0,0.0,1.0,0.0
411,0.7966666666666664,0.0,0.0,0.0,1.0,0.0
412,0.8033333333333331,0.0,0.0,0.0,1.0,0.0
413,0.8133333333333331,0.0,0.0,0.0,1.0,0.0
414,0.7916666666666669,0.0,0.0,0.0,1.0,0.0
415,0.8016666666666664,0.0,0.0,0.0,1.0,0.0
416,0.798333333333333,0.0,0.0,0.0,1.0,0.0
417,0.7899999999999998,0.0,0.0,0.0,1.0,0.0
418,0.7983333333333331,0.0,0.0,0.0,1.0,0.0
419,0.965,0.0,0.0,0.0,1.0,0.0
420,0.9716666666666666,0.0,0.0,0.0,1.0,0.0
421,0.9582994430519155,0.0,0.0,0.0,1.0,0.0
422,0.9716666666666666,0.0,0.0,0.0,1.0,0.0
423,0.9633333333333334,0.0,0.0,0.0,1.0,0.0
424,0.9616666666666666,0.0,0.0,0.0,1.0,0.0
425,0.9616666666666667,0.0,0.0,0.0,1.0,0.0
426,0.9583333333333335,0.0,0.0,0.0,1.0,0.0
427,0.955,0.0,0.0,0.0,1.0,0.0
428,0.9700000000000002,0.0,0.0,0.0,1.0,0.0
429,0.8116666666666665,0.0,0.0,0.0,1.0,0.0
430,0.7883333333333333,0.0,0.0,0.0,1.0,0.0
431,0.805,0.0,0.0,0.0,1.0,0.0
432,0.7766666666666666,0.0,0.0,0.0,1.0,0.0
433,0.7983333333333333,0.0,0.0,0.0,1.0,0.0
434,0.7933333333333333,0.0,0.0,0.0,1.0,0.0
435,0.8016666666666664,0.0,0.0,0.0,1.0,0.0
436,0.8016666666666664,0.0,0.0,0.0,1.0,0.0
437,0.785,0.0,0.0,0.0,1.0,0.0
438,0.8033333333333331,0.0,0.0,0.0,1.0,0.0
439,0.9516666666666667,0.0,0.0,0.0,1.0,0.0
440,0.975,0.0,0.0,0.0,1.0,0.0
441,0.9633333333333333,0.0,0.0,0.0,1.0,0.0
442,0.97,0.0,0.0,0.0,1.0,0.0
443,0.9599999999999999,0.0,0.0,0.0,1.0,0.0
444,0.9883333333333334,0.0,0.0,0.0,1.0,0.0
445,0.9783333333333333,0.0,0.0,0.0,1.0,0.0
446,0.9700000000000002,0.0,0.0,0.0,1.0,0.0
447,0.9716666666666667,0.0,0.0,0.0,1.0,0.0
448,0.9733333333333333,0.0,0.0,0.0,1.0,0.0
449,0.8033333333333336,0.0,0.0,0.0,1.0,0.0
450,0.8049999999999997,0.0,0.0,0.0,1.0,0.0
451,0.8016666666666665,0.0,0.0,0.0,1.0,0.0
452,0.7949999999999998,0.0,0.0,0.0,1.0,0.0
453,0.7833333333333331,0.0,0.0,0.0,1.0,0.0
454,0.7733333333333334,0.0,0.0,0.0,1.0,0.0
455,0.798333333333333,0.0,0.0,0.0,1.0,0.0
456,0.7866371041331709,0.0,0.0,0.0,1.0,0.0
457,0.8149704374665037,0.0,0.0,0.0,1.0,0.0
458,0.8015779790661779,0.0,0.0,0.0,1.0,0.0
459,0.9666666666666666,0.0,0.0,0.0,1.0,0.0
460,0.9583333333333335,0.0,0.0,0.0,1.0,0.0
461,0.9533333333333333,0.0,0.0,0.0,1.0,0.0
462,0.9549999999999998,0.0,0.0,0.0,1.0,0.0
463,0.9699999999999998,0.0,0.0,0.0,1.0,0.0
464,0.9683333333333333,0.0,0.0,0.0,1.0,0.0
465,0.9616666666666667,0.0,0.0,0.0,1.0,0.0
466,0.9533333333333333,0.0,0.0,0.0,1.0,0.0
467,0.9349999999999998,0.0,0.0,0.0,1.0,0.0
468,0.9566666666666667,0.0,0.0,0.0,1.0,0.0
469,0.788333333333333,0.0,0.0,0.0,1.0,0.0
470,0.7899999999999998,0.0,0.0,0.0,1.0,0.0
471,0.7966666666666664,0.0,0.0,0.0,1.0,0.0
472,0.7866666666666668,0.0,0.0,0.0,1.0,0.0
473,0.7866666666666662,0.0,0.0,0.0,1.0,0.0
474,0.8033333333333335,0.0,0.0,0.0,1.0,0.0
475,0.7999999999999998,0.0,0.0,0.0,1.0,0.0
476,0.7983333333333335,0.0,0.0,0.0,1.0,0.0
477,0.8000000000000002,0.0,0.0,0.0,1.0,0.0
478,0.7950000000000003,0.0,0.0,0.0,1.0,0.0
479,0.9733333333333334,0.0,0.0,0.0,1.0,0.0
480,0.9716666666666667,0.0,0.0,0.0,1.0,0.0
481,0.95,0.0,0.0,0.0,1.0,0.0
482,0.9783333333333334,0.0,0.0,0.0,1.0,0.0
483,0.9483333333333333,0.0,0.0,0.0,1.0,0.0
484,0.9633333333333334,0.0,0.0,0.0,1.0,0.0
485,0.96,0.0,0.0,0.0,1.0,0.0
486,0.9783333333333333,0.0,0.0,0.0,1.0,0.0
487,0.9583333333333333,0.0,0.0,0.0,1.0,0.0
488,0.9566666666666667,0.0,0.0,0.0,1.0,0.0
489,0.8066666666666669,0.0,0.0,0.0,1.0,0.0
490,0.795,0.0,0.0,0.0,1.0,0.0
491,0.795,0.0,0.0,0.0,1.0,0.0
492,0.7966666666666664,0.0,0.0,0.0,1.0,0.0
493,0.7849999999999997,0.0,0.0,0.0,1.0,0.0
494,0.7999999999999998,0.0,0.0,0.0,1.0,0.0
495,0.8099999999999997,0.0,0.0,0.0,1.0,0.0
496,0.7916666666666665,0.0,0.0,0.0,1.0,0.0
497,0.7983333333333337,0.0,0.0,0.0,1.0,0.0
498,0.8133333333333332,0.0,0.0,0.0,1.0,0.0
499,0.9783333333333333,0.0,0.0,0.0,1.0,0.0
500,0.9583333333333335,0.0,0.0,0.0,1.0,0.0
501,0.985,0.0,0.0,0.0,1.0,0.0
502,0.9816666666666666,0.0,0.0,0.0,1.0,0.0
503,0.965,0.0,0.0,0.0,1.0,0.0
504,0.955,0.0,0.0,0.0,1.0,0.0
505,0.9783333333333334,0.0,0.0,0.0,1.0,0.0
506,0.9716666666666666,0.0,0.0,0.0,1.0,0.0
507,0.9516666666666667,0.0,0.0,0.0,1.0,0.0
508,0.9733333333333334,0.0,0.0,0.0,1.0,0.0
509,0.8016666666666665,0.0,0.0,0.0,1.0,0.0
510,0.79,0.0,0.0,0.0,1.0,0.0
511,0.8016666666666669,0.0,0.0,0.0,1.0,0.0
512,0.7933333333333333,0.0,0.0,0.0,1.0,0.0
513,0.798333333333333,0.0,0.0,0.0,1.0,0.0
514,0.7983333333333336,0.0,0.0,0.0,1.0,0.0
515,0.7949999999999997,0.0,0.0,0.0,1.0,0.0
516,0.7933333333333327,0.0,0.0,0.0,1.0,0.0
517,0.803333333333333,0.0,0.0,0.0,1.0,0.0
518,0.7866666666666667,0.0,0.0,0.0,1.0,0.0
519,0.9583333333333335,0.0,0.0,0.0,0.99,0.01
520,0.9666666666666667,0.0,0.0,0.0,1.0,0.0
521,0.9516666666666667,0.0,0.0,0.0,1.0,0.0
522,0.9516666666666665,0.0,0.0,0.0,1.0,0.0
523,0.9716666666666667,0.0,0.0,0.0,1.0,0.0
524,0.9433333333333332,0.0,0.0,0.0,1.0,0.0
525,0.9916666666666667,0.0,0.0,0.0,1.0,0.0
526,0.9716666666666667,0.0,0.0,0.0,1.0,0.0
527,0.9633333333333332,0.0,0.0,0.0,1.0,0.0
528,0.9566666666666666,0.0,0.0,0.0,1.0,0.0
529,0.7916666666666667,0.0,0.0,0.0,1.0,0.0
530,0.7899999999999998,0.0,0.0,0.0,1.0,0.0
531,0.7864912934682907,0.0,0.0,0.0,1.0,0.0
532,0.8083333333333331,0.0,0.0,0.0,1.0,0.0
533,0.7933333333333331,0.0,0.0,0.0,1.0,0.0
534,0.8083333333333332,0.0,0.0,0.0,1.0,0.0
535,0.7966666666666669,0.0,0.0,0.0,1.0,0.0
536,0.8050000000000002,0.0,0.0,0.0,1.0,0.0
537,0.7916666666666669,0.0,0.0,0.0,1.0,0.0
538,0.7983333333333336,0.0,0.0,0.0,0.99,0.01
539,0.98,0.0,0.0,0.0,0.99,0.01
540,0.9733333333333334,0.0,0.0,0.0,1.0,0.0
541,0.9766666666666667,0.0,0.0,0.0,0.99,0.01
542,0.9916666666666667,0.0,0.0,0.0,1.0,0.0
543,0.9683333333333334,0.0,0.0,0.0,1.0,0.0
544,0.9566666666666669,0.0,0.0,0.0,1.0,0.0
545,0.97,0.0,0.0,0.0,1.0,0.0
546,0.9433333333333335,0.0,0.0,0.0,1.0,0.0
547,0.9749999999999999,0.0,0.0,0.0,1.0,0.0
548,0.9733333333333334,0.0,0.0,0.0,1.0,0.0
549,0.8016666666666667,0.0,0.0,0.0,1.0,0.0
550,0.8099999999999997,0.0,0.0,0.0,1.0,0.0
551,0.7933333333333334,0.0,0.0,0.0,1.0,0.0
552,0.7933333333333333,0.0,0.0,0.0,1.0,0.0
553,0.7866666666666667,0.0,0.0,0.0,0.99,0.01
554,0.8116666666666664,0.0,0.0,0.0,1.0,0.0
555,0.8049999999999996,0.0,0.0,0.0,1.0,0.0
556,0.7916666666666667,0.0,0.0,0.0,1.0,0.0
557,0.8049999999999998,0.0,0.0,0.0,1.0,0.0
558,0.7883333333333327,0.0,0.0,0.0,1.0,0.0
559,0.9583333333333333,0.0,0.0,0.0,1.0,0.0
560,0.9799999999999999,0.0,0.0,0.0,1.0,0.0
561,0.9599999999999999,0.0,0.0,0.0,1.0,0.0
562,0.955,0.0,0.0,0.0,1.0,0.0
563,0.9766666666666666,0.0,0.0,0.0,1.0,0.0
564,0.9483333333333333,0.0,0.0,0.0,0.99,0.01
565,0.9666666666666667,0.0,0.0,0.0,0.99,0.01
566,0.9566666666666667,0.0,0.0,0.0,1.0,0.0
567,0.9566666666666667,0.0,0.0,0.0,1.0,0.0
568,0.99,0.0,0.0,0.0,1.0,0.0
569,0.803333333333333,0.0,0.0,0.0,1.0,0.0
570,0.8083333333333332,0.0,0.0,0.0,0.99,0.01
571,0.8099999999999997,0.0,0.0,0.0,1.0,0.0
572,0.8049999999999997,0.0,0.0,0.0,1.0,0.0
573,0.8133333333333331,0.0,0.0,0.0,1.0,0.0
574,0.7966666666666663,0.0,0.0,0.0,1.0,0.0
575,0.7883333333333334,0.0,0.0,0.0,1.0,0.0
576,0.8016666666666664,0.0,0.0,0.0,1.0,0.0
577,0.7899999999999998,0.0,0.0,0.0,1.0,0.0
578,0.7983333333333331,0.0,0.0,0.0,1.0,0.0
579,0.97,0.0,0.0,0.0,1.0,0.0
580,0.9792129815002987,0.0,0.0,0.0,1.0,0.0
581,0.9466666666666668,0.0,0.0,0.0,1.0,0.0
582,0.975,0.0,0.0,0.0,1.0,0.0
583,0.9616666666666666,0.0,0.0,0.0,1.0,0.0
584,0.9683333333333333,0.0,0.0,0.0,1.0,0.0
585,0.9583333333333333,0.0,0.0,0.0,1.0,0.0
586,0.9566666666666667,0.0,0.0,0.0,1.0,0.0
587,0.9533333333333335,0.0,0.0,0.0,1.0,0.0
588,0.9533333333333331,0.0,0.0,0.0,1.0,0.0
589,0.7916666666666664,0.0,0.0,0.0,1.0,0.0
590,0.7833333333333334,0.0,0.0,0.0,0.99,0.01
591,0.8033333333333331,0.0,0.0,0.0,0.98,0.02
592,0.7833333333333333,0.0,0.0,0.0,0.98,0.02
593,0.8033333333333332,0.0,0.0,0.0,0.98,0.02
594,0.7849999999999998,0.0,0.0,0.0,0.99,0.01
595,0.8133333333333331,0.0,0.0,0.0,0.99,0.01
596,0.7979621040691495,0.0,0.0,0.0,0.96,0.04
597,0.8165581788104143,0.0,0.0,0.0,0.96,0.04
598,0.7994761644586464,0.0,0.0,0.0,0.98,0.02
599,0.9616666666666666,0.0,0.0,0.0,0.99,0.01
600,0.94,0.0,0.0,0.0,0.99,0.01
601,0.9683333333333333,0.0,0.0,0.0,0.98,0.02
602,0.9616666666666667,0.0,0.0,0.0,1.0,0.0
603,0.945,0.0,0.0,0.0,1.0,0.0
604,0.9566666666666666,0.0,0.0,0.0,1.0,0.0
605,0.9700000000000002,0.0,0.0,0.0,1.0,0.0
606,0.9616666666666669,0.0,0.0,0.0,1.0,0.0
607,0.97,0.0,0.0,0.0,1.0,0.0
608,0.9833333333333333,0.0,0.0,0.0,1.0,0.0
609,0.7916666666666664,0.0,0.0,0.0,1.0,0.0
610,0.8016666666666665,0.0,0.0,0.0,1.0,0.0
611,0.7833333333333337,0.0,0.0,0.0,1.0,0.0
612,0.7966666666666665,0.0,0.0,0.0,1.0,0.0
613,0.7983333333333333,0.0,0.0,0.0,0.99,0.01
614,0.8116666666666664,0.0,0.0,0.0,0.99,0.01
615,0.8199999999999997,0.0,0.0,0.0,0.99,0.01
616,0.7983333333333327,0.0,0.0,0.0,0.99,0.01
617,0.8016666666666665,0.0,0.0,0.0,0.98,0.02
618,0.7933333333333333,0.0,0.0,0.0,0.98,0.02
619,0.9716666666666667,0.0,0.0,0.0,0.99,0.01
620,0.9533333333333333,0.0,0.0,0.0,1.0,0.0
621,0.96,0.0,0.0,0.0,0.99,0.01
622,0.9616666666666666,0.0,0.0,0.0,0.99,0.01
623,0.9549999999999998,0.0,0.0,0.0,0.99,0.01
624,0.965,0.0,0.0,0.0,0.99,0.01
625,0.9416666666666668,0.0,0.0,0.0,0.99,0.01
626,0.9633333333333333,0.0,0.0,0.0,1.0,0.0
627,0.965,0.0,0.0,0.0,1.0,0.0
628,0.9583333333333333,0.0,0.0,0.0,1.0,0.0
629,0.7983333333333331,0.0,0.0,0.0,1.0,0.0
630,0.8066666666666664,0.0,0.0,0.0,1.0,0.0
631,0.7949999999999998,0.0,0.0,0.0,1.0,0.0
632,0.7966666666666663,0.0,0.0,0.0,1.0,0.0
633,0.7999999999999997,0.0,0.0,0.0,1.0,0.0
634,0.8016666666666672,0.0,0.0,0.0,1.0,0.0
635,0.8066666666666665,0.0,0.0,0.0,1.0,0.0
636,0.7999999999999997,0.0,0.0,0.0,1.0,0.0
637,0.8066666666666664,0.0,0.0,0.0,1.0,0.0
638,0.8099999999999996,0.0,0.0,0.0,1.0,0.0
639,0.9816666666666667,0.0,0.0,0.0,1.0,0.0
640,0.9533333333333333,0.0,0.0,0.0,1.0,0.0
641,0.9633333333333333,0.0,0.0,0.0,1.0,0.0
642,0.9436086530809465,0.01,0.0,0.0,0.99,0.0
643,0.9233333333333335,0.0,0.0,0.0,1.0,0.0
644,0.9866666666666667,0.0,0.0,0.0,1.0,0.0
645,0.98,0.0,0.0,0.0,1.0,0.0
646,0.97,0.0,0.0,0.0,1.0,0.0
647,0.9566666666666667,0.0,0.0,0.0,1.0,0.0
648,0.9666666666666667,0.0,0.0,0.0,1.0,0.0
649,0.7916666666666669,0.0,0.0,0.0,1.0,0.0
650,0.8000000000000002,0.0,0.0,0.0,1.0,0.0
651,0.796666666666667,0.0,0.0,0.0,1.0,0.0
652,0.8083333333333336,0.0,0.0,0.0,1.0,0.0
653,0.8066666666666665,0.0,0.0,0.0,1.0,0.0
654,0.7966666666666665,0.0,0.0,0.0,1.0,0.0
655,0.8016666666666665,0.0,0.0,0.0,1.0,0.0
656,0.7949999999999997,0.0,0.0,0.0,1.0,0.0
657,0.7983333333333335,0.0,0.0,0.0,1.0,0.0
658,0.808333333333333,0.0,0.0,0.0,1.0,0.0
659,0.9783333333333333,0.0,0.0,0.0,1.0,0.0
660,0.9866666666666667,0.0,0.0,0.0,1.0,0.0
661,0.9633333333333334,0.0,0.0,0.0,1.0,0.0
662,0.9616666666666666,0.0,0.0,0.0,1.0,0.0
663,0.975,0.0,0.0,0.0,1.0,0.0
664,0.9716666666666667,0.0,0.0,0.0,1.0,0.0
665,0.9816666666666667,0.0,0.0,0.0,1.0,0.0
666,0.9583333333333335,0.0,0.0,0.0,1.0,0.0
667,0.97,0.0,0.0,0.0,1.0,0.0
668,0.95,0.0,0.0,0.0,1.0,0.0
669,0.7933333333333337,0.0,0.0,0.0,1.0,0.0
670,0.7949999999999997,0.0,0.0,0.0,1.0,0.0
671,0.8016666666666664,0.0,0.0,0.0,1.0,0.0
672,0.8033333333333335,0.0,0.0,0.0,1.0,0.0
673,0.8116666666666663,0.0,0.0,0.0,1.0,0.0
674,0.7937835998935918,0.01,0.0,0.0,0.99,0.0
675,0.7983333333333329,0.01,0.0,0.0,0.99,0.0
676,0.805,0.0,0.0,0.0,1.0,0.0
677,0.8033333333333331,0.0,0.0,0.0,1.0,0.0
678,0.8033333333333331,0.0,0.0,0.0,1.0,0.0
679,0.9433333333333332,0.0,0.0,0.0,1.0,0.0
680,0.9649999999999999,0.0,0.0,0.0,1.0,0.0
681,0.9733333333333334,0.0,0.0,0.0,1.0,0.0
682,0.96,0.0,0.0,0.0,1.0,0.0
683,0.9716666666666666,0.0,0.0,0.0,0.99,0.01
684,0.9666666666666667,0.0,0.0,0.0,1.0,0.0
685,0.97,0.0,0.0,0.0,1.0,0.0
686,0.97,0.0,0.0,0.0,1.0,0.0
687,0.9733333333333333,0.0,0.0,0.0,1.0,0.0
688,0.975,0.0,0.0,0.0,1.0,0.0
689,0.7999999999999997,0.0,0.0,0.0,1.0,0.0
690,0.7916666666666665,0.0,0.0,0.0,1.0,0.0
691,0.8066666666666668,0.0,0.0,0.0,1.0,0.0
692,0.8016666666666667,0.0,0.0,0.0,1.0,0.0
693,0.7999999999999998,0.0,0.0,0.0,1.0,0.0
694,0.7883333333333329,0.0,0.0,0.0,1.0,0.0
695,0.7866666666666667,0.0,0.0,0.0,1.0,0.0
696,0.798333333333333,0.0,0.0,0.0,1.0,0.0
697,0.805,0.0,0.0,0.0,0.99,0.01
698,0.7916666666666667,0.0,0.0,0.0,1.0,0.0
699,0.985,0.0,0.0,0.0,1.0,0.0
700,0.9766666666666666,0.0,0.0,0.0,1.0,0.0
701,0.9633333333333333,0.0,0.0,0.0,1.0,0.0
702,0.9749999999999999,0.0,0.0,0.0,1.0,0.0
703,0.9683333333333334,0.0,0.0,0.0,1.0,0.0
704,0.9716666666666667,0.0,0.0,0.0,1.0,0.0
705,0.9616666666666667,0.0,0.0,0.0,1.0,0.0
706,0.9566666666666667,0.0,0.0,0.0,1.0,0.0
707,0.9666666666666667,0.0,0.0,0.0,1.0,0.0
708,0.9733333333333333,0.0,0.0,0.0,1.0,0.0
709,0.8016666666666664,0.0,0.0,0.0,1.0,0.0
710,0.8066666666666668,0.0,0.0,0.0,1.0,0.0
711,0.7916666666666664,0.0,0.0,0.0,1.0,0.0
712,0.7999999999999996,0.0,0.0,0.0,1.0,0.0
713,0.8116666666666664,0.0,0.0,0.0,1.0,0.0
714,0.8066666666666664,0.0,0.0,0.0,1.0,0.0
715,0.7983333333333335,0.0,0.0,0.0,1.0,0.0
716,0.7933333333333333,0.0,0.0,0.0,1.0,0.0
717,0.7983333333333335,0.0,0.0,0.0,1.0,0.0
718,0.8166666666666664,0.0,0.0,0.0,1.0,0.0
719,0.9816666666666666,0.0,0.0,0.0,1.0,0.0
720,0.9933333333333333,0.0,0.0,0.0,1.0,0.0
721,0.95,0.0,0.0,0.0,1.0,0.0
722,0.965,0.0,0.0,0.0,1.0,0.0
723,0.9566666666666667,0.0,0.0,0.0,0.99,0.01
724,0.9833333333333334,0.0,0.0,0.0,1.0,0.0
725,0.97,0.0,0.0,0.0,1.0,0.0
726,0.9666666666666666,0.0,0.0,0.0,1.0,0.0
727,0.9633333333333333,0.0,0.0,0.0,1.0,0.0
728,0.9716666666666667,0.0,0.0,0.0,1.0,0.0
729,0.7966666666666669,0.0,0.0,0.0,1.0,0.0
730,0.8045721643668319,0.0,0.0,0.0,1.0,0.0
731,0.7883333333333336,0.0,0.0,0.0,1.0,0.0
732,0.7950000000000003,0.0,0.0,0.0,1.0,0.0
733,0.7949999999999998,0.0,0.0,0.0,1.0,0.0
734,0.7983333333333333,0.0,0.0,0.0,1.0,0.0
735,0.798333333333333,0.0,0.0,0.0,1.0,0.0
736,0.8050000000000002,0.0,0.0,0.0,1.0,0.0
737,0.8099999999999998,0.0,0.0,0.0,1.0,0.0
738,0.8066666666666665,0.0,0.0,0.0,1.0,0.0
739,0.9733333333333333,0.0,0.0,0.0,1.0,0.0
740,0.975,0.0,0.0,0.0,1.0,0.0
741,0.945,0.0,0.0,0.0,1.0,0.0
742,0.9533333333333333,0.0,0.0,0.0,1.0,0.0
743,0.985,0.0,0.0,0.0,1.0,0.0
744,0.965,0.0,0.0,0.0,1.0,0.0
745,0.9683333333333334,0.0,0.0,0.0,1.0,0.0
746,0.9416666666666668,0.0,0.0,0.0,1.0,0.0
747,0.955,0.0,0.0,0.0,1.0,0.0
748,0.9499999999999998,0.0,0.0,0.0,1.0,0.0
749,0.7966666666666662,0.0,0.0,0.0,1.0,0.0
750,0.7966666666666663,0.0,0.0,0.0,1.0,0.0
751,0.7833333333333334,0.0,0.0,0.0,1.0,0.0
752,0.7999999999999997,0.0,0.0,0.0,1.0,0.0
753,0.8016666666666672,0.0,0.0,0.0,1.0,0.0
754,0.8083333333333331,0.0,0.0,0.0,1.0,0.0
755,0.808333333333333,0.0,0.0,0.0,1.0,0.0
756,0.8066666666666665,0.0,0.0,0.0,1.0,0.0
757,0.7999999999999998,0.0,0.0,0.0,1.0,0.0
758,0.8066666666666664,0.0,0.0,0.0,1.0,0.0
759,0.9849999999999999,0.0,0.0,0.0,1.0,0.0
760,0.9566666666666667,0.0,0.0,0.0,1.0,0.0
761,0.97,0.0,0.0,0.0,1.0,0.0
762,0.9816666666666666,0.0,0.0,0.0,1.0,0.0
763,0.9383333333333332,0.0,0.0,0.0,1.0,0.0
764,0.95,0.0,0.0,0.0,0.99,0.01
765,0.97,0.0,0.0,0.0,1.0,0.0
766,0.958891494420457,0.0,0.0,0.0,1.0,0.0
767,0.968891494420457,0.0,0.0,0.0,1.0,0.0
768,0.9605581610871237,0.0,0.0,0.0,1.0,0.0
769,0.7999999999999998,0.0,0.0,0.0,1.0,0.0
770,0.7916666666666665,0.0,0.0,0.0,1.0,0.0
771,0.8099999999999997,0.0,0.0,0.0,1.0,0.0
772,0.7983333333333333,0.0,0.0,0.0,1.0,0.0
773,0.7766666666666667,0.0,0.0,0.0,1.0,0.0
774,0.8066666666666664,0.0,0.0,0.0,1.0,0.0
775,0.7949999999999998,0.0,0.0,0.0,1.0,0.0
776,0.798333333333333,0.0,0.0,0.0,1.0,0.0
777,0.7949999999999996,0.0,0.0,0.0,1.0,0.0
778,0.8016666666666667,0.0,0.0,0.0,1.0,0.0
779,0.9633333333333333,0.0,0.0,0.0,1.0,0.0
780,0.9583333333333333,0.0,0.0,0.0,1.0,0.0
781,0.9750000000000001,0.0,0.0,0.0,1.0,0.0
782,0.9683333333333333,0.0,0.0,0.0,1.0,0.0
783,0.9816666666666667,0.0,0.0,0.0,1.0,0.0
784,0.9566666666666667,0.0,0.0,0.0,1.0,0.0
785,0.9683333333333333,0.0,0.0,0.0,1.0,0.0
786,0.9783333333333334,0.0,0.0,0.0,1.0,0.0
787,0.9500000000000002,0.0,0.0,0.0,1.0,0.0
788,0.9733333333333333,0.0,0.0,0.0,1.0,0.0
789,0.8049999999999997,0.0,0.0,0.0,1.0,0.0
790,0.7966666666666664,0.0,0.0,0.0,1.0,0.0
791,0.8100000000000002,0.0,0.0,0.0,1.0,0.0
792,0.8066666666666665,0.0,0.0,0.0,1.0,0.0
793,0.7900000000000005,0.0,0.0,0.0,1.0,0.0
794,0.8000000000000003,0.0,0.0,0.0,1.0,0.0
795,0.7916666666666667,0.0,0.0,0.0,1.0,0.0
796,0.788333333333333,0.0,0.0,0.0,1.0,0.0
797,0.7950000000000002,0.0,0.0,0.0,1.0,0.0
798,0.795,0.0,0.0,0.0,1.0,0.0
799,0.9583333333333335,0.0,0.0,0.0,1.0,0.0
800,0.9688107399965447,0.0,0.0,0.0,1.0,0.0
801,0.9517264249417061,0.0,0.0,0.0,1.0,0.0
802,0.96,0.0,0.0,0.0,1.0,0.0
803,0.97,0.0,0.0,0.0,1.0,0.0
804,0.9466666666666668,0.0,0.0,0.0,1.0,0.0
805,0.9616666666666666,0.0,0.0,0.0,1.0,0.0
806,0.9666666666666666,0.0,0.0,0.0,1.0,0.0
807,0.94,0.0,0.0,0.0,1.0,0.0
808,0.9833333333333334,0.0,0.0,0.0,1.0,0.0
809,0.7999999999999998,0.0,0.0,0.0,1.0,0.0
810,0.7983333333333331,0.0,0.0,0.0,1.0,0.0
811,0.7866666666666667,0.0,0.0,0.0,1.0,0.0
812,0.7916666666666667,0.0,0.0,0.0,1.0,0.0
813,0.7933333333333336,0.0,0.0,0.0,1.0,0.0
814,0.798333333333333,0.0,0.0,0.0,1.0,0.0
815,0.7949999999999995,0.0,0.0,0.0,0.99,0.01
816,0.785,0.0,0.0,0.0,0.99,0.01
817,0.7833333333333334,0.0,0.0,0.0,1.0,0.0
818,0.7966666666666663,0.0,0.0,0.0,1.0,0.0
819,0.9766666666666667,0.0,0.0,0.0,1.0,0.0
820,0.97,0.0,0.0,0.0,1.0,0.0
821,0.9716666666666666,0.0,0.0,0.0,1.0,0.0
822,0.963069689203732,0.0,0.0,0.0,1.0,0.0
823,0.9697363558703987,0.0,0.0,0.0,1.0,0.0
824,0.9616666666666666,0.0,0.0,0.0,1.0,0.0
825,0.96,0.0,0.0,0.0,1.0,0.0
826,0.98,0.0,0.0,0.0,1.0,0.0
827,0.9533333333333333,0.0,0.0,0.0,1.0,0.0
828,0.9629776217586783,0.0,0.0,0.0,0.99,0.01
829,0.7883333333333331,0.0,0.0,0.0,0.99,0.01
830,0.7933333333333337,0.0,0.0,0.0,0.99,0.01
831,0.7916666666666664,0.0,0.0,0.0,0.99,0.01
832,0.7833333333333335,0.0,0.0,0.0,1.0,0.0
833,0.7933333333333331,0.0,0.0,0.0,1.0,0.0
834,0.7949999999999998,0.0,0.0,0.0,1.0,0.0
835,0.8,0.0,0.0,0.0,1.0,0.0
836,0.7966666666666664,0.0,0.0,0.0,1.0,0.0
837,0.793333333333333,0.0,0.0,0.0,1.0,0.0
838,0.8016666666666664,0.0,0.0,0.0,1.0,0.0
839,0.9650000000000002,0.0,0.0,0.0,1.0,0.0
840,0.955,0.0,0.0,0.0,1.0,0.0
841,0.9550000000000002,0.0,0.0,0.0,1.0,0.0
842,0.9766666666666666,0.0,0.0,0.0,1.0,0.0
843,0.9716666666666667,0.0,0.0,0.0,1.0,0.0
844,0.96,0.0,0.0,0.0,1.0,0.0
845,0.9533333333333335,0.0,0.0,0.0,1.0,0.0
846,0.9816666666666667,0.0,0.0,0.0,1.0,0.0
847,0.98,0.0,0.0,0.0,1.0,0.0
848,0.9183333333333333,0.0,0.0,0.0,1.0,0.0
849,0.7949999999999998,0.0,0.0,0.0,1.0,0.0
850,0.8016666666666662,0.0,0.0,0.0,1.0,0.0
851,0.7916666666666669,0.0,0.0,0.0,1.0,0.0
852,0.7999999999999997,0.0,0.0,0.0,1.0,0.0
853,0.7866666666666664,0.0,0.0,0.0,1.0,0.0
854,0.8049999999999996,0.0,0.0,0.0,1.0,0.0
855,0.7966666666666667,0.0,0.0,0.0,1.0,0.0
856,0.7949999999999997,0.0,0.0,0.0,1.0,0.0
857,0.8066666666666664,0.0,0.0,0.0,1.0,0.0
858,0.7999999999999998,0.0,0.0,0.0,1.0,0.0
859,0.9516666666666669,0.0,0.0,0.0,1.0,0.0
860,0.9633333333333333,0.0,0.0,0.0,1.0,0.0
861,0.965,0.0,0.0,0.0,1.0,0.0
862,0.9748625540227949,0.0,0.0,0.0,1.0,0.0
863,0.962920995401718,0.0,0.0,0.0,1.0,0.0
864,0.9446538399664203,0.0,0.0,0.0,0.99,0.01
865,0.9811117925767124,0.0,0.0,0.0,0.98,0.02
866,0.9429159052205843,0.0,0.0,0.0,0.97,0.03
867,0.9714579526102922,0.0,0.0,0.0,0.98,0.02
868,0.9781246192769588,0.0,0.0,0.0,0.98,0.02
869,0.7950000000000004,0.0,0.0,0.0,0.97,0.03
870,0.7949999999999998,0.0,0.0,0.0,0.94,0.06
871,0.7949999999999998,0.0,0.0,0.0,0.93,0.07
872,0.7933333333333333,0.0,0.0,0.0,0.98,0.02
873,0.8083333333333331,0.0,0.0,0.0,0.99,0.01
874,0.7933333333333333,0.0,0.0,0.0,0.99,0.01
875,0.7883333333333333,0.0,0.0,0.0,0.99,0.01
876,0.8,0.0,0.0,0.0,0.99,0.01
877,0.8000000000000003,0.0,0.0,0.0,1.0,0.0
878,0.7833333333333333,0.0,0.0,0.0,1.0,0.0
879,0.9766666666666666,0.0,0.0,0.0,1.0,0.0
880,0.975,0.0,0.0,0.0,1.0,0.0
881,0.9666666666666666,0.0,0.0,0.0,1.0,0.0
882,0.97,0.0,0.0,0.0,1.0,0.0
883,0.9916666666666667,0.0,0.0,0.0,1.0,0.0
884,0.9666666666666666,0.0,0.0,0.0,1.0,0.0
885,0.975,0.0,0.0,0.0,1.0,0.0
886,0.945,0.0,0.0,0.0,1.0,0.0
887,0.965,0.0,0.0,0.0,1.0,0.0
888,0.9783333333333333,0.0,0.0,0.0,1.0,0.0
889,0.7916666666666663,0.0,0.0,0.0,1.0,0.0
890,0.798333333333333,0.0,0.0,0.0,1.0,0.0
891,0.7899999999999995,0.0,0.0,0.0,1.0,0.0
892,0.7966666666666667,0.0,0.0,0.0,0.99,0.01
893,0.7966666666666663,0.0,0.0,0.0,0.98,0.02
894,0.7816666666666664,0.0,0.0,0.0,0.98,0.02
895,0.8000000000000002,0.0,0.0,0.0,0.99,0.01
896,0.7933333333333331,0.0,0.0,0.0,1.0,0.0
897,0.7949999999999997,0.0,0.0,0.0,1.0,0.0
898,0.7999999999999998,0.0,0.0,0.0,1.0,0.0
899,0.9683333333333334,0.0,0.0,0.0,1.0,0.0
900,0.98,0.0,0.0,0.0,1.0,0.0
901,0.9633333333333334,0.0,0.0,0.0,1.0,0.0
902,0.9533333333333335,0.0,0.0,0.0,1.0,0.0
903,0.965,0.0,0.0,0.0,1.0,0.0
904,0.9716666666666666,0.0,0.0,0.0,1.0,0.0
905,0.96,0.0,0.0,0.0,1.0,0.0
906,0.96,0.0,0.0,0.0,1.0,0.0
907,0.9716666666666666,0.0,0.0,0.0,1.0,0.0
908,0.96,0.0,0.0,0.0,1.0,0.0
909,0.7916666666666665,0.0,0.0,0.0,1.0,0.0
910,0.7916666666666664,0.0,0.0,0.0,1.0,0.0
911,0.7933333333333336,0.0,0.0,0.0,1.0,0.0
912,0.7983333333333333,0.0,0.0,0.0,1.0,0.0
913,0.7966666666666665,0.0,0.0,0.0,1.0,0.0
914,0.7866666666666664,0.0,0.0,0.0,1.0,0.0
915,0.783333333333333,0.0,0.0,0.0,1.0,0.0
916,0.7949999999999998,0.0,0.0,0.0,1.0,0.0
917,0.8016666666666665,0.0,0.0,0.0,1.0,0.0
918,0.7933333333333334,0.0,0.0,0.0,1.0,0.0
919,0.9533333333333333,0.0,0.0,0.0,1.0,0.0
920,0.98,0.0,0.0,0.0,1.0,0.0
921,0.9683333333333334,0.0,0.0,0.0,1.0,0.0
922,0.965,0.0,0.0,0.0,1.0,0.0
923,0.975,0.0,0.0,0.0,1.0,0.0
924,0.9749999999999999,0.0,0.0,0.0,1.0,0.0
925,0.965,0.0,0.0,0.0,1.0,0.0
926,0.9616666666666666,0.0,0.0,0.0,1.0,0.0
927,0.9583333333333335,0.0,0.0,0.0,1.0,0.0
928,0.9483333333333335,0.0,0.0,0.0,1.0,0.0
929,0.8049999999999997,0.0,0.0,0.0,1.0,0.0
930,0.7949999999999998,0.0,0.0,0.0,1.0,0.0
931,0.7950000000000002,0.0,0.0,0.0,1.0,0.0
932,0.7983333333333329,0.0,0.0,0.0,1.0,0.0
933,0.7933333333333331,0.0,0.0,0.0,1.0,0.0
934,0.7999999999999997,0.0,0.0,0.0,1.0,0.0
935,0.8066666666666668,0.0,0.0,0.0,0.99,0.01
936,0.7899999999999998,0.0,0.0,0.0,1.0,0.0
937,0.7949999999999997,0.0,0.0,0.0,1.0,0.0
938,0.7949999999999998,0.0,0.0,0.0,1.0,0.0
939,0.9583333333333333,0.0,0.0,0.0,1.0,0.0
940,0.9416666666666668,0.0,0.0,0.0,1.0,0.0
941,0.9649999999999999,0.0,0.0,0.0,1.0,0.0
942,0.965,0.0,0.0,0.0,1.0,0.0
943,0.9616666666666667,0.0,0.0,0.0,0.99,0.01
944,0.9766666666666667,0.0,0.0,0.0,1.0,0.0
945,0.9666666666666666,0.0,0.0,0.0,1.0,0.0
946,0.9700000000000002,0.0,0.0,0.0,1.0,0.0
947,0.925,0.0,0.0,0.0,1.0,0.0
948,0.965,0.0,0.0,0.0,1.0,0.0
949,0.7983333333333331,0.0,0.0,0.0,1.0,0.0
950,0.8049999999999997,0.0,0.0,0.0,1.0,0.0
951,0.811286734421921,0.0,0.0,0.0,1.0,0.0
952,0.793333333333333,0.0,0.0,0.0,1.0,0.0
953,0.8049999999999998,0.0,0.0,0.0,1.0,0.0
954,0.7933333333333334,0.0,0.0,0.0,1.0,0.0
955,0.7849999999999998,0.0,0.0,0.0,1.0,0.0
956,0.8016666666666667,0.0,0.0,0.0,1.0,0.0
957,0.7850000000000001,0.0,0.0,0.0,1.0,0.0
958,0.7883333333333329,0.0,0.0,0.0,1.0,0.0
959,0.97,0.0,0.0,0.0,1.0,0.0
960,0.9666666666666666,0.0,0.0,0.0,1.0,0.0
961,0.96,0.0,0.0,0.0,1.0,0.0
962,0.9666666666666667,0.0,0.0,0.0,1.0,0.0
963,0.9766666666666667,0.0,0.0,0.0,1.0,0.0
964,0.9550000000000002,0.0,0.0,0.0,1.0,0.0
965,0.9633333333333334,0.0,0.0,0.0,1.0,0.0
966,0.9666666666666666,0.0,0.0,0.0,1.0,0.0
967,0.985,0.0,0.0,0.0,1.0,0.0
968,0.9633333333333333,0.0,0.0,0.0,1.0,0.0
969,0.7999999999999997,0.0,0.0,0.0,1.0,0.0
970,0.8049999999999998,0.0,0.0,0.0,1.0,0.0
971,0.7883333333333331,0.0,0.0,0.0,1.0,0.0
972,0.7933333333333331,0.0,0.0,0.0,1.0,0.0
973,0.813333333333333,0.0,0.0,0.0,1.0,0.0
974,0.7949999999999998,0.0,0.0,0.0,1.0,0.0
975,0.7983333333333331,0.0,0.0,0.0,1.0,0.0
976,0.7999999999999998,0.0,0.0,0.0,1.0,0.0
977,0.7966666666666669,0.0,0.0,0.0,1.0,0.0
978,0.7866666666666668,0.0,0.0,0.0,1.0,0.0
979,0.97,0.0,0.0,0.0,1.0,0.0
980,0.9616666666666667,0.0,0.0,0.0,1.0,0.0
981,0.9733333333333334,0.0,0.0,0.0,1.0,0.0
982,0.9516666666666667,0.0,0.0,0.0,1.0,0.0
983,0.9716666666666666,0.0,0.0,0.0,1.0,0.0
984,0.9716666666666667,0.0,0.0,0.0,1.0,0.0
985,0.9514535941007191,0.0,0.0,0.0,0.99,0.01
986,0.965,0.0,0.0,0.0,1.0,0.0
987,0.9566666666666667,0.0,0.0,0.0,1.0,0.0
988,0.9766666666666666,0.0,0.0,0.0,1.0,0.0
989,0.7866666666666668,0.0,0.0,0.0,1.0,0.0
990,0.7916666666666664,0.0,0.0,0.0,1.0,0.0
991,0.7999999999999998,0.0,0.0,0.0,1.0,0.0
992,0.7849999999999998,0.0,0.0,0.0,1.0,0.0
993,0.8083333333333332,0.0,0.0,0.0,1.0,0.0
994,0.7916666666666663,0.0,0.0,0.0,1.0,0.0
995,0.7883333333333331,0.0,0.0,0.0,1.0,0.0
996,0.813333333333333,0.0,0.0,0.0,1.0,0.0
997,0.7966666666666665,0.0,0.0,0.0,1.0,0.0
998,0.8033333333333335,0.0,0.0,0.0,1.0,0.0
999,0.9883333333333334,0.0,0.0,0.0,1.0,0.0
1000,0.975,0.0,0.0,0.0,1.0,0.0
1001,0.9466666666666668,0.0,0.0,0.0,1.0,0.0
1002,0.9616666666666666,0.0,0.0,0.0,1.0,0.0
1003,0.955,0.0,0.0,0.0,1.0,0.0
1004,0.9533333333333333,0.0,0.0,0.0,1.0,0.0
1005,0.9816666666666666,0.0,0.0,0.0,1.0,0.0
1006,0.9633333333333333,0.0,0.0,0.0,1.0,0.0
1007,0.965,0.0,0.0,0.0,1.0,0.0
1008,0.9683333333333334,0.0,0.0,0.0,1.0,0.0
1009,0.801666666666667,0.0,0.0,0.0,1.0,0.0
1010,0.7899999999999998,0.0,0.0,0.0,0.99,0.01
1011,0.7949999999999997,0.0,0.0,0.0,0.99,0.01
1012,0.795,0.0,0.0,0.0,1.0,0.0
1013,0.7983333333333331,0.0,0.0,0.0,1.0,0.0
1014,0.7925232847359536,0.01,0.0,0.0,0.99,0.0
1015,0.7916666666666667,0.0,0.0,0.0,1.0,0.0
1016,0.7966666666666665,0.0,0.0,0.0,1.0,0.0
1017,0.7966666666666663,0.0,0.0,0.0,0.99,0.01
1018,0.8016666666666665,0.0,0.0,0.0,1.0,0.0
1019,0.9716666666666666,0.0,0.0,0.0,1.0,0.0
1020,0.945,0.0,0.0,0.0,1.0,0.0
1021,0.97,0.0,0.0,0.0,0.99,0.01
1022,0.965,0.0,0.0,0.0,1.0,0.0
1023,0.9483333333333333,0.0,0.0,0.0,1.0,0.0
1024,0.9566666666666667,0.0,0.0,0.0,1.0,0.0
1025,0.9649999999999999,0.0,0.0,0.0,1.0,0.0
1026,0.95,0.0,0.0,0.0,1.0,0.0
1027,0.9816666666666666,0.0,0.0,0.0,1.0,0.0
1028,0.9800000000000001,0.0,0.0,0.0,1.0,0.0
1029,0.7849999999999998,0.0,0.0,0.0,1.0,0.0
1030,0.7949999999999998,0.0,0.0,0.0,1.0,0.0
1031,0.808333333333333,0.0,0.0,0.0,1.0,0.0
1032,0.8149999999999994,0.0,0.0,0.0,1.0,0.0
1033,0.8083333333333332,0.0,0.0,0.0,1.0,0.0
1034,0.8016666666666669,0.0,0.0,0.0,1.0,0.0
1035,0.7933333333333331,0.0,0.0,0.0,1.0,0.0
1036,0.7899999999999998,0.0,0.0,0.0,0.99,0.01
1037,0.7933333333333331,0.0,0.0,0.0,0.99,0.01
1038,0.7866666666666667,0.0,0.0,0.0,0.96,0.04
1039,0.9383333333333335,0.0,0.0,0.0,0.96,0.04
1040,0.9499999999999998,0.0,0.0,0.0,0.97,0.03
1041,0.9716666666666666,0.0,0.0,0.0,0.99,0.01
1042,0.9583333333333333,0.0,0.0,0.0,0.99,0.01
1043,0.9433333333333332,0.0,0.0,0.0,0.98,0.02
1044,0.9783333333333333,0.0,0.0,0.0,0.99,0.01
1045,0.9516666666666665,0.0,0.0,0.0,0.98,0.02
1046,0.96,0.0,0.0,0.0,1.0,0.0
1047,0.9483333333333333,0.0,0.0,0.0,1.0,0.0
1048,0.9783333333333334,0.0,0.0,0.0,1.0,0.0
1049,0.803333333333333,0.0,0.0,0.0,1.0,0.0
1050,0.805,0.0,0.0,0.0,1.0,0.0
1051,0.7949999999999998,0.0,0.0,0.0,1.0,0.0
1052,0.8033333333333335,0.0,0.0,0.0,1.0,0.0
1053,0.7933333333333336,0.0,0.0,0.0,1.0,0.0
1054,0.8066666666666665,0.0,0.0,0.0,1.0,0.0
1055,0.7966666666666669,0.0,0.0,0.0,1.0,0.0
1056,0.7916666666666667,0.0,0.0,0.0,1.0,0.0
1057,0.7950000000000003,0.0,0.0,0.0,1.0,0.0
1058,0.7999999999999998,0.0,0.0,0.0,1.0,0.0
1059,0.95,0.0,0.0,0.0,1.0,0.0
1060,0.94,0.0,0.0,0.0,1.0,0.0
1061,0.9566666666666666,0.0,0.0,0.0,1.0,0.0
1062,0.9616666666666666,0.0,0.0,0.0,1.0,0.0
1063,0.955,0.0,0.0,0.0,1.0,0.0
1064,0.967958248157435,0.0,0.0,0.0,0.99,0.01
1065,0.9429582481574349,0.0,0.0,0.0,0.99,0.01
1066,0.9866666666666666,0.0,0.0,0.0,1.0,0.0
1067,0.9783333333333334,0.0,0.0,0.0,1.0,0.0
1068,0.9540620016081255,0.0,0.0,0.0,0.99,0.01
1069,0.7933333333333333,0.0,0.0,0.0,1.0,0.0
1070,0.8016666666666665,0.0,0.0,0.0,1.0,0.0
1071,0.7983333333333333,0.0,0.0,0.0,1.0,0.0
1072,0.8033333333333332,0.0,0.0,0.0,1.0,0.0
1073,0.8066666666666663,0.0,0.0,0.0,1.0,0.0
1074,0.7999999999999998,0.0,0.0,0.0,0.99,0.01
1075,0.7866666666666667,0.0,0.0,0.0,0.98,0.02
1076,0.7916666666666667,0.0,0.0,0.0,0.98,0.02
1077,0.7949999999999997,0.0,0.0,0.0,0.99,0.01
1078,0.7943242883517857,0.0,0.0,0.0,0.96,0.04
1079,0.9566666666666666,0.0,0.0,0.0,0.97,0.03
1080,0.955,0.0,0.0,0.0,0.99,0.01
1081,0.9616666666666667,0.0,0.0,0.0,0.99,0.01
1082,0.9733333333333333,0.0,0.0,0.0,1.0,0.0
1083,0.9616666666666666,0.0,0.0,0.0,1.0,0.0
1084,0.9933333333333333,0.0,0.0,0.0,1.0,0.0
1085,0.9783333333333333,0.0,0.0,0.0,1.0,0.0
1086,0.9566666666666666,0.0,0.0,0.0,1.0,0.0
1087,0.9616666666666667,0.0,0.0,0.0,1.0,0.0
1088,0.9766666666666667,0.0,0.0,0.0,1.0,0.0
1089,0.8,0.0,0.0,0.0,1.0,0.0
1090,0.7999999999999994,0.0,0.0,0.0,1.0,0.0
1091,0.8016666666666664,0.0,0.0,0.0,1.0,0.0
1092,0.7933333333333331,0.0,0.0,0.0,1.0,0.0
1093,0.7933333333333333,0.0,0.0,0.0,0.99,0.01
1094,0.7883333333333336,0.0,0.0,0.0,1.0,0.0
1095,0.7983333333333335,0.0,0.0,0.0,1.0,0.0
1096,0.7999999999999998,0.0,0.0,0.0,1.0,0.0
1097,0.7949999999999998,0.0,0.0,0.0,1.0,0.0
1098,0.8066666666666664,0.0,0.0,0.0,1.0,0.0
1099,0.96,0.0,0.0,0.0,0.99,0.01
1100,0.9716666666666667,0.0,0.0,0.0,1.0,0.0
1101,0.9783333333333334,0.0,0.0,0.0,1.0,0.0
1102,0.9366666666666668,0.0,0.0,0.0,1.0,0.0
1103,0.98,0.0,0.0,0.0,1.0,0.0
1104,0.9733333333333334,0.0,0.0,0.0,1.0,0.0
1105,0.98,0.0,0.0,0.0,1.0,0.0
1106,0.98,0.0,0.0,0.0,1.0,0.0
1107,0.9333333333333332,0.0,0.0,0.0,1.0,0.0
1108,0.96,0.0,0.0,0.0,1.0,0.0
1109,0.8016666666666669,0.0,0.0,0.0,1.0,0.0
1110,0.8083333333333332,0.0,0.0,0.0,1.0,0.0
1111,0.8116666666666661,0.0,0.0,0.0,1.0,0.0
1112,0.7966666666666663,0.0,0.0,0.0,1.0,0.0
1113,0.7883333333333333,0.0,0.0,0.0,1.0,0.0
1114,0.7950000000000002,0.0,0.0,0.0,1.0,0.0
1115,0.7933333333333331,0.0,0.0,0.0,1.0,0.0
1116,0.7933333333333336,0.0,0.0,0.0,1.0,0.0
1117,0.8016666666666662,0.0,0.0,0.0,1.0,0.0
1118,0.8016666666666664,0.0,0.0,0.0,1.0,0.0
1119,0.9633333333333333,0.0,0.0,0.0,1.0,0.0
1120,0.9683333333333334,0.0,0.0,0.0,1.0,0.0
1121,0.9716666666666667,0.0,0.0,0.0,1.0,0.0
1122,0.985,0.0,0.0,0.0,1.0,0.0
1123,0.9676652467209447,0.01,0.0,0.0,0.99,0.0
1124,0.9676652467209448,0.01,0.0,0.0,0.99,0.0
1125,0.9693319133876114,0.01,0.0,0.0,0.99,0.0
1126,0.9826652467209446,0.01,0.0,0.0,0.99,0.0
1127,0.9833333333333333,0.0,0.0,0.0,1.0,0.0
1128,0.9716666666666666,0.0,0.0,0.0,1.0,0.0
1129,0.79,0.0,0.0,0.0,1.0,0.0
1130,0.8033719036112684,0.0,0.0,0.0,1.0,0.0
1131,0.7983333333333331,0.0,0.0,0.0,1.0,0.0
1132,0.8016666666666662,0.0,0.0,0.0,1.0,0.0
1133,0.793333333333333,0.0,0.0,0.0,1.0,0.0
1134,0.8016666666666667,0.0,0.0,0.0,1.0,0.0
1135,0.7968515952800016,0.0,0.0,0.0,1.0,0.0
1136,0.7953698572266685,0.0,0.0,0.0,1.0,0.0
1137,0.7955547858400039,0.0,0.0,0.0,1.0,0.0
1138,0.7925913097333392,0.0,0.0,0.0,0.99,0.01
1139,0.9316666666666665,0.0,0.0,0.0,0.98,0.02
1140,0.9399999999999998,0.0,0.0,0.0,0.99,0.01
1141,0.9366666666666668,0.0,0.0,0.0,0.99,0.01
1142,0.943333333333333,0.0,0.0,0.0,1.0,0.0
1143,0.9416666666666665,0.0,0.0,0.0,1.0,0.0
1144,0.9383333333333331,0.0,0.0,0.0,1.0,0.0
1145,0.95,0.0,0.0,0.0,1.0,0.0
1146,0.9499999999999998,0.0,0.0,0.0,1.0,0.0
1147,0.9349999999999997,0.0,0.0,0.0,1.0,0.0
1148,0.9283333333333331,0.0,0.0,0.0,1.0,0.0
1149,0.7833333333333333,0.0,0.0,0.0,1.0,0.0
1150,0.7866666666666664,0.0,0.0,0.0,1.0,0.0
1151,0.7783333333333333,0.0,0.0,0.0,1.0,0.0
1152,0.788333333333333,0.0,0.0,0.0,1.0,0.0
1153,0.785,0.0,0.0,0.0,1.0,0.0
1154,0.7950000000000002,0.0,0.0,0.0,1.0,0.0
1155,0.7916666666666665,0.0,0.0,0.0,1.0,0.0
1156,0.7949999999999997,0.0,0.0,0.0,1.0,0.0
1157,0.7999999999999998,0.0,0.0,0.0,1.0,0.0
1158,0.7884254693568928,0.0,0.0,0.0,1.0,0.0
1159,0.9550000000000002,0.0,0.0,0.0,1.0,0.0
1160,0.9433333333333332,0.0,0.0,0.0,1.0,0.0
1161,0.9649999999999999,0.0,0.0,0.0,1.0,0.0
1162,0.9516666666666667,0.0,0.0,0.0,1.0,0.0
1163,0.97,0.0,0.0,0.0,1.0,0.0
1164,0.9833333333333334,0.01,0.0,0.0,0.99,0.0
1165,0.9637264312058508,0.02,0.0,0.0,0.98,0.0
1166,0.9766666666666667,0.05,0.0,0.0,0.95,0.0
1167,0.9833333333333333,0.05,0.0,0.0,0.95,0.0
1168,0.9599999999999999,0.06,0.0,0.0,0.94,0.0
1169,0.8249999999999997,0.07,0.0,0.0,0.93,0.0
1170,0.8066666666666664,0.08,0.0,0.0,0.92,0.0
1171,0.8216666666666669,0.14,0.0,0.0,0.86,0.0
1172,0.8383333333333332,0.16,0.0,0.0,0.84,0.0
1173,0.825,0.17,0.0,0.0,0.83,0.0
1174,0.8416666666666661,0.17,0.0,0.0,0.83,0.0
1175,0.82,0.18,0.0,0.0,0.82,0.0
1176,0.8349999999999995,0.22,0.0,0.0,0.78,0.0
1177,0.8616666666666666,0.3,0.0,0.0,0.7,0.0
1178,0.8533333333333334,0.31,0.0,0.0,0.69,0.0
1179,0.9283333333333332,0.44,0.0,0.0,0.56,0.0
1180,0.9200000000000002,0.46,0.0,0.0,0.54,0.0
1181,0.8833333333333333,0.45,0.0,0.0,0.55,0.0
1182,0.9266666666666665,0.39,0.0,0.0,0.61,0.0
1183,0.9233333333333333,0.33,0.0,0.0,0.67,0.0
1184,0.8966666666666667,0.3,0.0,0.0,0.7,0.0
1185,0.96,0.24,0.0,0.0,0.76,0.0
1186,0.9433333333333331,0.24,0.0,0.0,0.76,0.0
1187,0.945,0.25,0.0,0.0,0.75,0.0
1188,0.9549999999999998,0.23,0.0,0.0,0.77,0.0
1189,0.8266666666666665,0.22,0.0,0.0,0.78,0.0
1190,0.8499999999999998,0.25,0.0,0.0,0.75,0.0
1191,0.8483333333333333,0.25,0.0,0.0,0.75,0.0
1192,0.8399999999999997,0.23,0.0,0.0,0.77,0.0
1193,0.8733333333333332,0.38,0.0,0.0,0.62,0.0
1194,0.8783333333333333,0.41,0.0,0.0,0.59,0.0
1195,0.8866666666666666,0.43,0.0,0.0,0.57,0.0
1196,0.9083333333333335,0.55,0.0,0.0,0.45,0.0
1197,0.905,0.55,0.0,0.0,0.45,0.0
1198,0.9183333333333333,0.64,0.0,0.0,0.36,0.0
1199,0.8966666666666666,0.66,0.0,0.0,0.34,0.0
1200,0.865,0.65,0.0,0.0,0.35,0.0
1201,0.8616666666666667,0.59,0.0,0.0,0.41,0.0
1202,0.895,0.59,0.0,0.0,0.41,0.0
1203,0.9166666666666665,0.56,0.0,0.0,0.44,0.0
1204,0.9299999999999998,0.55,0.0,0.0,0.45,0.0
1205,0.9149999999999998,0.51,0.0,0.0,0.49,0.0
1206,0.9364871264127435,0.53,0.0,0.0,0.47,0.0
1207,0.8948204597460767,0.57,0.0,0.0,0.43,0.0
1208,0.8782337926700392,0.48,0.0,0.0,0.52,0.0
1209,0.869999999999999,0.38,0.0,0.0,0.62,0.0
1210,0.8899999999999999,0.45,0.0,0.0,0.55,0.0
1211,0.905,0.51,0.0,0.0,0.49,0.0
1212,0.9083333333333333,0.53,0.0,0.0,0.47,0.0
1213,0.9349999999999998,0.66,0.0,0.0,0.34,0.0
1214,0.9349999999999997,0.7,0.0,0.0,0.3,0.0
1215,0.9499999999999998,0.74,0.0,0.0,0.26,0.0
1216,0.9733333333333332,0.86,0.0,0.0,0.14,0.0
1217,0.9683333333333332,0.84,0.0,0.0,0.16,0.0
1218,0.9783333333333333,0.91,0.0,0.0,0.09,0.0
1219,0.8516666666666669,0.91,0.0,0.0,0.09,0.0
1220,0.8241666666666666,0.93,0.0,0.0,0.07,0.0
1221,0.8666666666666667,0.95,0.0,0.0,0.05,0.0
1222,0.8733333333333334,0.93,0.0,0.0,0.07,0.0
1223,0.8833333333333333,0.87,0.0,0.0,0.13,0.0
1224,0.8733333333333333,0.86,0.0,0.0,0.14,0.0
1225,0.865,0.78,0.0,0.01,0.21,0.0
1226,0.9083333333333334,0.72,0.0,0.0,0.28,0.0
1227,0.92,0.7,0.0,0.0,0.3,0.0
1228,0.8516666666666667,0.7,0.0,0.0,0.3,0.0
1229,0.9316666666666668,0.69,0.0,0.0,0.31,0.0
1230,0.9383333333333331,0.74,0.0,0.0,0.26,0.0
1231,0.9566666666666667,0.81,0.0,0.0,0.19,0.0
1232,0.9516666666666667,0.8,0.0,0.0,0.2,0.0
1233,0.9483333333333331,0.8,0.0,0.0,0.2,0.0
1234,0.9516666666666667,0.81,0.0,0.0,0.19,0.0
1235,0.9599999999999999,0.85,0.0,0.0,0.14,0.01
1236,0.9733333333333333,0.9,0.0,0.0,0.1,0.0
1237,0.9750000000000001,0.89,0.0,0.0,0.11,0.0
1238,0.9700000000000002,0.89,0.0,0.0,0.11,0.0
1239,0.8883333333333334,0.92,0.0,0.0,0.08,0.0
1240,0.8483333333333333,0.93,0.0,0.0,0.07,0.0
1241,0.8516666666666667,0.94,0.0,0.01,0.05,0.0
1242,0.8483333333333334,0.96,0.0,0.0,0.04,0.0
1243,0.8583333333333334,0.94,0.0,0.0,0.06,0.0
1244,0.8916666666666667,0.94,0.0,0.0,0.06,0.0
1245,0.895,0.88,0.0,0.0,0.12,0.0
1246,0.8516666666666666,0.82,0.0,0.0,0.18,0.0
1247,0.8983333333333333,0.77,0.0,0.0,0.23,0.0
1248,0.9008333333333333,0.78,0.0,0.0,0.22,0.0
1249,0.9233333333333333,0.75,0.0,0.0,0.25,0.0
1250,0.9283333333333336,0.77,0.0,0.0,0.23,0.0
1251,0.936666666666667,0.8,0.0,0.0,0.2,0.0
1252,0.9549999999999998,0.86,0.0,0.0,0.14,0.0
1253,0.9700000000000002,0.9,0.0,0.0,0.1,0.0
1254,0.9766666666666667,0.93,0.0,0.0,0.07,0.0
1255,0.9866666666666666,0.96,0.0,0.0,0.04,0.0
1256,0.9866666666666667,0.96,0.0,0.0,0.04,0.0
1257,0.99,0.97,0.0,0.0,0.03,0.0
1258,0.9933333333333333,0.98,0.0,0.0,0.02,0.0
1259,0.8483333333333333,0.99,0.0,0.0,0.01,0.0
1260,0.83,1.0,0.0,0.0,0.0,0.0
1261,0.8466666666666667,1.0,0.0,0.0,0.0,0.0
1262,0.8466666666666669,1.0,0.0,0.0,0.0,0.0
1263,0.8533333333333333,1.0,0.0,0.0,0.0,0.0
1264,0.8083333333333331,1.0,0.0,0.0,0.0,0.0
1265,0.8516666666666666,1.0,0.0,0.0,0.0,0.0
1266,0.86,1.0,0.0,0.0,0.0,0.0
1267,0.8383333333333332,1.0,0.0,0.0,0.0,0.0
1268,0.8324999999999999,1.0,0.0,0.0,0.0,0.0
1269,1.0,1.0,0.0,0.0,0.0,0.0
1270,1.0,1.0,0.0,0.0,0.0,0.0
1271,1.0,1.0,0.0,0.0,0.0,0.0
1272,1.0,1.0,0.0,0.0,0.0,0.0
1273,0.9966666666666666,1.0,0.0,0.0,0.0,0.0
1274,1.0,1.0,0.0,0.0,0.0,0.0
1275,1.0,1.0,0.0,0.0,0.0,0.0
1276,1.0,1.0,0.0,0.0,0.0,0.0
1277,1.0,1.0,0.0,0.0,0.0,0.0
1278,1.0,1.0,0.0,0.0,0.0,0.0
1279,0.88,1.0,0.0,0.0,0.0,0.0
1280,0.8750000000000001,1.0,0.0,0.0,0.0,0.0
1281,0.82,1.0,0.0,0.0,0.0,0.0
1282,0.8449999999999999,1.0,0.0,0.0,0.0,0.0
1283,0.8400000000000002,1.0,0.0,0.0,0.0,0.0
1284,0.8183333333333332,1.0,0.0,0.0,0.0,0.0
1285,0.8783333333333334,1.0,0.0,0.0,0.0,0.0
1286,0.895,1.0,0.0,0.0,0.0,0.0
1287,0.8483333333333333,1.0,0.0,0.0,0.0,0.0
1288,0.8333333333333333,1.0,0.0,0.0,0.0,0.0
1289,1.0,1.0,0.0,0.0,0.0,0.0
1290,0.9966666666666666,0.98,0.0,0.01,0.01,0.0
1291,1.0,1.0,0.0,0.0,0.0,0.0
1292,1.0,1.0,0.0,0.0,0.0,0.0
1293,1.0,1.0,0.0,0.0,0.0,0.0
1294,1.0,1.0,0.0,0.0,0.0,0.0
1295,1.0,1.0,0.0,0.0,0.0,0.0
1296,1.0,1.0,0.0,0.0,0.0,0.0
1297,1.0,1.0,0.0,0.0,0.0,0.0
1298,1.0,1.0,0.0,0.0,0.0,0.0
1299,0.8466666666666666,1.0,0.0,0.0,0.0,0.0
1300,0.8850000000000001,1.0,0.0,0.0,0.0,0.0
1301,0.9016666666666667,1.0,0.0,0.0,0.0,0.0
1302,0.8483333333333333,1.0,0.0,0.0,0.0,0.0
1303,0.86,1.0,0.0,0.0,0.0,0.0
1304,0.8783333333333333,1.0,0.0,0.0,0.0,0.0
1305,0.8833333333333333,1.0,0.0,0.0,0.0,0.0
1306,0.86,0.99,0.0,0.01,0.0,0.0
1307,0.875,1.0,0.0,0.0,0.0,0.0
1308,0.8433333333333333,1.0,0.0,0.0,0.0,0.0
1309,1.0,1.0,0.0,0.0,0.0,0.0
1310,0.9966666666666667,0.99,0.0,0.01,0.0,0.0
1311,1.0,1.0,0.0,0.0,0.0,0.0
1312,1.0,1.0,0.0,0.0,0.0,0.0
1313,1.0,1.0,0.0,0.0,0.0,0.0
1314,1.0,1.0,0.0,0.0,0.0,0.0
1315,1.0,1.0,0.0,0.0,0.0,0.0
1316,1.0,1.0,0.0,0.0,0.0,0.0
1317,1.0,1.0,0.0,0.0,0.0,0.0
1318,1.0,1.0,0.0,0.0,0.0,0.0
1319,0.825,1.0,0.0,0.0,0.0,0.0
1320,0.8566666666666667,1.0,0.0,0.0,0.0,0.0
1321,0.82,1.0,0.0,0.0,0.0,0.0
1322,0.865,1.0,0.0,0.0,0.0,0.0
1323,0.86,1.0,0.0,0.0,0.0,0.0
1324,0.885,1.0,0.0,0.0,0.0,0.0
1325,0.8266666666666667,0.99,0.0,0.01,0.0,0.0
1326,0.86,0.99,0.0,0.01,0.0,0.0
1327,0.8566666666666667,0.99,0.0,0.01,0.0,0.0
1328,0.8716666666666667,1.0,0.0,0.0,0.0,0.0
1329,1.0,1.0,0.0,0.0,0.0,0.0
1330,1.0,1.0,0.0,0.0,0.0,0.0
1331,1.0,1.0,0.0,0.0,0.0,0.0
1332,1.0,1.0,0.0,0.0,0.0,0.0
1333,1.0,1.0,0.0,0.0,0.0,0.0
1334,1.0,1.0,0.0,0.0,0.0,0.0
1335,1.0,1.0,0.0,0.0,0.0,0.0
1336,1.0,1.0,0.0,0.0,0.0,0.0
1337,1.0,1.0,0.0,0.0,0.0,0.0
1338,1.0,1.0,0.0,0.0,0.0,0.0
1339,0.8316666666666666,1.0,0.0,0.0,0.0,0.0
1340,0.8966666666666666,1.0,0.0,0.0,0.0,0.0
1341,0.8583333333333334,1.0,0.0,0.0,0.0,0.0
1342,0.8483333333333334,1.0,0.0,0.0,0.0,0.0
1343,0.87,1.0,0.0,0.0,0.0,0.0
1344,0.8566666666666667,0.99,0.0,0.01,0.0,0.0
1345,0.8175,0.99,0.0,0.0,0.01,0.0
1346,0.8166666666666668,0.98,0.0,0.0,0.02,0.0
1347,0.9050000000000001,0.97,0.0,0.0,0.03,0.0
1348,0.7883333333333334,0.94,0.0,0.0,0.06,0.0
1349,0.9633333333333333,0.9,0.0,0.0,0.1,0.0
1350,0.9866666666666668,0.96,0.0,0.0,0.04,0.0
1351,0.9966666666666667,0.99,0.0,0.0,0.01,0.0
1352,0.9933333333333333,0.98,0.0,0.0,0.02,0.0
1353,0.9936884473409929,0.98,0.0,0.01,0.01,0.0
1354,0.9966666666666667,0.99,0.0,0.0,0.01,0.0
1355,0.9933333333333334,0.98,0.0,0.0,0.02,0.0
1356,0.99,0.97,0.0,0.0,0.03,0.0
1357,0.9866666666666666,0.96,0.0,0.0,0.04,0.0
1358,0.9833333333333334,0.96,0.0,0.0,0.04,0.0
1359,0.8933333333333334,0.98,0.0,0.0,0.02,0.0
1360,0.8483333333333333,0.98,0.0,0.0,0.02,0.0
1361,0.8783333333333333,0.97,0.0,0.0,0.03,0.0
1362,0.82,0.99,0.0,0.0,0.01,0.0
1363,0.8216666666666668,1.0,0.0,0.0,0.0,0.0
1364,0.8816666666666667,1.0,0.0,0.0,0.0,0.0
1365,0.8716666666666665,1.0,0.0,0.0,0.0,0.0
1366,0.861666666666667,1.0,0.0,0.0,0.0,0.0
1367,0.8583333333333334,0.99,0.0,0.0,0.01,0.0
1368,0.8633333333333334,1.0,0.0,0.0,0.0,0.0
1369,1.0,1.0,0.0,0.0,0.0,0.0
1370,1.0,1.0,0.0,0.0,0.0,0.0
1371,1.0,1.0,0.0,0.0,0.0,0.0
1372,1.0,1.0,0.0,0.0,0.0,0.0
1373,0.9966666666666666,1.0,0.0,0.0,0.0,0.0
1374,1.0,1.0,0.0,0.0,0.0,0.0
1375,1.0,0.99,0.0,0.01,0.0,0.0
1376,1.0,1.0,0.0,0.0,0.0,0.0
1377,1.0,1.0,0.0,0.0,0.0,0.0
1378,1.0,1.0,0.0,0.0,0.0,0.0
1379,0.8350000000000002,1.0,0.0,0.0,0.0,0.0
1380,0.86,1.0,0.0,0.0,0.0,0.0
1381,0.87,1.0,0.0,0.0,0.0,0.0
1382,0.8783333333333333,1.0,0.0,0.0,0.0,0.0
1383,0.8849999999999999,1.0,0.0,0.0,0.0,0.0
1384,0.84,0.99,0.0,0.01,0.0,0.0
1385,0.8366666666666667,0.99,0.0,0.01,0.0,0.0
1386,0.8133333333333335,1.0,0.0,0.0,0.0,0.0
1387,0.8516666666666669,1.0,0.0,0.0,0.0,0.0
1388,0.865,1.0,0.0,0.0,0.0,0.0
1389,1.0,1.0,0.0,0.0,0.0,0.0
1390,1.0,0.99,0.0,0.01,0.0,0.0
1391,1.0,1.0,0.0,0.0,0.0,0.0
1392,0.9966666666666667,1.0,0.0,0.0,0.0,0.0
1393,1.0,1.0,0.0,0.0,0.0,0.0
1394,1.0,1.0,0.0,0.0,0.0,0.0
1395,1.0,1.0,0.0,0.0,0.0,0.0
1396,1.0,1.0,0.0,0.0,0.0,0.0
1397,0.9966666666666667,1.0,0.0,0.0,0.0,0.0
1398,1.0,1.0,0.0,0.0,0.0,0.0
1399,0.89,1.0,0.0,0.0,0.0,0.0
1400,0.8533333333333333,1.0,0.0,0.0,0.0,0.0
1401,0.8733333333333335,1.0,0.0,0.0,0.0,0.0
1402,0.82,1.0,0.0,0.0,0.0,0.0
1403,0.8600000000000001,1.0,0.0,0.0,0.0,0.0
1404,0.85,1.0,0.0,0.0,0.0,0.0
1405,0.8766666666666666,1.0,0.0,0.0,0.0,0.0
1406,0.8400000000000002,1.0,0.0,0.0,0.0,0.0
1407,0.9016666666666668,1.0,0.0,0.0,0.0,0.0
1408,0.8366666666666667,1.0,0.0,0.0,0.0,0.0
1409,1.0,0.99,0.0,0.01,0.0,0.0
1410,1.0,1.0,0.0,0.0,0.0,0.0
1411,0.9983333333333333,1.0,0.0,0.0,0.0,0.0
1412,1.0,1.0,0.0,0.0,0.0,0.0
1413,1.0,1.0,0.0,0.0,0.0,0.0
1414,1.0,1.0,0.0,0.0,0.0,0.0
1415,1.0,1.0,0.0,0.0,0.0,0.0
1416,1.0,1.0,0.0,0.0,0.0,0.0
1417,1.0,1.0,0.0,0.0,0.0,0.0
1418,1.0,1.0,0.0,0.0,0.0,0.0
1419,0.79,1.0,0.0,0.0,0.0,0.0
1420,0.8633333333333334,1.0,0.0,0.0,0.0,0.0
1421,0.8766666666666667,1.0,0.0,0.0,0.0,0.0
1422,0.8733333333333333,1.0,0.0,0.0,0.0,0.0
1423,0.8716666666666667,1.0,0.0,0.0,0.0,0.0
1424,0.845,1.0,0.0,0.0,0.0,0.0
1425,0.8583333333333334,1.0,0.0,0.0,0.0,0.0
1426,0.8366666666666669,1.0,0.0,0.0,0.0,0.0
1427,0.8750000000000001,1.0,0.0,0.0,0.0,0.0
1428,0.8383333333333332,1.0,0.0,0.0,0.0,0.0
1429,1.0,1.0,0.0,0.0,0.0,0.0
1430,1.0,1.0,0.0,0.0,0.0,0.0
1431,1.0,1.0,0.0,0.0,0.0,0.0
1432,1.0,1.0,0.0,0.0,0.0,0.0
1433,1.0,1.0,0.0,0.0,0.0,0.0
1434,1.0,1.0,0.0,0.0,0.0,0.0
1435,1.0,1.0,0.0,0.0,0.0,0.0
1436,1.0,1.0,0.0,0.0,0.0,0.0
1437,1.0,0.99,0.0,0.01,0.0,0.0
1438,1.0,0.99,0.0,0.01,0.0,0.0
1439,0.8483333333333333,1.0,0.0,0.0,0.0,0.0
1440,0.8583333333333332,1.0,0.0,0.0,0.0,0.0
1441,0.82,0.99,0.0,0.01,0.0,0.0
1442,0.8433333333333333,1.0,0.0,0.0,0.0,0.0
1443,0.8666666666666668,1.0,0.0,0.0,0.0,0.0
1444,0.8516666666666667,1.0,0.0,0.0,0.0,0.0
1445,0.8233333333333333,1.0,0.0,0.0,0.0,0.0
1446,0.8566666666666666,1.0,0.0,0.0,0.0,0.0
1447,0.8566666666666667,1.0,0.0,0.0,0.0,0.0
1448,0.8616666666666666,1.0,0.0,0.0,0.0,0.0
1449,1.0,1.0,0.0,0.0,0.0,0.0
1450,1.0,1.0,0.0,0.0,0.0,0.0
1451,1.0,1.0,0.0,0.0,0.0,0.0
1452,0.9966666666666666,1.0,0.0,0.0,0.0,0.0
1453,1.0,1.0,0.0,0.0,0.0,0.0
1454,1.0,1.0,0.0,0.0,0.0,0.0
1455,1.0,1.0,0.0,0.0,0.0,0.0
1456,1.0,1.0,0.0,0.0,0.0,0.0
1457,1.0,1.0,0.0,0.0,0.0,0.0
1458,1.0,1.0,0.0,0.0,0.0,0.0
1459,0.855,1.0,0.0,0.0,0.0,0.0
1460,0.855,1.0,0.0,0.0,0.0,0.0
1461,0.8883333333333333,1.0,0.0,0.0,0.0,0.0
1462,0.8716666666666667,1.0,0.0,0.0,0.0,0.0
1463,0.8766666666666667,1.0,0.0,0.0,0.0,0.0
1464,0.83,1.0,0.0,0.0,0.0,0.0
1465,0.85,1.0,0.0,0.0,0.0,0.0
1466,0.8400000000000002,1.0,0.0,0.0,0.0,0.0
1467,0.8849999999999999,1.0,0.0,0.0,0.0,0.0
1468,0.8550000000000001,1.0,0.0,0.0,0.0,0.0
1469,1.0,1.0,0.0,0.0,0.0,0.0
1470,1.0,1.0,0.0,0.0,0.0,0.0
1471,1.0,1.0,0.0,0.0,0.0,0.0
1472,1.0,1.0,0.0,0.0,0.0,0.0
1473,1.0,1.0,0.0,0.0,0.0,0.0
1474,1.0,1.0,0.0,0.0,0.0,0.0
1475,1.0,1.0,0.0,0.0,0.0,0.0
1476,1.0,1.0,0.0,0.0,0.0,0.0
1477,1.0,1.0,0.0,0.0,0.0,0.0
1478,1.0,1.0,0.0,0.0,0.0,0.0
1479,0.8983333333333333,1.0,0.0,0.0,0.0,0.0
1480,0.885,1.0,0.0,0.0,0.0,0.0
1481,0.8200000000000002,1.0,0.0,0.0,0.0,0.0
1482,0.83,1.0,0.0,0.0,0.0,0.0
1483,0.8866666666666666,1.0,0.0,0.0,0.0,0.0
1484,0.8533333333333336,1.0,0.0,0.0,0.0,0.0
1485,0.8833333333333333,1.0,0.0,0.0,0.0,0.0
1486,0.8566666666666666,1.0,0.0,0.0,0.0,0.0
1487,0.8649999999999999,1.0,0.0,0.0,0.0,0.0
1488,0.8566666666666666,1.0,0.0,0.0,0.0,0.0
1489,1.0,1.0,0.0,0.0,0.0,0.0
1490,1.0,1.0,0.0,0.0,0.0,0.0
1491,1.0,1.0,0.0,0.0,0.0,0.0
1492,1.0,1.0,0.0,0.0,0.0,0.0
1493,1.0,1.0,0.0,0.0,0.0,0.0
1494,1.0,1.0,0.0,0.0,0.0,0.0
1495,1.0,1.0,0.0,0.0,0.0,0.0
1496,1.0,1.0,0.0,0.0,0.0,0.0
1497,1.0,1.0,0.0,0.0,0.0,0.0
1498,1.0,1.0,0.0,0.0,0.0,0.0
1499,0.8933333333333334,1.0,0.0,0.0,0.0,0.0
1500,0.8450384001931524,0.99,0.0,0.01,0.0,0.0
1501,0.8566666666666666,1.0,0.0,0.0,0.0,0.0
1502,0.8466666666666666,1.0,0.0,0.0,0.0,0.0
1503,0.81,1.0,0.0,0.0,0.0,0.0
1504,0.8433333333333333,1.0,0.0,0.0,0.0,0.0
1505,0.8616666666666667,1.0,0.0,0.0,0.0,0.0
1506,0.8816666666666667,1.0,0.0,0.0,0.0,0.0
1507,0.8616666666666668,1.0,0.0,0.0,0.0,0.0
1508,0.8683333333333334,1.0,0.0,0.0,0.0,0.0
1509,1.0,0.99,0.0,0.01,0.0,0.0
1510,1.0,1.0,0.0,0.0,0.0,0.0
1511,1.0,1.0,0.0,0.0,0.0,0.0
1512,1.0,1.0,0.0,0.0,0.0,0.0
1513,1.0,1.0,0.0,0.0,0.0,0.0
1514,1.0,1.0,0.0,0.0,0.0,0.0
1515,1.0,1.0,0.0,0.0,0.0,0.0
1516,1.0,1.0,0.0,0.0,0.0,0.0
1517,1.0,1.0,0.0,0.0,0.0,0.0
1518,1.0,1.0,0.0,0.0,0.0,0.0
1519,0.845,1.0,0.0,0.0,0.0,0.0
1520,0.8283333333333335,1.0,0.0,0.0,0.0,0.0
1521,0.8666666666666667,1.0,0.0,0.0,0.0,0.0
1522,0.8483333333333332,0.99,0.0,0.01,0.0,0.0
1523,0.8533333333333332,0.97,0.0,0.03,0.0,0.0
1524,0.82,0.99,0.0,0.01,0.0,0.0
1525,0.8383333333333333,0.98,0.0,0.02,0.0,0.0
1526,0.8487722434578785,1.0,0.0,0.0,0.0,0.0
1527,0.8391666666666668,1.0,0.0,0.0,0.0,0.0
1528,0.8366666666666666,0.99,0.0,0.0,0.01,0.0
1529,0.9966666666666666,0.99,0.0,0.0,0.01,0.0
1530,0.9966666666666667,0.99,0.0,0.0,0.01,0.0
1531,0.99,0.97,0.0,0.0,0.03,0.0
1532,0.9933333333333334,0.98,0.0,0.0,0.02,0.0
1533,0.9966666666666667,0.99,0.0,0.0,0.01,0.0
1534,0.9966666666666667,0.99,0.0,0.0,0.01,0.0
1535,0.9966666666666666,0.99,0.0,0.0,0.01,0.0
1536,0.9966666666666667,0.99,0.0,0.0,0.01,0.0
1537,1.0,1.0,0.0,0.0,0.0,0.0
1538,1.0,1.0,0.0,0.0,0.0,0.0
1539,0.8466666666666666,1.0,0.0,0.0,0.0,0.0
1540,0.8783333333333333,0.99,0.0,0.01,0.0,0.0
1541,0.8316666666666667,1.0,0.0,0.0,0.0,0.0
1542,0.8400000000000002,1.0,0.0,0.0,0.0,0.0
1543,0.8583333333333332,1.0,0.0,0.0,0.0,0.0
1544,0.8466666666666667,1.0,0.0,0.0,0.0,0.0
1545,0.8583333333333334,0.99,0.0,0.01,0.0,0.0
1546,0.8766666666666667,0.98,0.0,0.02,0.0,0.0
1547,0.8533333333333334,1.0,0.0,0.0,0.0,0.0
1548,0.8516666666666667,1.0,0.0,0.0,0.0,0.0
1549,1.0,1.0,0.0,0.0,0.0,0.0
1550,1.0,1.0,0.0,0.0,0.0,0.0
1551,0.9933333333333334,0.99,0.0,0.0,0.01,0.0
1552,0.9983333333333334,0.99,0.0,0.0,0.01,0.0
1553,1.0,1.0,0.0,0.0,0.0,0.0
1554,1.0,1.0,0.0,0.0,0.0,0.0
1555,1.0,1.0,0.0,0.0,0.0,0.0
1556,1.0,1.0,0.0,0.0,0.0,0.0
1557,1.0,1.0,0.0,0.0,0.0,0.0
1558,1.0,1.0,0.0,0.0,0.0,0.0
1559,0.8033333333333332,1.0,0.0,0.0,0.0,0.0
1560,0.8349999999999999,1.0,0.0,0.0,0.0,0.0
1561,0.8416666666666667,1.0,0.0,0.0,0.0,0.0
1562,0.8800000000000001,1.0,0.0,0.0,0.0,0.0
1563,0.84,1.0,0.0,0.0,0.0,0.0
1564,0.885,1.0,0.0,0.0,0.0,0.0
1565,0.88,1.0,0.0,0.0,0.0,0.0
1566,0.9066666666666667,1.0,0.0,0.0,0.0,0.0
1567,0.815,0.99,0.0,0.01,0.0,0.0
1568,0.8499999999999999,0.99,0.0,0.01,0.0,0.0
1569,1.0,1.0,0.0,0.0,0.0,0.0
1570,1.0,1.0,0.0,0.0,0.0,0.0
1571,1.0,1.0,0.0,0.0,0.0,0.0
1572,1.0,1.0,0.0,0.0,0.0,0.0
1573,1.0,1.0,0.0,0.0,0.0,0.0
1574,1.0,1.0,0.0,0.0,0.0,0.0
1575,1.0,1.0,0.0,0.0,0.0,0.0
1576,1.0,1.0,0.0,0.0,0.0,0.0
1577,1.0,1.0,0.0,0.0,0.0,0.0
1578,1.0,0.99,0.0,0.01,0.0,0.0
1579,0.8533333333333336,1.0,0.0,0.0,0.0,0.0
1580,0.8566666666666666,1.0,0.0,0.0,0.0,0.0
1581,0.8591666666666667,1.0,0.0,0.0,0.0,0.0
1582,0.8216666666666668,1.0,0.0,0.0,0.0,0.0
1583,0.8433333333333333,1.0,0.0,0.0,0.0,0.0
1584,0.8499999999999999,1.0,0.0,0.0,0.0,0.0
1585,0.8566666666666667,1.0,0.0,0.0,0.0,0.0
1586,0.82,1.0,0.0,0.0,0.0,0.0
1587,0.8550000000000001,1.0,0.0,0.0,0.0,0.0
1588,0.8433333333333333,1.0,0.0,0.0,0.0,0.0
1589,1.0,1.0,0.0,0.0,0.0,0.0
1590,1.0,1.0,0.0,0.0,0.0,0.0
1591,1.0,1.0,0.0,0.0,0.0,0.0
1592,1.0,0.99,0.0,0.01,0.0,0.0
1593,1.0,1.0,0.0,0.0,0.0,0.0
1594,1.0,1.0,0.0,0.0,0.0,0.0
1595,1.0,1.0,0.0,0.0,0.0,0.0
1596,0.9983333333333333,1.0,0.0,0.0,0.0,0.0
1597,0.9983333333333334,1.0,0.0,0.0,0.0,0.0
1598,1.0,1.0,0.0,0.0,0.0,0.0
1599,0.8283333333333333,1.0,0.0,0.0,0.0,0.0
1600,0.8416666666666667,1.0,0.0,0.0,0.0,0.0
1601,0.8483333333333334,1.0,0.0,0.0,0.0,0.0
1602,0.875,1.0,0.0,0.0,0.0,0.0
1603,0.85,1.0,0.0,0.0,0.0,0.0
1604,0.8333333333333335,0.99,0.0,0.01,0.0,0.0
1605,0.83,0.98,0.0,0.02,0.0,0.0
1606,0.8619395553902378,0.97,0.0,0.03,0.0,0.0
1607,0.8466666666666666,1.0,0.0,0.0,0.0,0.0
1608,0.8666666666666666,1.0,0.0,0.0,0.0,0.0
1609,1.0,1.0,0.0,0.0,0.0,0.0
1610,1.0,1.0,0.0,0.0,0.0,0.0
1611,1.0,1.0,0.0,0.0,0.0,0.0
1612,0.9966666666666667,1.0,0.0,0.0,0.0,0.0
1613,1.0,1.0,0.0,0.0,0.0,0.0
1614,1.0,1.0,0.0,0.0,0.0,0.0
1615,1.0,1.0,0.0,0.0,0.0,0.0
1616,1.0,1.0,0.0,0.0,0.0,0.0
1617,1.0,0.99,0.0,0.01,0.0,0.0
1618,1.0,1.0,0.0,0.0,0.0,0.0
1619,0.8791666666666668,1.0,0.0,0.0,0.0,0.0
1620,0.84,1.0,0.0,0.0,0.0,0.0
1621,0.92,1.0,0.0,0.0,0.0,0.0
1622,0.8416666666666669,1.0,0.0,0.0,0.0,0.0
1623,0.8533333333333336,1.0,0.0,0.0,0.0,0.0
1624,0.8499999999999998,1.0,0.0,0.0,0.0,0.0
1625,0.8783333333333333,1.0,0.0,0.0,0.0,0.0
1626,0.8391666666666666,1.0,0.0,0.0,0.0,0.0
1627,0.85,1.0,0.0,0.0,0.0,0.0
1628,0.8716666666666666,1.0,0.0,0.0,0.0,0.0
1629,1.0,0.99,0.0,0.01,0.0,0.0
1630,1.0,1.0,0.0,0.0,0.0,0.0
1631,1.0,1.0,0.0,0.0,0.0,0.0
1632,1.0,1.0,0.0,0.0,0.0,0.0
1633,1.0,1.0,0.0,0.0,0.0,0.0
1634,1.0,1.0,0.0,0.0,0.0,0.0
1635,0.9966666666666667,0.99,0.0,0.0,0.01,0.0
1636,0.9966666666666667,0.99,0.0,0.0,0.01,0.0
1637,0.9966666666666667,0.99,0.0,0.0,0.01,0.0
1638,1.0,1.0,0.0,0.0,0.0,0.0
1639,0.8716666666666668,1.0,0.0,0.0,0.0,0.0
1640,0.8816666666666667,1.0,0.0,0.0,0.0,0.0
1641,0.825,1.0,0.0,0.0,0.0,0.0
1642,0.84,1.0,0.0,0.0,0.0,0.0
1643,0.84,1.0,0.0,0.0,0.0,0.0
1644,0.8633333333333334,1.0,0.0,0.0,0.0,0.0
1645,0.87,1.0,0.0,0.0,0.0,0.0
1646,0.8616666666666667,1.0,0.0,0.0,0.0,0.0
1647,0.83,1.0,0.0,0.0,0.0,0.0
1648,0.8766666666666667,1.0,0.0,0.0,0.0,0.0
1649,1.0,1.0,0.0,0.0,0.0,0.0
1650,1.0,1.0,0.0,0.0,0.0,0.0
1651,1.0,1.0,0.0,0.0,0.0,0.0
1652,1.0,1.0,0.0,0.0,0.0,0.0
1653,1.0,1.0,0.0,0.0,0.0,0.0
1654,1.0,1.0,0.0,0.0,0.0,0.0
1655,1.0,1.0,0.0,0.0,0.0,0.0
1656,1.0,1.0,0.0,0.0,0.0,0.0
1657,1.0,1.0,0.0,0.0,0.0,0.0
1658,1.0,1.0,0.0,0.0,0.0,0.0
1659,0.8466666666666667,1.0,0.0,0.0,0.0,0.0
1660,0.8250000000000002,0.99,0.0,0.01,0.0,0.0
1661,0.865,0.99,0.0,0.01,0.0,0.0
1662,0.8183333333333335,0.99,0.0,0.01,0.0,0.0
1663,0.8966666666666666,1.0,0.0,0.0,0.0,0.0
1664,0.8066666666666668,1.0,0.0,0.0,0.0,0.0
1665,0.8749999999999999,1.0,0.0,0.0,0.0,0.0
1666,0.8433333333333333,1.0,0.0,0.0,0.0,0.0
1667,0.8316666666666667,1.0,0.0,0.0,0.0,0.0
1668,0.8233333333333333,1.0,0.0,0.0,0.0,0.0
1669,1.0,1.0,0.0,0.0,0.0,0.0
1670,1.0,1.0,0.0,0.0,0.0,0.0
1671,1.0,1.0,0.0,0.0,0.0,0.0
1672,1.0,1.0,0.0,0.0,0.0,0.0
1673,1.0,1.0,0.0,0.0,0.0,0.0
1674,1.0,1.0,0.0,0.0,0.0,0.0
1675,0.9983333333333334,1.0,0.0,0.0,0.0,0.0
1676,1.0,1.0,0.0,0.0,0.0,0.0
1677,1.0,1.0,0.0,0.0,0.0,0.0
1678,1.0,1.0,0.0,0.0,0.0,0.0
1679,0.8733333333333334,1.0,0.0,0.0,0.0,0.0
1680,0.8516666666666667,1.0,0.0,0.0,0.0,0.0
1681,0.8283333333333333,1.0,0.0,0.0,0.0,0.0
1682,0.8433333333333333,1.0,0.0,0.0,0.0,0.0
1683,0.8533333333333333,1.0,0.0,0.0,0.0,0.0
1684,0.855,1.0,0.0,0.0,0.0,0.0
1685,0.85,1.0,0.0,0.0,0.0,0.0
1686,0.8566666666666666,1.0,0.0,0.0,0.0,0.0
1687,0.8566666666666666,1.0,0.0,0.0,0.0,0.0
1688,0.8649999999999999,1.0,0.0,0.0,0.0,0.0
1689,1.0,1.0,0.0,0.0,0.0,0.0
1690,1.0,1.0,0.0,0.0,0.0,0.0
1691,1.0,1.0,0.0,0.0,0.0,0.0
1692,1.0,1.0,0.0,0.0,0.0,0.0
1693,0.9991170779735006,0.99,0.0,0.01,0.0,0.0
1694,0.9966666666666666,1.0,0.0,0.0,0.0,0.0
1695,1.0,1.0,0.0,0.0,0.0,0.0
1696,1.0,1.0,0.0,0.0,0.0,0.0
1697,1.0,1.0,0.0,0.0,0.0,0.0
1698,1.0,1.0,0.0,0.0,0.0,0.0
1699,0.82,1.0,0.0,0.0,0.0,0.0
1700,0.8433333333333336,1.0,0.0,0.0,0.0,0.0
1701,0.855,1.0,0.0,0.0,0.0,0.0
1702,0.8366666666666667,1.0,0.0,0.0,0.0,0.0
1703,0.8633333333333333,1.0,0.0,0.0,0.0,0.0
1704,0.855,1.0,0.0,0.0,0.0,0.0
1705,0.8566666666666667,1.0,0.0,0.0,0.0,0.0
1706,0.8583333333333333,1.0,0.0,0.0,0.0,0.0
1707,0.8733333333333334,1.0,0.0,0.0,0.0,0.0
1708,0.8863612515372874,0.99,0.0,0.01,0.0,0.0
1709,1.0,0.98,0.0,0.02,0.0,0.0
1710,0.9983333333333333,0.97,0.0,0.03,0.0,0.0
1711,1.0,1.0,0.0,0.0,0.0,0.0
1712,1.0,1.0,0.0,0.0,0.0,0.0
1713,1.0,1.0,0.0,0.0,0.0,0.0
1714,1.0,1.0,0.0,0.0,0.0,0.0
1715,0.9966666666666667,0.99,0.0,0.0,0.01,0.0
1716,0.9933333333333333,0.98,0.0,0.0,0.02,0.0
1717,0.9966666666666667,1.0,0.0,0.0,0.0,0.0
1718,1.0,1.0,0.0,0.0,0.0,0.0
1719,0.87,1.0,0.0,0.0,0.0,0.0
1720,0.8750000000000001,1.0,0.0,0.0,0.0,0.0
1721,0.89,1.0,0.0,0.0,0.0,0.0
1722,0.8483333333333332,1.0,0.0,0.0,0.0,0.0
1723,0.8683333333333333,1.0,0.0,0.0,0.0,0.0
1724,0.8616666666666666,0.99,0.0,0.01,0.0,0.0
1725,0.8766666666666667,1.0,0.0,0.0,0.0,0.0
1726,0.8516666666666666,1.0,0.0,0.0,0.0,0.0
1727,0.9016666666666667,1.0,0.0,0.0,0.0,0.0
1728,0.8433333333333334,1.0,0.0,0.0,0.0,0.0
1729,1.0,1.0,0.0,0.0,0.0,0.0
1730,1.0,1.0,0.0,0.0,0.0,0.0
1731,1.0,1.0,0.0,0.0,0.0,0.0
1732,1.0,1.0,0.0,0.0,0.0,0.0
1733,1.0,1.0,0.0,0.0,0.0,0.0
1734,1.0,1.0,0.0,0.0,0.0,0.0
1735,0.9966666666666666,0.99,0.0,0.0,0.01,0.0
1736,0.9966666666666666,0.99,0.0,0.0,0.01,0.0
1737,0.9966666666666667,0.98,0.0,0.0,0.02,0.0
1738,0.9966666666666667,0.98,0.0,0.01,0.01,0.0
1739,0.8766666666666667,0.98,0.0,0.02,0.0,0.0
1740,0.8383333333333334,1.0,0.0,0.0,0.0,0.0
1741,0.8650000000000001,1.0,0.0,0.0,0.0,0.0
1742,0.8471116736975393,0.99,0.0,0.0,0.01,0.0
1743,0.8399999999999999,0.98,0.0,0.01,0.01,0.0
1744,0.8516666666666667,0.99,0.0,0.0,0.01,0.0
1745,0.8716666666666667,1.0,0.0,0.0,0.0,0.0
1746,0.83,1.0,0.0,0.0,0.0,0.0
1747,0.8791666666666665,1.0,0.0,0.0,0.0,0.0
1748,0.8066666666666665,1.0,0.0,0.0,0.0,0.0
1749,1.0,1.0,0.0,0.0,0.0,0.0
1750,1.0,1.0,0.0,0.0,0.0,0.0
1751,1.0,1.0,0.0,0.0,0.0,0.0
1752,1.0,1.0,0.0,0.0,0.0,0.0
1753,1.0,1.0,0.0,0.0,0.0,0.0
1754,1.0,1.0,0.0,0.0,0.0,0.0
1755,1.0,1.0,0.0,0.0,0.0,0.0
1756,0.9966666666666667,0.99,0.0,0.0,0.01,0.0
1757,0.9966666666666666,0.99,0.0,0.0,0.01,0.0
1758,0.99521558732565,0.98,0.0,0.0,0.02,0.0
1759,0.8783333333333333,0.98,0.0,0.0,0.02,0.0
1760,0.8483333333333334,0.99,0.0,0.0,0.01,0.0
1761,0.8733333333333334,0.98,0.0,0.0,0.02,0.0
1762,0.8816666666666666,0.96,0.0,0.0,0.04,0.0
1763,0.8383333333333334,0.97,0.0,0.0,0.03,0.0
1764,0.8550000000000001,0.98,0.0,0.0,0.02,0.0
1765,0.8783333333333334,0.98,0.0,0.0,0.02,0.0
1766,0.8483333333333336,0.99,0.0,0.0,0.01,0.0
1767,0.8616666666666666,0.98,0.0,0.0,0.02,0.0
1768,0.8633333333333333,0.99,0.0,0.0,0.01,0.0
1769,0.9966666666666667,0.99,0.0,0.0,0.01,0.0
1770,0.9966666666666666,0.99,0.0,0.0,0.01,0.0
1771,0.9933333333333334,0.98,0.0,0.0,0.02,0.0
1772,0.9900000000000001,0.97,0.0,0.0,0.03,0.0
1773,0.9866666666666668,0.96,0.0,0.0,0.04,0.0
1774,1.0,1.0,0.0,0.0,0.0,0.0
1775,1.0,1.0,0.0,0.0,0.0,0.0
1776,1.0,1.0,0.0,0.0,0.0,0.0
1777,0.9966666666666667,0.99,0.0,0.0,0.01,0.0
1778,1.0,1.0,0.0,0.0,0.0,0.0
1779,0.8449999999999999,1.0,0.0,0.0,0.0,0.0
1780,0.8449999999999999,1.0,0.0,0.0,0.0,0.0
1781,0.8166666666666665,1.0,0.0,0.0,0.0,0.0
1782,0.8516666666666667,1.0,0.0,0.0,0.0,0.0
1783,0.8899999999999999,1.0,0.0,0.0,0.0,0.0
1784,0.8683333333333334,1.0,0.0,0.0,0.0,0.0
1785,0.8716666666666666,1.0,0.0,0.0,0.0,0.0
1786,0.8983333333333334,0.99,0.0,0.0,0.01,0.0
1787,0.8233333333333335,1.0,0.0,0.0,0.0,0.0
1788,0.8583333333333333,1.0,0.0,0.0,0.0,0.0
1789,1.0,1.0,0.0,0.0,0.0,0.0
1790,1.0,1.0,0.0,0.0,0.0,0.0
1791,1.0,1.0,0.0,0.0,0.0,0.0
1792,0.9983333333333333,1.0,0.0,0.0,0.0,0.0
1793,1.0,1.0,0.0,0.0,0.0,0.0
1794,1.0,1.0,0.0,0.0,0.0,0.0
1795,1.0,1.0,0.0,0.0,0.0,0.0
1796,1.0,0.99,0.0,0.01,0.0,0.0
1797,1.0,0.99,0.0,0.01,0.0,0.0
1798,1.0,1.0,0.0,0.0,0.0,0.0
1799,0.86,1.0,0.0,0.0,0.0,0.0
1800,0.87,1.0,0.0,0.0,0.0,0.0
1801,0.8383333333333334,1.0,0.0,0.0,0.0,0.0
1802,0.8533333333333333,1.0,0.0,0.0,0.0,0.0
1803,0.8366666666666667,1.0,0.0,0.0,0.0,0.0
1804,0.865,1.0,0.0,0.0,0.0,0.0
1805,0.825,1.0,0.0,0.0,0.0,0.0
1806,0.8525,1.0,0.0,0.0,0.0,0.0
1807,0.8816666666666667,1.0,0.0,0.0,0.0,0.0
1808,0.8666666666666667,1.0,0.0,0.0,0.0,0.0
1809,1.0,1.0,0.0,0.0,0.0,0.0
1810,1.0,1.0,0.0,0.0,0.0,0.0
1811,1.0,1.0,0.0,0.0,0.0,0.0
1812,1.0,1.0,0.0,0.0,0.0,0.0
1813,0.9966666666666666,0.99,0.0,0.01,0.0,0.0
1814,1.0,1.0,0.0,0.0,0.0,0.0
1815,1.0,1.0,0.0,0.0,0.0,0.0
1816,1.0,1.0,0.0,0.0,0.0,0.0
1817,1.0,1.0,0.0,0.0,0.0,0.0
1818,1.0,1.0,0.0,0.0,0.0,0.0
1819,0.8466666666666667,0.99,0.0,0.0,0.01,0.0
1820,0.8516666666666666,0.98,0.0,0.0,0.02,0.0
1821,0.8583333333333334,1.0,0.0,0.0,0.0,0.0
1822,0.8366666666666667,1.0,0.0,0.0,0.0,0.0
1823,0.845,1.0,0.0,0.0,0.0,0.0
1824,0.8533333333333333,1.0,0.0,0.0,0.0,0.0
1825,0.8433333333333333,1.0,0.0,0.0,0.0,0.0
1826,0.882854184103524,0.98,0.0,0.01,0.01,0.0
1827,0.8478541841035242,0.98,0.0,0.01,0.01,0.0
1828,0.8728541841035242,0.96,0.0,0.01,0.03,0.0
1829,0.9933333333333333,0.98,0.0,0.0,0.02,0.0
1830,0.9933333333333333,0.98,0.0,0.0,0.02,0.0
1831,0.9933333333333334,0.98,0.0,0.0,0.02,0.0
1832,0.9933333333333334,0.99,0.0,0.0,0.01,0.0
1833,0.9933333333333333,0.98,0.0,0.0,0.02,0.0
1834,0.9933333333333333,0.99,0.0,0.0,0.01,0.0
1835,1.0,1.0,0.0,0.0,0.0,0.0
1836,1.0,1.0,0.0,0.0,0.0,0.0
1837,1.0,1.0,0.0,0.0,0.0,0.0
1838,0.9966666666666666,1.0,0.0,0.0,0.0,0.0
1839,0.85,1.0,0.0,0.0,0.0,0.0
1840,0.8674999999999998,1.0,0.0,0.0,0.0,0.0
1841,0.875,1.0,0.0,0.0,0.0,0.0
1842,0.8633333333333333,1.0,0.0,0.0,0.0,0.0
1843,0.815,1.0,0.0,0.0,0.0,0.0
1844,0.8383333333333333,1.0,0.0,0.0,0.0,0.0
1845,0.8566666666666667,1.0,0.0,0.0,0.0,0.0
1846,0.85,1.0,0.0,0.0,0.0,0.0
1847,0.8349999999999999,1.0,0.0,0.0,0.0,0.0
1848,0.845,1.0,0.0,0.0,0.0,0.0
1849,0.9866666666666666,1.0,0.0,0.0,0.0,0.0
1850,0.9850000000000001,0.99,0.0,0.01,0.0,0.0
1851,0.97,0.99,0.0,0.01,0.0,0.0
1852,0.9833333333333334,1.0,0.0,0.0,0.0,0.0
1853,0.9866666666666667,1.0,0.0,0.0,0.0,0.0
1854,0.9933333333333334,1.0,0.0,0.0,0.0,0.0
1855,1.0,1.0,0.0,0.0,0.0,0.0
1856,1.0,1.0,0.0,0.0,0.0,0.0
1857,0.9992444984528774,0.99,0.0,0.0,0.01,0.0
1858,0.9933333333333334,1.0,0.0,0.0,0.0,0.0
1859,0.8600000000000001,1.0,0.0,0.0,0.0,0.0
1860,0.8183333333333332,1.0,0.0,0.0,0.0,0.0
1861,0.8383333333333334,1.0,0.0,0.0,0.0,0.0
1862,0.8783333333333332,1.0,0.0,0.0,0.0,0.0
1863,0.8516666666666667,1.0,0.0,0.0,0.0,0.0
1864,0.8583333333333334,1.0,0.0,0.0,0.0,0.0
1865,0.8516666666666666,1.0,0.0,0.0,0.0,0.0
1866,0.825,1.0,0.0,0.0,0.0,0.0
1867,0.8633333333333332,0.99,0.0,0.01,0.0,0.0
1868,0.85,1.0,0.0,0.0,0.0,0.0
1869,1.0,1.0,0.0,0.0,0.0,0.0
1870,1.0,1.0,0.0,0.0,0.0,0.0
1871,1.0,1.0,0.0,0.0,0.0,0.0
1872,1.0,1.0,0.0,0.0,0.0,0.0
1873,1.0,1.0,0.0,0.0,0.0,0.0
1874,1.0,1.0,0.0,0.0,0.0,0.0
1875,1.0,0.99,0.0,0.01,0.0,0.0
1876,1.0,0.99,0.0,0.01,0.0,0.0
1877,1.0,1.0,0.0,0.0,0.0,0.0
1878,1.0,1.0,0.0,0.0,0.0,0.0
1879,0.845,1.0,0.0,0.0,0.0,0.0
1880,0.8258333333333335,1.0,0.0,0.0,0.0,0.0
1881,0.8466666666666667,1.0,0.0,0.0,0.0,0.0
1882,0.8683333333333333,1.0,0.0,0.0,0.0,0.0
1883,0.8116666666666665,1.0,0.0,0.0,0.0,0.0
1884,0.875,1.0,0.0,0.0,0.0,0.0
1885,0.835,1.0,0.0,0.0,0.0,0.0
1886,0.88,1.0,0.0,0.0,0.0,0.0
1887,0.845,1.0,0.0,0.0,0.0,0.0
1888,0.8366666666666667,1.0,0.0,0.0,0.0,0.0
1889,1.0,1.0,0.0,0.0,0.0,0.0
1890,1.0,1.0,0.0,0.0,0.0,0.0
1891,0.9966666666666667,1.0,0.0,0.0,0.0,0.0
1892,1.0,1.0,0.0,0.0,0.0,0.0
1893,1.0,1.0,0.0,0.0,0.0,0.0
1894,1.0,1.0,0.0,0.0,0.0,0.0
1895,1.0,1.0,0.0,0.0,0.0,0.0
1896,1.0,1.0,0.0,0.0,0.0,0.0
1897,1.0,1.0,0.0,0.0,0.0,0.0
1898,1.0,1.0,0.0,0.0,0.0,0.0
1899,0.8850000000000001,1.0,0.0,0.0,0.0,0.0
1900,0.8358333333333334,1.0,0.0,0.0,0.0,0.0
1901,0.87,1.0,0.0,0.0,0.0,0.0
1902,0.8533333333333334,0.99,0.0,0.01,0.0,0.0
1903,0.8650248795041351,1.0,0.0,0.0,0.0,0.0
1904,0.8622315114202392,1.0,0.0,0.0,0.0,0.0
1905,0.8516666666666667,1.0,0.0,0.0,0.0,0.0
1906,0.835,1.0,0.0,0.0,0.0,0.0
1907,0.8766666666666667,1.0,0.0,0.0,0.0,0.0
1908,0.8600000000000001,0.99,0.0,0.0,0.01,0.0
1909,0.9933333333333334,0.99,0.0,0.0,0.01,0.0
1910,1.0,1.0,0.0,0.0,0.0,0.0
1911,1.0,1.0,0.0,0.0,0.0,0.0
1912,1.0,1.0,0.0,0.0,0.0,0.0
1913,0.9966666666666667,1.0,0.0,0.0,0.0,0.0
1914,1.0,1.0,0.0,0.0,0.0,0.0
1915,0.9983333333333333,1.0,0.0,0.0,0.0,0.0
1916,1.0,1.0,0.0,0.0,0.0,0.0
1917,1.0,1.0,0.0,0.0,0.0,0.0
1918,1.0,1.0,0.0,0.0,0.0,0.0
1919,0.8233333333333333,1.0,0.0,0.0,0.0,0.0
1920,0.8516666666666667,1.0,0.0,0.0,0.0,0.0
1921,0.8616666666666667,1.0,0.0,0.0,0.0,0.0
1922,0.8516666666666666,1.0,0.0,0.0,0.0,0.0
1923,0.825,1.0,0.0,0.0,0.0,0.0
1924,0.8733333333333333,0.99,0.0,0.01,0.0,0.0
1925,0.8466666666666669,0.98,0.0,0.02,0.0,0.0
1926,0.8483333333333333,0.98,0.0,0.02,0.0,0.0
1927,0.8483333333333333,0.99,0.0,0.01,0.0,0.0
1928,0.8383333333333334,0.99,0.0,0.01,0.0,0.0
1929,1.0,0.98,0.0,0.02,0.0,0.0
1930,0.9966666666666667,0.99,0.0,0.01,0.0,0.0
1931,0.9966666666666666,0.99,0.0,0.01,0.0,0.0
1932,0.9966666666666666,0.99,0.0,0.01,0.0,0.0
1933,1.0,1.0,0.0,0.0,0.0,0.0
1934,1.0,1.0,0.0,0.0,0.0,0.0
1935,1.0,1.0,0.0,0.0,0.0,0.0
1936,1.0,1.0,0.0,0.0,0.0,0.0
1937,1.0,1.0,0.0,0.0,0.0,0.0
1938,1.0,1.0,0.0,0.0,0.0,0.0
1939,0.8516666666666667,1.0,0.0,0.0,0.0,0.0
1940,0.8390285878371584,0.99,0.0,0.01,0.0,0.0
1941,0.8642782602200623,0.97,0.0,0.02,0.01,0.0
1942,0.858476272519126,0.94,0.0,0.05,0.01,0.0
1943,0.8825048603562844,0.94,0.0,0.06,0.0,0.0
1944,0.8558381936896177,0.94,0.0,0.06,0.0,0.0
1945,0.8598667815267763,0.93,0.0,0.07,0.0,0.0
1946,0.8348667815267763,0.93,0.0,0.07,0.0,0.0
1947,0.8640285878371585,0.98,0.0,0.02,0.0,0.0
1948,0.8740285878371584,0.99,0.0,0.01,0.0,0.0
1949,0.9966666666666667,0.99,0.0,0.01,0.0,0.0
1950,1.0,0.99,0.0,0.01,0.0,0.0
1951,0.9966666666666667,1.0,0.0,0.0,0.0,0.0
1952,1.0,1.0,0.0,0.0,0.0,0.0
1953,1.0,0.99,0.0,0.01,0.0,0.0
1954,1.0,0.99,0.0,0.01,0.0,0.0
1955,0.9966666666666666,1.0,0.0,0.0,0.0,0.0
1956,1.0,1.0,0.0,0.0,0.0,0.0
1957,1.0,1.0,0.0,0.0,0.0,0.0
1958,1.0,0.99,0.0,0.01,0.0,0.0
1959,0.9066666666666667,0.97,0.0,0.03,0.0,0.0
1960,0.8466666666666666,0.99,0.0,0.01,0.0,0.0
1961,0.8833333333333333,1.0,0.0,0.0,0.0,0.0
1962,0.7783333333333333,1.0,0.0,0.0,0.0,0.0
1963,0.86,1.0,0.0,0.0,0.0,0.0
1964,0.8500000000000001,1.0,0.0,0.0,0.0,0.0
1965,0.8416666666666669,1.0,0.0,0.0,0.0,0.0
1966,0.8316666666666669,1.0,0.0,0.0,0.0,0.0
1967,0.8699999999999999,1.0,0.0,0.0,0.0,0.0
1968,0.8866666666666667,1.0,0.0,0.0,0.0,0.0
1969,0.9966666666666667,1.0,0.0,0.0,0.0,0.0
1970,1.0,1.0,0.0,0.0,0.0,0.0
1971,1.0,1.0,0.0,0.0,0.0,0.0
1972,1.0,1.0,0.0,0.0,0.0,0.0
1973,1.0,1.0,0.0,0.0,0.0,0.0
1974,1.0,1.0,0.0,0.0,0.0,0.0
1975,1.0,1.0,0.0,0.0,0.0,0.0
1976,1.0,1.0,0.0,0.0,0.0,0.0
1977,1.0,1.0,0.0,0.0,0.0,0.0
1978,1.0,1.0,0.0,0.0,0.0,0.0
1979,0.9,1.0,0.0,0.0,0.0,0.0
1980,0.8500000000000001,1.0,0.0,0.0,0.0,0.0
1981,0.8283333333333333,1.0,0.0,0.0,0.0,0.0
1982,0.8516666666666666,1.0,0.0,0.0,0.0,0.0
1983,0.8600000000000001,1.0,0.0,0.0,0.0,0.0
1984,0.8733333333333333,1.0,0.0,0.0,0.0,0.0
1985,0.8550000000000001,1.0,0.0,0.0,0.0,0.0
1986,0.8383333333333333,1.0,0.0,0.0,0.0,0.0
1987,0.9000000000000001,1.0,0.0,0.0,0.0,0.0
1988,0.85,1.0,0.0,0.0,0.0,0.0
1989,1.0,1.0,0.0,0.0,0.0,0.0
1990,1.0,0.99,0.0,0.01,0.0,0.0
1991,1.0,0.99,0.0,0.01,0.0,0.0
1992,1.0,0.99,0.0,0.01,0.0,0.0
1993,1.0,1.0,0.0,0.0,0.0,0.0
1994,1.0,1.0,0.0,0.0,0.0,0.0
1995,1.0,1.0,0.0,0.0,0.0,0.0
1996,1.0,1.0,0.0,0.0,0.0,0.0
1997,1.0,1.0,0.0,0.0,0.0,0.0
1998,0.9966666666666667,0.99,0.0,0.01,0.0,0.0
1999,0.8433333333333334,0.99,0.0,0.01,0.0,0.0
2000,0.8883333333333334,0.99,0.0,0.01,0.0,0.0
2001,0.865,1.0,0.0,0.0,0.0,0.0
2002,0.8750000000000001,1.0,0.0,0.0,0.0,0.0
2003,0.8483333333333333,1.0,0.0,0.0,0.0,0.0
2004,0.855,1.0,0.0,0.0,0.0,0.0
2005,0.8466666666666667,1.0,0.0,0.0,0.0,0.0
2006,0.8333333333333333,1.0,0.0,0.0,0.0,0.0
2007,0.83,1.0,0.0,0.0,0.0,0.0
2008,0.8633333333333334,1.0,0.0,0.0,0.0,0.0
2009,1.0,1.0,0.0,0.0,0.0,0.0
2010,1.0,1.0,0.0,0.0,0.0,0.0
2011,0.9983333333333334,0.99,0.0,0.0,0.01,0.0
2012,1.0,1.0,0.0,0.0,0.0,0.0
2013,0.9998479619987009,1.0,0.0,0.0,0.0,0.0
2014,0.9962105526627694,1.0,0.0,0.0,0.0,0.0
2015,0.9960585146614701,1.0,0.0,0.0,0.0,0.0
2016,0.9925731433268378,0.99,0.0,0.01,0.0,0.0
2017,0.9924211053255386,1.0,0.0,0.0,0.0,0.0
2018,0.9924211053255386,1.0,0.0,0.0,0.0,0.0
2019,0.8733333333333334,1.0,0.0,0.0,0.0,0.0
2020,0.8700000000000001,1.0,0.0,0.0,0.0,0.0
2021,0.86,1.0,0.0,0.0,0.0,0.0
2022,0.8783333333333334,1.0,0.0,0.0,0.0,0.0
2023,0.8808333333333331,1.0,0.0,0.0,0.0,0.0
2024,0.8883333333333333,1.0,0.0,0.0,0.0,0.0
2025,0.8399999999999999,1.0,0.0,0.0,0.0,0.0
2026,0.8466666666666669,1.0,0.0,0.0,0.0,0.0
2027,0.8383333333333334,1.0,0.0,0.0,0.0,0.0
2028,0.8483333333333334,1.0,0.0,0.0,0.0,0.0
2029,0.9266666666666667,1.0,0.0,0.0,0.0,0.0
2030,0.97,0.99,0.0,0.01,0.0,0.0
2031,0.9733333333333336,1.0,0.0,0.0,0.0,0.0
2032,0.99,1.0,0.0,0.0,0.0,0.0
2033,0.9799999999999999,0.99,0.0,0.01,0.0,0.0
2034,0.9866628381470157,0.96,0.0,0.03,0.01,0.0
2035,0.9866666666666668,0.92,0.0,0.08,0.0,0.0
2036,0.985,0.87,0.0,0.13,0.0,0.0
2037,0.9933333333333334,0.87,0.0,0.13,0.0,0.0
2038,0.9933333333333333,0.85,0.0,0.15,0.0,0.0
2039,0.7816666666666667,0.85,0.0,0.15,0.0,0.0
2040,0.7966666666666669,0.86,0.0,0.14,0.0,0.0
2041,0.8099999999999998,0.93,0.0,0.07,0.0,0.0
2042,0.8266666666666667,0.94,0.0,0.06,0.0,0.0
2043,0.8400000000000002,0.99,0.0,0.01,0.0,0.0
2044,0.855,1.0,0.0,0.0,0.0,0.0
2045,0.8383333333333333,1.0,0.0,0.0,0.0,0.0
2046,0.8499999999999999,0.99,0.0,0.0,0.01,0.0
2047,0.88,0.99,0.0,0.0,0.01,0.0
2048,0.8433333333333334,0.99,0.0,0.0,0.01,0.0
2049,0.9966666666666667,0.99,0.0,0.0,0.01,0.0
2050,1.0,1.0,0.0,0.0,0.0,0.0
2051,1.0,1.0,0.0,0.0,0.0,0.0
2052,1.0,1.0,0.0,0.0,0.0,0.0
2053,1.0,1.0,0.0,0.0,0.0,0.0
2054,1.0,1.0,0.0,0.0,0.0,0.0
2055,0.9966666666666666,0.99,0.0,0.0,0.01,0.0
2056,1.0,1.0,0.0,0.0,0.0,0.0
2057,1.0,1.0,0.0,0.0,0.0,0.0
2058,1.0,1.0,0.0,0.0,0.0,0.0
2059,0.8416666666666666,1.0,0.0,0.0,0.0,0.0
2060,0.8541858953180345,0.99,0.0,0.01,0.0,0.0
2061,0.8591858953180344,0.99,0.0,0.01,0.0,0.0
2062,0.875,1.0,0.0,0.0,0.0,0.0
2063,0.8650000000000001,1.0,0.0,0.0,0.0,0.0
2064,0.8900000000000001,1.0,0.0,0.0,0.0,0.0
2065,0.8466666666666669,1.0,0.0,0.0,0.0,0.0
2066,0.8766666666666667,1.0,0.0,0.0,0.0,0.0
2067,0.8716666666666668,1.0,0.0,0.0,0.0,0.0
2068,0.8409645706115583,1.0,0.0,0.0,0.0,0.0
2069,1.0,1.0,0.0,0.0,0.0,0.0
2070,1.0,1.0,0.0,0.0,0.0,0.0
2071,1.0,1.0,0.0,0.0,0.0,0.0
2072,1.0,1.0,0.0,0.0,0.0,0.0
2073,1.0,1.0,0.0,0.0,0.0,0.0
2074,1.0,1.0,0.0,0.0,0.0,0.0
2075,0.9966666666666666,0.99,0.0,0.01,0.0,0.0
2076,0.9966666666666667,0.99,0.0,0.01,0.0,0.0
2077,1.0,1.0,0.0,0.0,0.0,0.0
2078,1.0,1.0,0.0,0.0,0.0,0.0
2079,0.8683333333333333,1.0,0.0,0.0,0.0,0.0
2080,0.8616666666666667,1.0,0.0,0.0,0.0,0.0
2081,0.845,1.0,0.0,0.0,0.0,0.0
2082,0.8583333333333334,1.0,0.0,0.0,0.0,0.0
2083,0.8750000000000001,1.0,0.0,0.0,0.0,0.0
2084,0.875,1.0,0.0,0.0,0.0,0.0
2085,0.85,1.0,0.0,0.0,0.0,0.0
2086,0.8666666666666667,1.0,0.0,0.0,0.0,0.0
2087,0.8533333333333334,1.0,0.0,0.0,0.0,0.0
2088,0.8583333333333334,1.0,0.0,0.0,0.0,0.0
2089,1.0,1.0,0.0,0.0,0.0,0.0
2090,1.0,1.0,0.0,0.0,0.0,0.0
2091,1.0,1.0,0.0,0.0,0.0,0.0
2092,0.9983333333333333,1.0,0.0,0.0,0.0,0.0
2093,1.0,1.0,0.0,0.0,0.0,0.0
2094,1.0,1.0,0.0,0.0,0.0,0.0
2095,0.9983333333333334,1.0,0.0,0.0,0.0,0.0
2096,0.9966666666666667,1.0,0.0,0.0,0.0,0.0
2097,1.0,1.0,0.0,0.0,0.0,0.0
2098,1.0,1.0,0.0,0.0,0.0,0.0
2099,0.8666666666666666,1.0,0.0,0.0,0.0,0.0
2100,0.855,1.0,0.0,0.0,0.0,0.0
2101,0.865,1.0,0.0,0.0,0.0,0.0
2102,0.8166666666666668,1.0,0.0,0.0,0.0,0.0
2103,0.9066666666666666,1.0,0.0,0.0,0.0,0.0
2104,0.8683333333333333,1.0,0.0,0.0,0.0,0.0
2105,0.885,1.0,0.0,0.0,0.0,0.0
2106,0.865,1.0,0.0,0.0,0.0,0.0
2107,0.8416666666666667,1.0,0.0,0.0,0.0,0.0
2108,0.7933333333333333,1.0,0.0,0.0,0.0,0.0
2109,1.0,1.0,0.0,0.0,0.0,0.0
2110,1.0,1.0,0.0,0.0,0.0,0.0
2111,0.9984363100909144,0.99,0.0,0.0,0.01,0.0
2112,0.995,0.98,0.0,0.0,0.02,0.0
2113,0.9883333333333334,0.96,0.0,0.0,0.04,0.0
2114,0.9916666666666667,0.97,0.0,0.0,0.03,0.0
2115,0.9900000000000001,0.97,0.0,0.0,0.03,0.0
2116,0.9866666666666667,0.96,0.0,0.0,0.04,0.0
2117,0.9900000000000001,0.97,0.0,0.0,0.03,0.0
2118,0.9945981113716482,0.98,0.0,0.0,0.02,0.0
2119,0.8433333333333333,0.98,0.0,0.0,0.02,0.0
2120,0.8783333333333334,0.99,0.0,0.0,0.01,0.0
2121,0.8833333333333333,0.97,0.0,0.0,0.03,0.0
2122,0.8333333333333333,0.91,0.0,0.0,0.09,0.0
2123,0.8483333333333333,0.86,0.0,0.0,0.14,0.0
2124,0.8383333333333334,0.81,0.0,0.0,0.19,0.0
2125,0.9066666666666667,0.72,0.0,0.0,0.28,0.0
2126,0.8850000000000001,0.67,0.0,0.0,0.33,0.0
2127,0.9016666666666666,0.6,0.0,0.0,0.4,0.0
2128,0.9066666666666667,0.67,0.0,0.0,0.33,0.0
2129,0.9133333333333333,0.66,0.0,0.0,0.34,0.0
2130,0.9416666666666664,0.79,0.0,0.0,0.21,0.0
2131,0.9366666666666664,0.78,0.0,0.0,0.22,0.0
2132,0.9633333333333334,0.85,0.0,0.0,0.15,0.0
2133,0.9699999999999999,0.89,0.0,0.0,0.11,0.0
2134,0.9800000000000001,0.93,0.0,0.0,0.07,0.0
2135,0.9816666666666667,0.93,0.0,0.0,0.07,0.0
2136,0.9883333333333333,0.96,0.0,0.0,0.04,0.0
2137,0.9899999999999999,0.95,0.0,0.0,0.05,0.0
2138,0.9883333333333333,0.96,0.0,0.0,0.04,0.0
2139,0.8083333333333335,0.98,0.0,0.0,0.02,0.0
2140,0.8816666666666667,0.99,0.0,0.0,0.01,0.0
2141,0.8833333333333333,0.99,0.0,0.0,0.01,0.0
2142,0.875,1.0,0.0,0.0,0.0,0.0
2143,0.8633333333333333,1.0,0.0,0.0,0.0,0.0
2144,0.8383333333333333,1.0,0.0,0.0,0.0,0.0
2145,0.8283333333333333,1.0,0.0,0.0,0.0,0.0
2146,0.855,1.0,0.0,0.0,0.0,0.0
2147,0.8083333333333332,1.0,0.0,0.0,0.0,0.0
2148,0.8466666666666667,1.0,0.0,0.0,0.0,0.0
2149,1.0,1.0,0.0,0.0,0.0,0.0
2150,1.0,1.0,0.0,0.0,0.0,0.0
2151,1.0,1.0,0.0,0.0,0.0,0.0
2152,1.0,1.0,0.0,0.0,0.0,0.0
2153,1.0,1.0,0.0,0.0,0.0,0.0
2154,1.0,1.0,0.0,0.0,0.0,0.0
2155,1.0,1.0,0.0,0.0,0.0,0.0
2156,1.0,1.0,0.0,0.0,0.0,0.0
2157,1.0,1.0,0.0,0.0,0.0,0.0
2158,1.0,1.0,0.0,0.0,0.0,0.0
2159,0.8550000000000001,1.0,0.0,0.0,0.0,0.0
2160,0.8433333333333334,1.0,0.0,0.0,0.0,0.0
2161,0.86,1.0,0.0,0.0,0.0,0.0
2162,0.8466666666666666,0.99,0.0,0.01,0.0,0.0
2163,0.8466666666666667,0.99,0.0,0.01,0.0,0.0
2164,0.8383333333333333,1.0,0.0,0.0,0.0,0.0
2165,0.89,1.0,0.0,0.0,0.0,0.0
2166,0.8333333333333335,1.0,0.0,0.0,0.0,0.0
2167,0.8666666666666666,1.0,0.0,0.0,0.0,0.0
2168,0.88,1.0,0.0,0.0,0.0,0.0
2169,1.0,1.0,0.0,0.0,0.0,0.0
2170,1.0,1.0,0.0,0.0,0.0,0.0
2171,1.0,1.0,0.0,0.0,0.0,0.0
2172,1.0,1.0,0.0,0.0,0.0,0.0
2173,1.0,1.0,0.0,0.0,0.0,0.0
2174,1.0,1.0,0.0,0.0,0.0,0.0
2175,1.0,1.0,0.0,0.0,0.0,0.0
2176,1.0,1.0,0.0,0.0,0.0,0.0
2177,1.0,1.0,0.0,0.0,0.0,0.0
2178,1.0,1.0,0.0,0.0,0.0,0.0
2179,0.8716666666666668,1.0,0.0,0.0,0.0,0.0
2180,0.8583333333333333,1.0,0.0,0.0,0.0,0.0
2181,0.865,1.0,0.0,0.0,0.0,0.0
2182,0.8508333333333333,1.0,0.0,0.0,0.0,0.0
2183,0.875,1.0,0.0,0.0,0.0,0.0
2184,0.8183333333333335,1.0,0.0,0.0,0.0,0.0
2185,0.8466666666666667,1.0,0.0,0.0,0.0,0.0
2186,0.8783333333333332,1.0,0.0,0.0,0.0,0.0
2187,0.8333333333333331,1.0,0.0,0.0,0.0,0.0
2188,0.8699999999999999,0.99,0.0,0.0,0.01,0.0
2189,1.0,1.0,0.0,0.0,0.0,0.0
2190,1.0,1.0,0.0,0.0,0.0,0.0
2191,1.0,1.0,0.0,0.0,0.0,0.0
2192,1.0,1.0,0.0,0.0,0.0,0.0
2193,1.0,1.0,0.0,0.0,0.0,0.0
2194,1.0,1.0,0.0,0.0,0.0,0.0
2195,1.0,1.0,0.0,0.0,0.0,0.0
2196,1.0,1.0,0.0,0.0,0.0,0.0
2197,1.0,1.0,0.0,0.0,0.0,0.0
2198,1.0,1.0,0.0,0.0,0.0,0.0
2199,0.8466666666666667,1.0,0.0,0.0,0.0,0.0
2200,0.8916666666666667,1.0,0.0,0.0,0.0,0.0
2201,0.89,1.0,0.0,0.0,0.0,0.0
2202,0.8333333333333333,1.0,0.0,0.0,0.0,0.0
2203,0.8366666666666667,1.0,0.0,0.0,0.0,0.0
2204,0.8383333333333334,1.0,0.0,0.0,0.0,0.0
2205,0.8766666666666667,1.0,0.0,0.0,0.0,0.0
2206,0.8516666666666667,1.0,0.0,0.0,0.0,0.0
2207,0.8283333333333331,1.0,0.0,0.0,0.0,0.0
2208,0.8316666666666666,1.0,0.0,0.0,0.0,0.0
2209,1.0,1.0,0.0,0.0,0.0,0.0
2210,1.0,1.0,0.0,0.0,0.0,0.0
2211,1.0,1.0,0.0,0.0,0.0,0.0
2212,0.9966666666666666,1.0,0.0,0.0,0.0,0.0
2213,1.0,1.0,0.0,0.0,0.0,0.0
2214,0.9966666666666667,1.0,0.0,0.0,0.0,0.0
2215,1.0,1.0,0.0,0.0,0.0,0.0
2216,1.0,1.0,0.0,0.0,0.0,0.0
2217,1.0,1.0,0.0,0.0,0.0,0.0
2218,1.0,1.0,0.0,0.0,0.0,0.0
2219,0.8,1.0,0.0,0.0,0.0,0.0
2220,0.855,1.0,0.0,0.0,0.0,0.0
2221,0.84,1.0,0.0,0.0,0.0,0.0
2222,0.8716666666666666,1.0,0.0,0.0,0.0,0.0
2223,0.8583333333333333,1.0,0.0,0.0,0.0,0.0
2224,0.8083333333333332,1.0,0.0,0.0,0.0,0.0
2225,0.8333333333333333,1.0,0.0,0.0,0.0,0.0
2226,0.8183333333333335,1.0,0.0,0.0,0.0,0.0
2227,0.8261120327408079,0.99,0.0,0.01,0.0,0.0
2228,0.855,0.99,0.0,0.01,0.0,0.0
2229,1.0,1.0,0.0,0.0,0.0,0.0
2230,1.0,1.0,0.0,0.0,0.0,0.0
2231,1.0,1.0,0.0,0.0,0.0,0.0
2232,0.9966666666666667,0.99,0.0,0.0,0.01,0.0
2233,1.0,0.99,0.0,0.01,0.0,0.0
2234,1.0,0.97,0.0,0.03,0.0,0.0
2235,0.9983333333333334,0.92,0.0,0.08,0.0,0.0
2236,1.0,0.96,0.0,0.04,0.0,0.0
2237,0.9931775873309567,0.96,0.0,0.03,0.01,0.0
2238,0.9966666666666667,0.93,0.0,0.06,0.01,0.0
2239,0.8516666666666666,0.97,0.0,0.02,0.01,0.0
2240,0.8116666666666668,0.93,0.0,0.06,0.01,0.0
2241,0.8416666666666666,0.99,0.0,0.01,0.0,0.0
2242,0.8016666666666667,1.0,0.0,0.0,0.0,0.0
2243,0.8633333333333334,1.0,0.0,0.0,0.0,0.0
2244,0.8916666666666667,0.99,0.0,0.01,0.0,0.0
2245,0.8466666666666667,0.99,0.0,0.01,0.0,0.0
2246,0.8766666666666667,1.0,0.0,0.0,0.0,0.0
2247,0.855,1.0,0.0,0.0,0.0,0.0
2248,0.8366666666666666,1.0,0.0,0.0,0.0,0.0
2249,1.0,1.0,0.0,0.0,0.0,0.0
2250,1.0,1.0,0.0,0.0,0.0,0.0
2251,1.0,1.0,0.0,0.0,0.0,0.0
2252,1.0,1.0,0.0,0.0,0.0,0.0
2253,1.0,1.0,0.0,0.0,0.0,0.0
2254,1.0,1.0,0.0,0.0,0.0,0.0
2255,1.0,1.0,0.0,0.0,0.0,0.0
2256,1.0,1.0,0.0,0.0,0.0,0.0
2257,1.0,1.0,0.0,0.0,0.0,0.0
2258,1.0,1.0,0.0,0.0,0.0,0.0
2259,0.88,1.0,0.0,0.0,0.0,0.0
2260,0.8733333333333333,1.0,0.0,0.0,0.0,0.0
2261,0.8516666666666667,1.0,0.0,0.0,0.0,0.0
2262,0.88,1.0,0.0,0.0,0.0,0.0
2263,0.8566666666666666,1.0,0.0,0.0,0.0,0.0
2264,0.8125000000000001,1.0,0.0,0.0,0.0,0.0
2265,0.8666666666666667,0.99,0.0,0.0,0.01,0.0
2266,0.8649999999999999,1.0,0.0,0.0,0.0,0.0
2267,0.8108333333333333,1.0,0.0,0.0,0.0,0.0
2268,0.8408333333333331,1.0,0.0,0.0,0.0,0.0
2269,1.0,1.0,0.0,0.0,0.0,0.0
2270,1.0,1.0,0.0,0.0,0.0,0.0
2271,1.0,1.0,0.0,0.0,0.0,0.0
2272,1.0,1.0,0.0,0.0,0.0,0.0
2273,0.9966666666666667,0.99,0.0,0.0,0.01,0.0
2274,0.9966666666666667,0.99,0.0,0.0,0.01,0.0
2275,0.9966666666666667,0.99,0.0,0.0,0.01,0.0
2276,0.9966666666666666,0.99,0.0,0.0,0.01,0.0
2277,1.0,0.99,0.0,0.01,0.0,0.0
2278,1.0,0.97,0.0,0.03,0.0,0.0
2279,0.8583333333333333,0.97,0.0,0.03,0.0,0.0
2280,0.8600000000000001,0.97,0.0,0.03,0.0,0.0
2281,0.8366666666666667,0.98,0.0,0.02,0.0,0.0
2282,0.8433333333333334,0.98,0.0,0.02,0.0,0.0
2283,0.795,0.96,0.0,0.04,0.0,0.0
2284,0.8433333333333333,0.97,0.0,0.03,0.0,0.0
2285,0.8516666666666666,1.0,0.0,0.0,0.0,0.0
2286,0.8249999999999998,1.0,0.0,0.0,0.0,0.0
2287,0.8633333333333333,1.0,0.0,0.0,0.0,0.0
2288,0.8833333333333333,1.0,0.0,0.0,0.0,0.0
2289,1.0,1.0,0.0,0.0,0.0,0.0
2290,1.0,1.0,0.0,0.0,0.0,0.0
2291,1.0,1.0,0.0,0.0,0.0,0.0
2292,1.0,1.0,0.0,0.0,0.0,0.0
2293,1.0,1.0,0.0,0.0,0.0,0.0
2294,1.0,1.0,0.0,0.0,0.0,0.0
2295,1.0,1.0,0.0,0.0,0.0,0.0
2296,1.0,1.0,0.0,0.0,0.0,0.0
2297,1.0,0.99,0.0,0.01,0.0,0.0
2298,1.0,0.99,0.0,0.01,0.0,0.0
2299,0.8583333333333333,0.98,0.0,0.02,0.0,0.0
2300,0.8566666666666666,1.0,0.0,0.0,0.0,0.0
2301,0.8533333333333334,1.0,0.0,0.0,0.0,0.0
2302,0.85,1.0,0.0,0.0,0.0,0.0
2303,0.7983333333333331,0.98,0.0,0.01,0.01,0.0
2304,0.8716666666666667,0.97,0.0,0.01,0.02,0.0
2305,0.8716666666666666,0.96,0.0,0.01,0.03,0.0
2306,0.8733333333333333,0.97,0.0,0.0,0.03,0.0
2307,0.88,0.96,0.0,0.0,0.04,0.0
2308,0.8683333333333334,0.97,0.0,0.0,0.03,0.0
2309,0.985,0.94,0.0,0.0,0.06,0.0
2310,0.9766666666666667,0.9,0.0,0.0,0.1,0.0
2311,0.977052429084653,0.9,0.0,0.01,0.09,0.0
2312,0.9733333333333334,0.89,0.0,0.04,0.07,0.0
2313,0.9883333333333334,0.94,0.0,0.05,0.01,0.0
2314,0.995,0.93,0.0,0.07,0.0,0.0
2315,0.9933333333333334,0.93,0.0,0.07,0.0,0.0
2316,0.9916666666666667,0.91,0.0,0.09,0.0,0.0
2317,1.0,0.91,0.0,0.09,0.0,0.0
2318,1.0,0.93,0.0,0.07,0.0,0.0
2319,0.81,0.94,0.0,0.06,0.0,0.0
2320,0.85,0.95,0.0,0.05,0.0,0.0
2321,0.8283333333333333,0.98,0.0,0.02,0.0,0.0
2322,0.8549999999999999,1.0,0.0,0.0,0.0,0.0
2323,0.8550000000000001,1.0,0.0,0.0,0.0,0.0
2324,0.86,1.0,0.0,0.0,0.0,0.0
2325,0.8699999999999999,1.0,0.0,0.0,0.0,0.0
2326,0.8466666666666666,1.0,0.0,0.0,0.0,0.0
2327,0.8316666666666666,1.0,0.0,0.0,0.0,0.0
2328,0.8983333333333334,1.0,0.0,0.0,0.0,0.0
2329,1.0,1.0,0.0,0.0,0.0,0.0
2330,1.0,0.99,0.0,0.01,0.0,0.0
2331,0.9966666666666666,0.98,0.0,0.02,0.0,0.0
2332,0.9966666666666666,0.99,0.0,0.0,0.01,0.0
2333,1.0,1.0,0.0,0.0,0.0,0.0
2334,1.0,1.0,0.0,0.0,0.0,0.0
2335,1.0,1.0,0.0,0.0,0.0,0.0
2336,1.0,1.0,0.0,0.0,0.0,0.0
2337,1.0,1.0,0.0,0.0,0.0,0.0
2338,1.0,1.0,0.0,0.0,0.0,0.0
2339,0.8200000000000002,1.0,0.0,0.0,0.0,0.0
2340,0.8233333333333333,1.0,0.0,0.0,0.0,0.0
2341,0.8766666666666667,1.0,0.0,0.0,0.0,0.0
2342,0.8566666666666667,1.0,0.0,0.0,0.0,0.0
2343,0.8383333333333333,1.0,0.0,0.0,0.0,0.0
2344,0.8766666666666668,1.0,0.0,0.0,0.0,0.0
2345,0.8666666666666667,1.0,0.0,0.0,0.0,0.0
2346,0.8416666666666666,0.99,0.0,0.01,0.0,0.0
2347,0.8706237503112988,0.98,0.0,0.02,0.0,0.0
2348,0.8606237503112986,0.99,0.0,0.01,0.0,0.0
2349,1.0,1.0,0.0,0.0,0.0,0.0
2350,1.0,1.0,0.0,0.0,0.0,0.0
2351,1.0,1.0,0.0,0.0,0.0,0.0
2352,1.0,1.0,0.0,0.0,0.0,0.0
2353,1.0,1.0,0.0,0.0,0.0,0.0
2354,1.0,1.0,0.0,0.0,0.0,0.0
2355,1.0,1.0,0.0,0.0,0.0,0.0
2356,1.0,1.0,0.0,0.0,0.0,0.0
2357,1.0,1.0,0.0,0.0,0.0,0.0
2358,0.9966666666666667,0.99,0.0,0.0,0.01,0.0
2359,0.8633333333333332,1.0,0.0,0.0,0.0,0.0
2360,0.8633333333333333,1.0,0.0,0.0,0.0,0.0
2361,0.8333333333333335,1.0,0.0,0.0,0.0,0.0
2362,0.8966666666666666,1.0,0.0,0.0,0.0,0.0
2363,0.8683333333333332,1.0,0.0,0.0,0.0,0.0
2364,0.9,1.0,0.0,0.0,0.0,0.0
2365,0.8400000000000002,1.0,0.0,0.0,0.0,0.0
2366,0.8766666666666667,1.0,0.0,0.0,0.0,0.0
2367,0.8466666666666667,1.0,0.0,0.0,0.0,0.0
2368,0.86,1.0,0.0,0.0,0.0,0.0
2369,1.0,1.0,0.0,0.0,0.0,0.0
2370,1.0,1.0,0.0,0.0,0.0,0.0
2371,1.0,1.0,0.0,0.0,0.0,0.0
2372,1.0,1.0,0.0,0.0,0.0,0.0
2373,1.0,1.0,0.0,0.0,0.0,0.0
2374,1.0,1.0,0.0,0.0,0.0,0.0
2375,1.0,1.0,0.0,0.0,0.0,0.0
2376,0.990374850815295,0.98,0.0,0.02,0.0,0.0
2377,0.9937081841486283,0.98,0.0,0.02,0.0,0.0
2378,1.0,0.99,0.0,0.01,0.0,0.0
2379,0.875,0.98,0.0,0.02,0.0,0.0
2380,0.8399999999999999,0.97,0.0,0.03,0.0,0.0
2381,0.8866666666666666,0.98,0.0,0.02,0.0,0.0
2382,0.8566666666666666,0.98,0.0,0.02,0.0,0.0
2383,0.8283333333333335,0.98,0.0,0.02,0.0,0.0
2384,0.88,0.99,0.0,0.01,0.0,0.0
2385,0.875,0.99,0.0,0.01,0.0,0.0
2386,0.8883333333333333,1.0,0.0,0.0,0.0,0.0
2387,0.855,1.0,0.0,0.0,0.0,0.0
2388,0.8499999999999999,1.0,0.0,0.0,0.0,0.0
2389,1.0,1.0,0.0,0.0,0.0,0.0
2390,1.0,1.0,0.0,0.0,0.0,0.0
2391,1.0,1.0,0.0,0.0,0.0,0.0
2392,1.0,1.0,0.0,0.0,0.0,0.0
2393,0.9952720040411066,0.99,0.0,0.01,0.0,0.0
2394,1.0,0.99,0.0,0.01,0.0,0.0
2395,1.0,1.0,0.0,0.0,0.0,0.0
2396,1.0,1.0,0.0,0.0,0.0,0.0
2397,1.0,1.0,0.0,0.0,0.0,0.0
2398,1.0,1.0,0.0,0.0,0.0,0.0
2399,0.8750000000000001,1.0,0.0,0.0,0.0,0.0
2400,0.8483333333333333,1.0,0.0,0.0,0.0,0.0
2401,0.8383333333333333,1.0,0.0,0.0,0.0,0.0
2402,0.88,1.0,0.0,0.0,0.0,0.0
2403,0.8316666666666667,1.0,0.0,0.0,0.0,0.0
2404,0.8283333333333335,1.0,0.0,0.0,0.0,0.0
2405,0.82,1.0,0.0,0.0,0.0,0.0
2406,0.8666666666666667,1.0,0.0,0.0,0.0,0.0
2407,0.8516666666666665,1.0,0.0,0.0,0.0,0.0
2408,0.8684402548961963,1.0,0.0,0.0,0.0,0.0
2409,1.0,1.0,0.0,0.0,0.0,0.0
2410,1.0,1.0,0.0,0.0,0.0,0.0
2411,1.0,1.0,0.0,0.0,0.0,0.0
2412,1.0,1.0,0.0,0.0,0.0,0.0
2413,1.0,1.0,0.0,0.0,0.0,0.0
2414,1.0,1.0,0.0,0.0,0.0,0.0
2415,1.0,1.0,0.0,0.0,0.0,0.0
2416,1.0,1.0,0.0,0.0,0.0,0.0
2417,1.0,0.99,0.0,0.01,0.0,0.0
2418,1.0,1.0,0.0,0.0,0.0,0.0
2419,0.8383333333333333,1.0,0.0,0.0,0.0,0.0
2420,0.8441666666666667,1.0,0.0,0.0,0.0,0.0
2421,0.82,1.0,0.0,0.0,0.0,0.0
2422,0.8533333333333333,1.0,0.0,0.0,0.0,0.0
2423,0.8616666666666667,1.0,0.0,0.0,0.0,0.0
2424,0.8783333333333334,1.0,0.0,0.0,0.0,0.0
2425,0.8633333333333333,1.0,0.0,0.0,0.0,0.0
2426,0.8516666666666667,1.0,0.0,0.0,0.0,0.0
2427,0.8533333333333333,1.0,0.0,0.0,0.0,0.0
2428,0.8683333333333334,1.0,0.0,0.0,0.0,0.0
2429,1.0,1.0,0.0,0.0,0.0,0.0
2430,0.9872245605251725,1.0,0.0,0.0,0.0,0.0
2431,1.0,1.0,0.0,0.0,0.0,0.0
2432,1.0,1.0,0.0,0.0,0.0,0.0
2433,1.0,1.0,0.0,0.0,0.0,0.0
2434,1.0,1.0,0.0,0.0,0.0,0.0
2435,1.0,0.99,0.0,0.01,0.0,0.0
2436,1.0,0.99,0.0,0.01,0.0,0.0
2437,0.9966666666666666,0.99,0.0,0.01,0.0,0.0
2438,1.0,0.98,0.0,0.02,0.0,0.0
2439,0.8433333333333334,0.97,0.0,0.03,0.0,0.0
2440,0.8666666666666666,0.97,0.0,0.03,0.0,0.0
2441,0.845,1.0,0.0,0.0,0.0,0.0
2442,0.89,1.0,0.0,0.0,0.0,0.0
2443,0.8933333333333334,1.0,0.0,0.0,0.0,0.0
2444,0.8900000000000001,1.0,0.0,0.0,0.0,0.0
2445,0.8458333333333334,1.0,0.0,0.0,0.0,0.0
2446,0.8666666666666667,1.0,0.0,0.0,0.0,0.0
2447,0.8483333333333333,1.0,0.0,0.0,0.0,0.0
2448,0.8166666666666668,0.99,0.0,0.01,0.0,0.0
2449,1.0,0.98,0.0,0.02,0.0,0.0
2450,1.0,0.99,0.0,0.01,0.0,0.0
2451,1.0,0.98,0.0,0.02,0.0,0.0
2452,1.0,0.98,0.0,0.02,0.0,0.0
2453,1.0,0.98,0.0,0.02,0.0,0.0
2454,1.0,0.98,0.0,0.02,0.0,0.0
2455,1.0,0.99,0.0,0.01,0.0,0.0
2456,1.0,0.97,0.0,0.03,0.0,0.0
2457,1.0,0.97,0.0,0.03,0.0,0.0
2458,1.0,0.98,0.0,0.02,0.0,0.0
2459,0.8016666666666667,0.99,0.0,0.01,0.0,0.0
2460,0.8600000000000003,1.0,0.0,0.0,0.0,0.0
2461,0.8516666666666666,0.99,0.0,0.0,0.01,0.0
2462,0.8249999999999998,0.99,0.0,0.0,0.01,0.0
2463,0.8533333333333334,0.98,0.0,0.0,0.02,0.0
2464,0.8466666666666669,0.99,0.0,0.0,0.01,0.0
2465,0.8450000000000002,0.99,0.0,0.0,0.01,0.0
2466,0.8716666666666667,0.98,0.0,0.01,0.01,0.0
2467,0.8550000000000001,0.95,0.0,0.01,0.04,0.0
2468,0.8583333333333334,0.94,0.0,0.0,0.06,0.0
2469,0.9916666666666667,0.97,0.0,0.0,0.03,0.0
2470,0.9933333333333333,0.98,0.0,0.0,0.02,0.0
2471,0.9916666666666666,0.97,0.0,0.0,0.03,0.0
2472,0.9933333333333333,0.98,0.0,0.0,0.02,0.0
2473,1.0,1.0,0.0,0.0,0.0,0.0
2474,1.0,1.0,0.0,0.0,0.0,0.0
2475,1.0,1.0,0.0,0.0,0.0,0.0
2476,1.0,1.0,0.0,0.0,0.0,0.0
2477,1.0,1.0,0.0,0.0,0.0,0.0
2478,1.0,1.0,0.0,0.0,0.0,0.0
2479,0.865,0.99,0.0,0.0,0.01,0.0
2480,0.8650000000000001,1.0,0.0,0.0,0.0,0.0
2481,0.8433333333333333,1.0,0.0,0.0,0.0,0.0
2482,0.8483333333333336,1.0,0.0,0.0,0.0,0.0
2483,0.875,1.0,0.0,0.0,0.0,0.0
2484,0.8283333333333333,1.0,0.0,0.0,0.0,0.0
2485,0.8583333333333334,1.0,0.0,0.0,0.0,0.0
2486,0.8583333333333333,1.0,0.0,0.0,0.0,0.0
2487,0.8566666666666667,1.0,0.0,0.0,0.0,0.0
2488,0.8591666666666665,1.0,0.0,0.0,0.0,0.0
2489,0.9966666666666667,1.0,0.0,0.0,0.0,0.0
2490,1.0,1.0,0.0,0.0,0.0,0.0
2491,1.0,1.0,0.0,0.0,0.0,0.0
2492,1.0,1.0,0.0,0.0,0.0,0.0
2493,1.0,1.0,0.0,0.0,0.0,0.0
2494,1.0,1.0,0.0,0.0,0.0,0.0
2495,1.0,1.0,0.0,0.0,0.0,0.0
2496,1.0,0.99,0.0,0.01,0.0,0.0
2497,1.0,1.0,0.0,0.0,0.0,0.0
2498,1.0,1.0,0.0,0.0,0.0,0.0
2499,0.8533333333333334,1.0,0.0,0.0,0.0,0.0
2500,0.8483333333333333,1.0,0.0,0.0,0.0,0.0
2501,0.8683333333333333,1.0,0.0,0.0,0.0,0.0
2502,0.8433333333333334,1.0,0.0,0.0,0.0,0.0
2503,0.8316666666666667,1.0,0.0,0.0,0.0,0.0
2504,0.8716666666666666,1.0,0.0,0.0,0.0,0.0
2505,0.8416666666666667,1.0,0.0,0.0,0.0,0.0
2506,0.8350000000000002,1.0,0.0,0.0,0.0,0.0
2507,0.865,1.0,0.0,0.0,0.0,0.0
2508,0.8683333333333334,1.0,0.0,0.0,0.0,0.0
2509,1.0,1.0,0.0,0.0,0.0,0.0
2510,1.0,1.0,0.0,0.0,0.0,0.0
2511,1.0,1.0,0.0,0.0,0.0,0.0
2512,1.0,1.0,0.0,0.0,0.0,0.0
2513,1.0,1.0,0.0,0.0,0.0,0.0
2514,1.0,1.0,0.0,0.0,0.0,0.0
2515,1.0,1.0,0.0,0.0,0.0,0.0
2516,1.0,1.0,0.0,0.0,0.0,0.0
2517,1.0,0.99,0.0,0.01,0.0,0.0
2518,1.0,1.0,0.0,0.0,0.0,0.0
2519,0.8549999999999999,1.0,0.0,0.0,0.0,0.0
2520,0.8500000000000001,0.99,0.0,0.0,0.01,0.0
2521,0.8350000000000002,0.99,0.0,0.0,0.01,0.0
2522,0.855,1.0,0.0,0.0,0.0,0.0
2523,0.835,1.0,0.0,0.0,0.0,0.0
2524,0.8483333333333334,1.0,0.0,0.0,0.0,0.0
2525,0.8750000000000001,1.0,0.0,0.0,0.0,0.0
2526,0.85,1.0,0.0,0.0,0.0,0.0
2527,0.9033333333333333,1.0,0.0,0.0,0.0,0.0
2528,0.8666666666666667,0.99,0.0,0.01,0.0,0.0
2529,1.0,0.99,0.0,0.01,0.0,0.0
2530,1.0,1.0,0.0,0.0,0.0,0.0
2531,0.9966666666666666,0.99,0.0,0.01,0.0,0.0
2532,0.9966666666666666,0.99,0.0,0.01,0.0,0.0
2533,0.9966666666666667,0.99,0.0,0.0,0.01,0.0
2534,1.0,1.0,0.0,0.0,0.0,0.0
2535,1.0,1.0,0.0,0.0,0.0,0.0
2536,1.0,1.0,0.0,0.0,0.0,0.0
2537,1.0,1.0,0.0,0.0,0.0,0.0
2538,1.0,1.0,0.0,0.0,0.0,0.0
2539,0.8500000000000001,1.0,0.0,0.0,0.0,0.0
2540,0.8633333333333333,1.0,0.0,0.0,0.0,0.0
2541,0.8866666666666667,1.0,0.0,0.0,0.0,0.0
2542,0.8616666666666667,1.0,0.0,0.0,0.0,0.0
2543,0.8483333333333334,1.0,0.0,0.0,0.0,0.0
2544,0.8683333333333333,1.0,0.0,0.0,0.0,0.0
2545,0.8833333333333334,1.0,0.0,0.0,0.0,0.0
2546,0.8116666666666668,1.0,0.0,0.0,0.0,0.0
2547,0.8516666666666667,0.99,0.0,0.01,0.0,0.0
2548,0.89,0.99,0.0,0.01,0.0,0.0
2549,1.0,1.0,0.0,0.0,0.0,0.0
2550,1.0,1.0,0.0,0.0,0.0,0.0
2551,1.0,1.0,0.0,0.0,0.0,0.0
2552,1.0,1.0,0.0,0.0,0.0,0.0
2553,1.0,1.0,0.0,0.0,0.0,0.0
2554,1.0,1.0,0.0,0.0,0.0,0.0
2555,1.0,1.0,0.0,0.0,0.0,0.0
2556,1.0,1.0,0.0,0.0,0.0,0.0
2557,1.0,1.0,0.0,0.0,0.0,0.0
2558,1.0,1.0,0.0,0.0,0.0,0.0
2559,0.8866666666666667,1.0,0.0,0.0,0.0,0.0
2560,0.8108333333333334,1.0,0.0,0.0,0.0,0.0
2561,0.8316666666666666,1.0,0.0,0.0,0.0,0.0
2562,0.8666666666666666,1.0,0.0,0.0,0.0,0.0
2563,0.8541666666666669,1.0,0.0,0.0,0.0,0.0
2564,0.865,1.0,0.0,0.0,0.0,0.0
2565,0.8265562780398937,0.99,0.0,0.01,0.0,0.0
2566,0.8332229447065604,0.98,0.0,0.01,0.01,0.0
2567,0.8500000000000003,0.98,0.0,0.0,0.02,0.0
2568,0.835,1.0,0.0,0.0,0.0,0.0
2569,1.0,1.0,0.0,0.0,0.0,0.0
2570,1.0,1.0,0.0,0.0,0.0,0.0
2571,1.0,1.0,0.0,0.0,0.0,0.0
2572,1.0,1.0,0.0,0.0,0.0,0.0
2573,1.0,1.0,0.0,0.0,0.0,0.0
2574,1.0,1.0,0.0,0.0,0.0,0.0
2575,0.9966666666666667,1.0,0.0,0.0,0.0,0.0
2576,1.0,1.0,0.0,0.0,0.0,0.0
2577,1.0,1.0,0.0,0.0,0.0,0.0
2578,0.9966666666666667,0.99,0.0,0.0,0.01,0.0
2579,0.8683333333333334,1.0,0.0,0.0,0.0,0.0
2580,0.8883333333333334,1.0,0.0,0.0,0.0,0.0
2581,0.8383333333333332,1.0,0.0,0.0,0.0,0.0
2582,0.8583333333333334,1.0,0.0,0.0,0.0,0.0
2583,0.8433333333333332,1.0,0.0,0.0,0.0,0.0
2584,0.85,1.0,0.0,0.0,0.0,0.0
2585,0.8416666666666666,1.0,0.0,0.0,0.0,0.0
2586,0.835,1.0,0.0,0.0,0.0,0.0
2587,0.83,1.0,0.0,0.0,0.0,0.0
2588,0.795,1.0,0.0,0.0,0.0,0.0
2589,1.0,1.0,0.0,0.0,0.0,0.0
2590,1.0,1.0,0.0,0.0,0.0,0.0
2591,1.0,1.0,0.0,0.0,0.0,0.0
2592,1.0,1.0,0.0,0.0,0.0,0.0
2593,1.0,1.0,0.0,0.0,0.0,0.0
2594,1.0,1.0,0.0,0.0,0.0,0.0
2595,1.0,1.0,0.0,0.0,0.0,0.0
2596,1.0,1.0,0.0,0.0,0.0,0.0
2597,1.0,1.0,0.0,0.0,0.0,0.0
2598,1.0,1.0,0.0,0.0,0.0,0.0
2599,0.8716666666666666,1.0,0.0,0.0,0.0,0.0
2600,0.8433333333333333,1.0,0.0,0.0,0.0,0.0
2601,0.8566666666666667,1.0,0.0,0.0,0.0,0.0
2602,0.8516666666666667,1.0,0.0,0.0,0.0,0.0
2603,0.9041666666666667,1.0,0.0,0.0,0.0,0.0
2604,0.8133333333333332,1.0,0.0,0.0,0.0,0.0
2605,0.8816666666666667,1.0,0.0,0.0,0.0,0.0
2606,0.87,1.0,0.0,0.0,0.0,0.0
2607,0.8633333333333334,1.0,0.0,0.0,0.0,0.0
2608,0.86,1.0,0.0,0.0,0.0,0.0
2609,1.0,1.0,0.0,0.0,0.0,0.0
2610,1.0,1.0,0.0,0.0,0.0,0.0
2611,1.0,1.0,0.0,0.0,0.0,0.0
2612,1.0,1.0,0.0,0.0,0.0,0.0
2613,0.9966666666666667,1.0,0.0,0.0,0.0,0.0
2614,0.9966666666666667,1.0,0.0,0.0,0.0,0.0
2615,1.0,1.0,0.0,0.0,0.0,0.0
2616,1.0,1.0,0.0,0.0,0.0,0.0
2617,1.0,1.0,0.0,0.0,0.0,0.0
2618,1.0,1.0,0.0,0.0,0.0,0.0
2619,0.8866666666666666,1.0,0.0,0.0,0.0,0.0
2620,0.8633333333333333,1.0,0.0,0.0,0.0,0.0
2621,0.8366666666666667,1.0,0.0,0.0,0.0,0.0
2622,0.8633333333333333,1.0,0.0,0.0,0.0,0.0
2623,0.8383333333333334,1.0,0.0,0.0,0.0,0.0
2624,0.8466666666666667,1.0,0.0,0.0,0.0,0.0
2625,0.8516666666666666,1.0,0.0,0.0,0.0,0.0
2626,0.8366666666666667,1.0,0.0,0.0,0.0,0.0
2627,0.8633333333333333,1.0,0.0,0.0,0.0,0.0
2628,0.82,1.0,0.0,0.0,0.0,0.0
2629,1.0,1.0,0.0,0.0,0.0,0.0
2630,1.0,1.0,0.0,0.0,0.0,0.0
2631,1.0,1.0,0.0,0.0,0.0,0.0
2632,1.0,1.0,0.0,0.0,0.0,0.0
2633,1.0,1.0,0.0,0.0,0.0,0.0
2634,1.0,1.0,0.0,0.0,0.0,0.0
2635,1.0,1.0,0.0,0.0,0.0,0.0
2636,1.0,1.0,0.0,0.0,0.0,0.0
2637,1.0,1.0,0.0,0.0,0.0,0.0
2638,1.0,1.0,0.0,0.0,0.0,0.0
2639,0.81,1.0,0.0,0.0,0.0,0.0
2640,0.8616666666666666,1.0,0.0,0.0,0.0,0.0
2641,0.8650000000000001,1.0,0.0,0.0,0.0,0.0
2642,0.8583333333333333,1.0,0.0,0.0,0.0,0.0
2643,0.8733333333333333,1.0,0.0,0.0,0.0,0.0
2644,0.8616666666666668,1.0,0.0,0.0,0.0,0.0
2645,0.8816666666666667,1.0,0.0,0.0,0.0,0.0
2646,0.8883333333333334,1.0,0.0,0.0,0.0,0.0
2647,0.8683333333333334,1.0,0.0,0.0,0.0,0.0
2648,0.85,1.0,0.0,0.0,0.0,0.0
2649,1.0,0.99,0.0,0.01,0.0,0.0
2650,1.0,0.98,0.0,0.02,0.0,0.0
2651,1.0,0.93,0.0,0.07,0.0,0.0
2652,1.0,0.97,0.0,0.03,0.0,0.0
2653,1.0,0.97,0.0,0.03,0.0,0.0
2654,1.0,0.97,0.0,0.03,0.0,0.0
2655,1.0,0.98,0.0,0.02,0.0,0.0
2656,1.0,0.97,0.0,0.03,0.0,0.0
2657,1.0,0.97,0.0,0.03,0.0,0.0
2658,1.0,0.96,0.0,0.04,0.0,0.0
2659,0.8583333333333333,0.96,0.0,0.04,0.0,0.0
2660,0.8083333333333332,0.97,0.0,0.03,0.0,0.0
2661,0.8516666666666669,0.99,0.0,0.01,0.0,0.0
2662,0.8283333333333333,0.99,0.0,0.01,0.0,0.0
2663,0.85,1.0,0.0,0.0,0.0,0.0
2664,0.8733333333333333,1.0,0.0,0.0,0.0,0.0
2665,0.8166666666666669,1.0,0.0,0.0,0.0,0.0
2666,0.825,1.0,0.0,0.0,0.0,0.0
2667,0.87,1.0,0.0,0.0,0.0,0.0
2668,0.8466666666666666,1.0,0.0,0.0,0.0,0.0
2669,1.0,1.0,0.0,0.0,0.0,0.0
2670,1.0,1.0,0.0,0.0,0.0,0.0
2671,1.0,1.0,0.0,0.0,0.0,0.0
2672,1.0,1.0,0.0,0.0,0.0,0.0
2673,1.0,1.0,0.0,0.0,0.0,0.0
2674,1.0,1.0,0.0,0.0,0.0,0.0
2675,1.0,1.0,0.0,0.0,0.0,0.0
2676,1.0,1.0,0.0,0.0,0.0,0.0
2677,1.0,1.0,0.0,0.0,0.0,0.0
2678,1.0,1.0,0.0,0.0,0.0,0.0
2679,0.8533333333333333,1.0,0.0,0.0,0.0,0.0
2680,0.885,1.0,0.0,0.0,0.0,0.0
2681,0.8488035676894625,0.99,0.0,0.01,0.0,0.0
2682,0.85,1.0,0.0,0.0,0.0,0.0
2683,0.8183333333333335,1.0,0.0,0.0,0.0,0.0
2684,0.8400000000000002,1.0,0.0,0.0,0.0,0.0
2685,0.8366666666666667,1.0,0.0,0.0,0.0,0.0
2686,0.8133333333333332,1.0,0.0,0.0,0.0,0.0
2687,0.8416666666666667,1.0,0.0,0.0,0.0,0.0
2688,0.8266666666666665,1.0,0.0,0.0,0.0,0.0
2689,0.9966666666666667,1.0,0.0,0.0,0.0,0.0
2690,1.0,1.0,0.0,0.0,0.0,0.0
2691,1.0,1.0,0.0,0.0,0.0,0.0
2692,1.0,1.0,0.0,0.0,0.0,0.0
2693,1.0,1.0,0.0,0.0,0.0,0.0
2694,1.0,1.0,0.0,0.0,0.0,0.0
2695,1.0,1.0,0.0,0.0,0.0,0.0
2696,1.0,1.0,0.0,0.0,0.0,0.0
2697,1.0,1.0,0.0,0.0,0.0,0.0
2698,1.0,1.0,0.0,0.0,0.0,0.0
2699,0.8883333333333334,1.0,0.0,0.0,0.0,0.0
2700,0.8858333333333333,1.0,0.0,0.0,0.0,0.0
2701,0.8366666666666667,1.0,0.0,0.0,0.0,0.0
2702,0.8833333333333334,1.0,0.0,0.0,0.0,0.0
2703,0.82,1.0,0.0,0.0,0.0,0.0
2704,0.8433333333333334,1.0,0.0,0.0,0.0,0.0
2705,0.8566666666666667,1.0,0.0,0.0,0.0,0.0
2706,0.8250000000000002,1.0,0.0,0.0,0.0,0.0
2707,0.8316666666666666,1.0,0.0,0.0,0.0,0.0
2708,0.8483333333333333,1.0,0.0,0.0,0.0,0.0
2709,1.0,1.0,0.0,0.0,0.0,0.0
2710,1.0,1.0,0.0,0.0,0.0,0.0
2711,1.0,1.0,0.0,0.0,0.0,0.0
2712,1.0,1.0,0.0,0.0,0.0,0.0
2713,1.0,1.0,0.0,0.0,0.0,0.0
2714,1.0,1.0,0.0,0.0,0.0,0.0
2715,1.0,1.0,0.0,0.0,0.0,0.0
2716,1.0,1.0,0.0,0.0,0.0,0.0
2717,1.0,1.0,0.0,0.0,0.0,0.0
2718,1.0,1.0,0.0,0.0,0.0,0.0
2719,0.8516666666666666,1.0,0.0,0.0,0.0,0.0
2720,0.8499999999999999,1.0,0.0,0.0,0.0,0.0
2721,0.7949999999999998,1.0,0.0,0.0,0.0,0.0
2722,0.8399999999999999,1.0,0.0,0.0,0.0,0.0
2723,0.8466666666666667,1.0,0.0,0.0,0.0,0.0
2724,0.8516666666666667,1.0,0.0,0.0,0.0,0.0
2725,0.8433333333333334,1.0,0.0,0.0,0.0,0.0
2726,0.8733333333333334,1.0,0.0,0.0,0.0,0.0
2727,0.8416666666666667,1.0,0.0,0.0,0.0,0.0
2728,0.8649999999999999,1.0,0.0,0.0,0.0,0.0
2729,1.0,1.0,0.0,0.0,0.0,0.0
2730,0.9996605145429645,1.0,0.0,0.0,0.0,0.0
2731,0.9996605145429645,1.0,0.0,0.0,0.0,0.0
2732,1.0,1.0,0.0,0.0,0.0,0.0
2733,1.0,1.0,0.0,0.0,0.0,0.0
2734,0.995,0.99,0.0,0.0,0.01,0.0
2735,0.9983333333333333,0.99,0.0,0.0,0.01,0.0
2736,0.9933333333333334,0.98,0.0,0.0,0.02,0.0
2737,0.9966666666666667,0.99,0.0,0.0,0.01,0.0
2738,1.0,1.0,0.0,0.0,0.0,0.0
2739,0.8683333333333333,1.0,0.0,0.0,0.0,0.0
2740,0.8716666666666666,1.0,0.0,0.0,0.0,0.0
2741,0.8766666666666667,1.0,0.0,0.0,0.0,0.0
2742,0.8616666666666666,0.99,0.0,0.01,0.0,0.0
2743,0.8466666666666666,1.0,0.0,0.0,0.0,0.0
2744,0.8512519518367343,0.98,0.0,0.02,0.0,0.0
2745,0.8450000000000002,0.98,0.0,0.02,0.0,0.0
2746,0.8799999999999999,0.98,0.0,0.02,0.0,0.0
2747,0.819984999887264,0.97,0.0,0.03,0.0,0.0
2748,0.8333333333333335,1.0,0.0,0.0,0.0,0.0
2749,1.0,1.0,0.0,0.0,0.0,0.0
2750,0.9933333333333333,1.0,0.0,0.0,0.0,0.0
2751,0.9933333333333334,1.0,0.0,0.0,0.0,0.0
2752,1.0,1.0,0.0,0.0,0.0,0.0
2753,1.0,1.0,0.0,0.0,0.0,0.0
2754,0.9988380204195457,0.99,0.0,0.01,0.0,0.0
2755,0.9955046870862124,0.98,0.0,0.01,0.01,0.0
2756,1.0,1.0,0.0,0.0,0.0,0.0
2757,1.0,1.0,0.0,0.0,0.0,0.0
2758,1.0,1.0,0.0,0.0,0.0,0.0
2759,0.8566666666666667,1.0,0.0,0.0,0.0,0.0
2760,0.84,1.0,0.0,0.0,0.0,0.0
2761,0.8566666666666666,1.0,0.0,0.0,0.0,0.0
2762,0.8583333333333333,1.0,0.0,0.0,0.0,0.0
2763,0.8366666666666667,1.0,0.0,0.0,0.0,0.0
2764,0.8583333333333332,1.0,0.0,0.0,0.0,0.0
2765,0.8391666666666667,1.0,0.0,0.0,0.0,0.0
2766,0.82,1.0,0.0,0.0,0.0,0.0
2767,0.8516666666666667,1.0,0.0,0.0,0.0,0.0
2768,0.8466666666666666,1.0,0.0,0.0,0.0,0.0
2769,1.0,1.0,0.0,0.0,0.0,0.0
2770,1.0,1.0,0.0,0.0,0.0,0.0
2771,1.0,1.0,0.0,0.0,0.0,0.0
2772,1.0,1.0,0.0,0.0,0.0,0.0
2773,1.0,1.0,0.0,0.0,0.0,0.0
2774,1.0,1.0,0.0,0.0,0.0,0.0
2775,1.0,1.0,0.0,0.0,0.0,0.0
2776,1.0,1.0,0.0,0.0,0.0,0.0
2777,1.0,1.0,0.0,0.0,0.0,0.0
2778,1.0,1.0,0.0,0.0,0.0,0.0
2779,0.85,0.99,0.0,0.0,0.01,0.0
2780,0.89,0.98,0.0,0.0,0.02,0.0
2781,0.835,0.98,0.0,0.0,0.02,0.0
2782,0.8300000000000002,0.99,0.0,0.0,0.01,0.0
2783,0.8833333333333334,1.0,0.0,0.0,0.0,0.0
2784,0.855,1.0,0.0,0.0,0.0,0.0
2785,0.8666666666666668,1.0,0.0,0.0,0.0,0.0
2786,0.855,1.0,0.0,0.0,0.0,0.0
2787,0.875,1.0,0.0,0.0,0.0,0.0
2788,0.865,1.0,0.0,0.0,0.0,0.0
2789,1.0,1.0,0.0,0.0,0.0,0.0
2790,1.0,1.0,0.0,0.0,0.0,0.0
2791,1.0,1.0,0.0,0.0,0.0,0.0
2792,1.0,1.0,0.0,0.0,0.0,0.0
2793,1.0,1.0,0.0,0.0,0.0,0.0
2794,1.0,1.0,0.0,0.0,0.0,0.0
2795,1.0,1.0,0.0,0.0,0.0,0.0
2796,1.0,1.0,0.0,0.0,0.0,0.0
2797,1.0,1.0,0.0,0.0,0.0,0.0
2798,1.0,1.0,0.0,0.0,0.0,0.0
2799,0.9083333333333334,1.0,0.0,0.0,0.0,0.0
2800,0.8416666666666666,1.0,0.0,0.0,0.0,0.0
2801,0.855,1.0,0.0,0.0,0.0,0.0
2802,0.8783333333333334,1.0,0.0,0.0,0.0,0.0
2803,0.8116666666666669,1.0,0.0,0.0,0.0,0.0
2804,0.865,1.0,0.0,0.0,0.0,0.0
2805,0.8566666666666667,1.0,0.0,0.0,0.0,0.0
2806,0.8633333333333334,1.0,0.0,0.0,0.0,0.0
2807,0.84,1.0,0.0,0.0,0.0,0.0
2808,0.8666666666666666,1.0,0.0,0.0,0.0,0.0
2809,1.0,1.0,0.0,0.0,0.0,0.0
2810,1.0,1.0,0.0,0.0,0.0,0.0
2811,1.0,0.99,0.0,0.01,0.0,0.0
2812,1.0,1.0,0.0,0.0,0.0,0.0
2813,1.0,1.0,0.0,0.0,0.0,0.0
2814,1.0,1.0,0.0,0.0,0.0,0.0
2815,1.0,1.0,0.0,0.0,0.0,0.0
2816,1.0,1.0,0.0,0.0,0.0,0.0
2817,1.0,1.0,0.0,0.0,0.0,0.0
2818,1.0,1.0,0.0,0.0,0.0,0.0
2819,0.8766666666666667,1.0,0.0,0.0,0.0,0.0
2820,0.8716666666666666,1.0,0.0,0.0,0.0,0.0
2821,0.8483333333333334,1.0,0.0,0.0,0.0,0.0
2822,0.8316666666666667,1.0,0.0,0.0,0.0,0.0
2823,0.885,1.0,0.0,0.0,0.0,0.0
2824,0.8466666666666669,1.0,0.0,0.0,0.0,0.0
2825,0.85,1.0,0.0,0.0,0.0,0.0
2826,0.8616666666666666,1.0,0.0,0.0,0.0,0.0
2827,0.8399999999999999,1.0,0.0,0.0,0.0,0.0
2828,0.8500000000000001,1.0,0.0,0.0,0.0,0.0
2829,1.0,1.0,0.0,0.0,0.0,0.0
2830,1.0,1.0,0.0,0.0,0.0,0.0
2831,1.0,1.0,0.0,0.0,0.0,0.0
2832,1.0,1.0,0.0,0.0,0.0,0.0
2833,1.0,0.99,0.0,0.01,0.0,0.0
2834,1.0,0.99,0.0,0.01,0.0,0.0
2835,1.0,0.99,0.0,0.01,0.0,0.0
2836,1.0,0.96,0.0,0.04,0.0,0.0
2837,1.0,0.97,0.0,0.03,0.0,0.0
2838,1.0,0.99,0.0,0.01,0.0,0.0
2839,0.7933333333333334,0.98,0.0,0.02,0.0,0.0
2840,0.8083333333333335,0.99,0.0,0.01,0.0,0.0
2841,0.8516666666666666,0.99,0.0,0.01,0.0,0.0
2842,0.8666666666666667,1.0,0.0,0.0,0.0,0.0
2843,0.8716666666666666,0.99,0.0,0.0,0.01,0.0
2844,0.8350000000000002,0.99,0.0,0.0,0.01,0.0
2845,0.8200000000000002,1.0,0.0,0.0,0.0,0.0
2846,0.8949999999999999,0.99,0.0,0.0,0.01,0.0
2847,0.8483333333333333,0.98,0.0,0.0,0.02,0.0
2848,0.8616666666666667,0.96,0.0,0.0,0.04,0.0
2849,0.9900000000000001,0.97,0.0,0.0,0.03,0.0
2850,1.0,1.0,0.0,0.0,0.0,0.0
2851,1.0,1.0,0.0,0.0,0.0,0.0
2852,1.0,1.0,0.0,0.0,0.0,0.0
2853,1.0,1.0,0.0,0.0,0.0,0.0
2854,1.0,1.0,0.0,0.0,0.0,0.0
2855,1.0,1.0,0.0,0.0,0.0,0.0
2856,1.0,1.0,0.0,0.0,0.0,0.0
2857,1.0,1.0,0.0,0.0,0.0,0.0
2858,1.0,1.0,0.0,0.0,0.0,0.0
2859,0.8483333333333334,1.0,0.0,0.0,0.0,0.0
2860,0.8549999999999999,1.0,0.0,0.0,0.0,0.0
2861,0.88,1.0,0.0,0.0,0.0,0.0
2862,0.8566666666666667,1.0,0.0,0.0,0.0,0.0
2863,0.8799999999999999,1.0,0.0,0.0,0.0,0.0
2864,0.8200000000000002,1.0,0.0,0.0,0.0,0.0
2865,0.8950000000000001,1.0,0.0,0.0,0.0,0.0
2866,0.8316666666666667,1.0,0.0,0.0,0.0,0.0
2867,0.8600000000000001,1.0,0.0,0.0,0.0,0.0
2868,0.7966666666666669,1.0,0.0,0.0,0.0,0.0
2869,1.0,1.0,0.0,0.0,0.0,0.0
2870,1.0,1.0,0.0,0.0,0.0,0.0
2871,1.0,1.0,0.0,0.0,0.0,0.0
2872,1.0,1.0,0.0,0.0,0.0,0.0
2873,1.0,1.0,0.0,0.0,0.0,0.0
2874,1.0,1.0,0.0,0.0,0.0,0.0
2875,1.0,1.0,0.0,0.0,0.0,0.0
2876,1.0,1.0,0.0,0.0,0.0,0.0
2877,1.0,1.0,0.0,0.0,0.0,0.0
2878,1.0,1.0,0.0,0.0,0.0,0.0
2879,0.8916666666666667,1.0,0.0,0.0,0.0,0.0
2880,0.8456515335987167,1.0,0.0,0.0,0.0,0.0
2881,0.8313030671974336,1.0,0.0,0.0,0.0,0.0
2882,0.845,1.0,0.0,0.0,0.0,0.0
2883,0.8500000000000001,1.0,0.0,0.0,0.0,0.0
2884,0.8483333333333334,1.0,0.0,0.0,0.0,0.0
2885,0.9108333333333333,1.0,0.0,0.0,0.0,0.0
2886,0.865,1.0,0.0,0.0,0.0,0.0
2887,0.8533333333333334,1.0,0.0,0.0,0.0,0.0
2888,0.8866666666666667,1.0,0.0,0.0,0.0,0.0
2889,1.0,1.0,0.0,0.0,0.0,0.0
2890,1.0,1.0,0.0,0.0,0.0,0.0
2891,1.0,1.0,0.0,0.0,0.0,0.0
2892,1.0,1.0,0.0,0.0,0.0,0.0
2893,1.0,1.0,0.0,0.0,0.0,0.0
2894,1.0,1.0,0.0,0.0,0.0,0.0
2895,1.0,1.0,0.0,0.0,0.0,0.0
2896,1.0,1.0,0.0,0.0,0.0,0.0
2897,0.9966666666666667,0.99,0.0,0.0,0.01,0.0
2898,1.0,1.0,0.0,0.0,0.0,0.0
2899,0.8733333333333333,1.0,0.0,0.0,0.0,0.0
2900,0.8324999999999999,1.0,0.0,0.0,0.0,0.0
2901,0.8616666666666666,1.0,0.0,0.0,0.0,0.0
2902,0.8183333333333335,1.0,0.0,0.0,0.0,0.0
2903,0.8333333333333333,1.0,0.0,0.0,0.0,0.0
2904,0.8799999999999999,1.0,0.0,0.0,0.0,0.0
2905,0.8383333333333333,1.0,0.0,0.0,0.0,0.0
2906,0.8466666666666666,1.0,0.0,0.0,0.0,0.0
2907,0.8624999999999998,1.0,0.0,0.0,0.0,0.0
2908,0.8733333333333334,1.0,0.0,0.0,0.0,0.0
2909,1.0,1.0,0.0,0.0,0.0,0.0
2910,1.0,1.0,0.0,0.0,0.0,0.0
2911,1.0,1.0,0.0,0.0,0.0,0.0
2912,1.0,1.0,0.0,0.0,0.0,0.0
2913,1.0,0.99,0.0,0.01,0.0,0.0
2914,1.0,0.98,0.0,0.02,0.0,0.0
2915,1.0,0.98,0.0,0.02,0.0,0.0
2916,1.0,0.97,0.0,0.03,0.0,0.0
2917,1.0,0.96,0.0,0.04,0.0,0.0
2918,1.0,0.93,0.0,0.07,0.0,0.0
2919,0.8283333333333333,0.91,0.0,0.09,0.0,0.0
2920,0.8616666666666667,0.94,0.0,0.06,0.0,0.0
2921,0.8866666666666666,0.94,0.0,0.06,0.0,0.0
2922,0.8266666666666667,1.0,0.0,0.0,0.0,0.0
2923,0.8383333333333334,1.0,0.0,0.0,0.0,0.0
2924,0.85,1.0,0.0,0.0,0.0,0.0
2925,0.84,0.99,0.0,0.01,0.0,0.0
2926,0.8433333333333333,1.0,0.0,0.0,0.0,0.0
2927,0.86,1.0,0.0,0.0,0.0,0.0
2928,0.8466666666666667,1.0,0.0,0.0,0.0,0.0
2929,0.9933333333333334,1.0,0.0,0.0,0.0,0.0
2930,0.9916666666666667,1.0,0.0,0.0,0.0,0.0
2931,0.9933333333333334,1.0,0.0,0.0,0.0,0.0
2932,0.9966666666666667,1.0,0.0,0.0,0.0,0.0
2933,0.9966666666666667,1.0,0.0,0.0,0.0,0.0
2934,0.9966666666666667,1.0,0.0,0.0,0.0,0.0
2935,0.9983333333333333,1.0,0.0,0.0,0.0,0.0
2936,0.9966666666666666,1.0,0.0,0.0,0.0,0.0
2937,0.9966666666666667,1.0,0.0,0.0,0.0,0.0
2938,0.99,1.0,0.0,0.0,0.0,0.0
2939,0.8500000000000001,1.0,0.0,0.0,0.0,0.0
2940,0.8733333333333333,1.0,0.0,0.0,0.0,0.0
2941,0.8566666666666669,1.0,0.0,0.0,0.0,0.0
2942,0.8766666666666667,1.0,0.0,0.0,0.0,0.0
2943,0.8516666666666667,1.0,0.0,0.0,0.0,0.0
2944,0.8649999999999999,1.0,0.0,0.0,0.0,0.0
2945,0.8983333333333334,1.0,0.0,0.0,0.0,0.0
2946,0.8766666666666668,1.0,0.0,0.0,0.0,0.0
2947,0.8566666666666666,1.0,0.0,0.0,0.0,0.0
2948,0.9083333333333333,1.0,0.0,0.0,0.0,0.0
2949,0.9183333333333333,1.0,0.0,0.0,0.0,0.0
2950,0.9466666666666669,1.0,0.0,0.0,0.0,0.0
2951,0.9400000000000002,1.0,0.0,0.0,0.0,0.0
2952,0.9666666666666669,1.0,0.0,0.0,0.0,0.0
2953,0.9666666666666667,1.0,0.0,0.0,0.0,0.0
2954,0.9766666666666669,1.0,0.0,0.0,0.0,0.0
2955,0.98,1.0,0.0,0.0,0.0,0.0
2956,0.9849999999999999,1.0,0.0,0.0,0.0,0.0
2957,1.0,1.0,0.0,0.0,0.0,0.0
2958,1.0,1.0,0.0,0.0,0.0,0.0
2959,0.8466666666666666,1.0,0.0,0.0,0.0,0.0
2960,0.8666666666666667,1.0,0.0,0.0,0.0,0.0
2961,0.8541666666666667,1.0,0.0,0.0,0.0,0.0
2962,0.8633333333333332,1.0,0.0,0.0,0.0,0.0
2963,0.875,1.0,0.0,0.0,0.0,0.0
2964,0.8516666666666666,1.0,0.0,0.0,0.0,0.0
2965,0.85,1.0,0.0,0.0,0.0,0.0
2966,0.8766666666666666,1.0,0.0,0.0,0.0,0.0
2967,0.8666666666666667,1.0,0.0,0.0,0.0,0.0
2968,0.8816666666666666,1.0,0.0,0.0,0.0,0.0
2969,1.0,1.0,0.0,0.0,0.0,0.0
2970,1.0,1.0,0.0,0.0,0.0,0.0
2971,1.0,1.0,0.0,0.0,0.0,0.0
2972,1.0,1.0,0.0,0.0,0.0,0.0
2973,0.9966666666666667,1.0,0.0,0.0,0.0,0.0
2974,1.0,1.0,0.0,0.0,0.0,0.0
2975,1.0,1.0,0.0,0.0,0.0,0.0
2976,1.0,1.0,0.0,0.0,0.0,0.0
2977,1.0,1.0,0.0,0.0,0.0,0.0
2978,1.0,1.0,0.0,0.0,0.0,0.0
2979,0.85,0.99,0.0,0.0,0.01,0.0
2980,0.8533333333333333,1.0,0.0,0.0,0.0,0.0
2981,0.8649999999999999,1.0,0.0,0.0,0.0,0.0
2982,0.855,1.0,0.0,0.0,0.0,0.0
2983,0.815,1.0,0.0,0.0,0.0,0.0
2984,0.895,1.0,0.0,0.0,0.0,0.0
2985,0.8600000000000001,1.0,0.0,0.0,0.0,0.0
2986,0.8858333333333331,1.0,0.0,0.0,0.0,0.0
2987,0.8566666666666667,1.0,0.0,0.0,0.0,0.0
2988,0.8776857494030095,1.0,0.0,0.0,0.0,0.0
2989,1.0,1.0,0.0,0.0,0.0,0.0
2990,1.0,1.0,0.0,0.0,0.0,0.0
2991,1.0,1.0,0.0,0.0,0.0,0.0
2992,0.9966666666666667,1.0,0.0,0.0,0.0,0.0
2993,1.0,1.0,0.0,0.0,0.0,0.0
2994,1.0,1.0,0.0,0.0,0.0,0.0
2995,1.0,1.0,0.0,0.0,0.0,0.0
2996,1.0,1.0,0.0,0.0,0.0,0.0
2997,1.0,1.0,0.0,0.0,0.0,0.0
2998,1.0,1.0,0.0,0.0,0.0,0.0
2999,0.8533333333333334,1.0,0.0,0.0,0.0,0.0
3000,0.88,0.99,0.0,0.0,0.01,0.0
3001,0.8333333333333333,1.0,0.0,0.0,0.0,0.0
3002,0.865,1.0,0.0,0.0,0.0,0.0
3003,0.8783333333333333,1.0,0.0,0.0,0.0,0.0
3004,0.855,1.0,0.0,0.0,0.0,0.0
3005,0.8791666666666665,1.0,0.0,0.0,0.0,0.0
3006,0.8683333333333334,1.0,0.0,0.0,0.0,0.0
3007,0.8383333333333333,1.0,0.0,0.0,0.0,0.0
3008,0.8283333333333331,1.0,0.0,0.0,0.0,0.0
3009,1.0,1.0,0.0,0.0,0.0,0.0
3010,1.0,1.0,0.0,0.0,0.0,0.0
3011,0.9983333333333333,0.99,0.0,0.0,0.01,0.0
3012,1.0,1.0,0.0,0.0,0.0,0.0
3013,1.0,1.0,0.0,0.0,0.0,0.0
3014,1.0,1.0,0.0,0.0,0.0,0.0
3015,1.0,1.0,0.0,0.0,0.0,0.0
3016,0.9983333333333333,1.0,0.0,0.0,0.0,0.0
3017,1.0,1.0,0.0,0.0,0.0,0.0
3018,1.0,1.0,0.0,0.0,0.0,0.0
3019,0.895,1.0,0.0,0.0,0.0,0.0
3020,0.8744065079819666,0.99,0.0,0.01,0.0,0.0
3021,0.8708333333333332,1.0,0.0,0.0,0.0,0.0
3022,0.8583333333333333,1.0,0.0,0.0,0.0,0.0
3023,0.82,1.0,0.0,0.0,0.0,0.0
3024,0.8266666666666667,1.0,0.0,0.0,0.0,0.0
3025,0.8549999999999999,1.0,0.0,0.0,0.0,0.0
3026,0.8316666666666667,1.0,0.0,0.0,0.0,0.0
3027,0.8449999999999999,1.0,0.0,0.0,0.0,0.0
3028,0.8450000000000002,1.0,0.0,0.0,0.0,0.0
3029,1.0,1.0,0.0,0.0,0.0,0.0
3030,1.0,1.0,0.0,0.0,0.0,0.0
3031,1.0,1.0,0.0,0.0,0.0,0.0
3032,1.0,1.0,0.0,0.0,0.0,0.0
3033,1.0,1.0,0.0,0.0,0.0,0.0
3034,1.0,1.0,0.0,0.0,0.0,0.0
3035,1.0,1.0,0.0,0.0,0.0,0.0
3036,1.0,1.0,0.0,0.0,0.0,0.0
3037,0.9983333333333333,1.0,0.0,0.0,0.0,0.0
3038,1.0,1.0,0.0,0.0,0.0,0.0
3039,0.8600000000000001,1.0,0.0,0.0,0.0,0.0
3040,0.8400000000000002,1.0,0.0,0.0,0.0,0.0
3041,0.8516666666666667,1.0,0.0,0.0,0.0,0.0
3042,0.8549999999999999,1.0,0.0,0.0,0.0,0.0
3043,0.8833333333333334,1.0,0.0,0.0,0.0,0.0
3044,0.865,0.99,0.0,0.0,0.01,0.0
3045,0.8366666666666666,1.0,0.0,0.0,0.0,0.0
3046,0.88,1.0,0.0,0.0,0.0,0.0
3047,0.8333333333333335,1.0,0.0,0.0,0.0,0.0
3048,0.9133333333333333,1.0,0.0,0.0,0.0,0.0
3049,1.0,1.0,0.0,0.0,0.0,0.0
3050,1.0,1.0,0.0,0.0,0.0,0.0
3051,1.0,1.0,0.0,0.0,0.0,0.0
3052,1.0,1.0,0.0,0.0,0.0,0.0
3053,1.0,1.0,0.0,0.0,0.0,0.0
3054,1.0,1.0,0.0,0.0,0.0,0.0
3055,0.9983333333333334,1.0,0.0,0.0,0.0,0.0
3056,1.0,1.0,0.0,0.0,0.0,0.0
3057,1.0,1.0,0.0,0.0,0.0,0.0
3058,1.0,1.0,0.0,0.0,0.0,0.0
3059,0.905,1.0,0.0,0.0,0.0,0.0
3060,0.8833333333333334,1.0,0.0,0.0,0.0,0.0
3061,0.8516666666666666,1.0,0.0,0.0,0.0,0.0
3062,0.85,0.99,0.0,0.01,0.0,0.0
3063,0.8166666666666665,1.0,0.0,0.0,0.0,0.0
3064,0.9100000000000001,1.0,0.0,0.0,0.0,0.0
3065,0.8383333333333333,1.0,0.0,0.0,0.0,0.0
3066,0.8566666666666667,1.0,0.0,0.0,0.0,0.0
3067,0.88,0.99,0.0,0.01,0.0,0.0
3068,0.8316666666666666,0.99,0.0,0.01,0.0,0.0
3069,1.0,0.98,0.0,0.02,0.0,0.0
3070,1.0,0.99,0.0,0.01,0.0,0.0
3071,1.0,0.99,0.0,0.01,0.0,0.0
3072,1.0,0.99,0.0,0.01,0.0,0.0
3073,1.0,0.99,0.0,0.01,0.0,0.0
3074,1.0,1.0,0.0,0.0,0.0,0.0
3075,1.0,1.0,0.0,0.0,0.0,0.0
3076,1.0,1.0,0.0,0.0,0.0,0.0
3077,1.0,1.0,0.0,0.0,0.0,0.0
3078,1.0,1.0,0.0,0.0,0.0,0.0
3079,0.8283333333333331,1.0,0.0,0.0,0.0,0.0
3080,0.8533333333333333,1.0,0.0,0.0,0.0,0.0
3081,0.8383333333333332,1.0,0.0,0.0,0.0,0.0
3082,0.8683333333333333,1.0,0.0,0.0,0.0,0.0
3083,0.8650000000000001,1.0,0.0,0.0,0.0,0.0
3084,0.86,1.0,0.0,0.0,0.0,0.0
3085,0.8283333333333335,1.0,0.0,0.0,0.0,0.0
3086,0.8766666666666666,1.0,0.0,0.0,0.0,0.0
3087,0.8616666666666667,1.0,0.0,0.0,0.0,0.0
3088,0.8616666666666668,1.0,0.0,0.0,0.0,0.0
3089,0.99,1.0,0.0,0.0,0.0,0.0
3090,0.9966666666666667,1.0,0.0,0.0,0.0,0.0
3091,0.9966666666666667,1.0,0.0,0.0,0.0,0.0
3092,0.9966666666666667,1.0,0.0,0.0,0.0,0.0
3093,1.0,1.0,0.0,0.0,0.0,0.0
3094,1.0,1.0,0.0,0.0,0.0,0.0
3095,1.0,1.0,0.0,0.0,0.0,0.0
3096,1.0,1.0,0.0,0.0,0.0,0.0
3097,1.0,1.0,0.0,0.0,0.0,0.0
3098,1.0,1.0,0.0,0.0,0.0,0.0
3099,0.8783333333333334,1.0,0.0,0.0,0.0,0.0
3100,0.8400000000000002,1.0,0.0,0.0,0.0,0.0
3101,0.8916666666666666,1.0,0.0,0.0,0.0,0.0
3102,0.8566666666666667,1.0,0.0,0.0,0.0,0.0
3103,0.8933333333333334,1.0,0.0,0.0,0.0,0.0
3104,0.8583333333333334,1.0,0.0,0.0,0.0,0.0
3105,0.8516666666666667,1.0,0.0,0.0,0.0,0.0
3106,0.8900000000000001,1.0,0.0,0.0,0.0,0.0
3107,0.8816666666666667,1.0,0.0,0.0,0.0,0.0
3108,0.8800000000000001,0.99,0.0,0.0,0.01,0.0
3109,0.985,0.99,0.0,0.0,0.01,0.0
3110,0.9916666666666667,0.98,0.0,0.0,0.02,0.0
3111,0.995,0.99,0.0,0.0,0.01,0.0
3112,0.9966666666666666,1.0,0.0,0.0,0.0,0.0
3113,1.0,1.0,0.0,0.0,0.0,0.0
3114,1.0,1.0,0.0,0.0,0.0,0.0
3115,1.0,1.0,0.0,0.0,0.0,0.0
3116,1.0,1.0,0.0,0.0,0.0,0.0
3117,1.0,1.0,0.0,0.0,0.0,0.0
3118,1.0,1.0,0.0,0.0,0.0,0.0
3119,0.8550000000000001,1.0,0.0,0.0,0.0,0.0
3120,0.885,1.0,0.0,0.0,0.0,0.0
3121,0.8333333333333333,1.0,0.0,0.0,0.0,0.0
3122,0.8383333333333333,1.0,0.0,0.0,0.0,0.0
3123,0.8333333333333335,1.0,0.0,0.0,0.0,0.0
3124,0.875,1.0,0.0,0.0,0.0,0.0
3125,0.8533333333333334,1.0,0.0,0.0,0.0,0.0
3126,0.8500000000000001,1.0,0.0,0.0,0.0,0.0
3127,0.8866666666666667,1.0,0.0,0.0,0.0,0.0
3128,0.9,1.0,0.0,0.0,0.0,0.0
3129,1.0,1.0,0.0,0.0,0.0,0.0
3130,1.0,1.0,0.0,0.0,0.0,0.0
3131,1.0,1.0,0.0,0.0,0.0,0.0
3132,1.0,1.0,0.0,0.0,0.0,0.0
3133,1.0,1.0,0.0,0.0,0.0,0.0
3134,1.0,1.0,0.0,0.0,0.0,0.0
3135,1.0,1.0,0.0,0.0,0.0,0.0
3136,1.0,1.0,0.0,0.0,0.0,0.0
3137,0.9975235843690774,1.0,0.0,0.0,0.0,0.0
3138,0.9983333333333333,0.99,0.0,0.0,0.01,0.0
3139,0.8516666666666667,0.97,0.0,0.0,0.03,0.0
3140,0.8766666666666667,0.95,0.0,0.0,0.05,0.0
3141,0.9100000000000001,0.92,0.0,0.0,0.08,0.0
3142,0.8833333333333333,0.88,0.0,0.0,0.12,0.0
3143,0.8833333333333333,0.91,0.0,0.0,0.09,0.0
3144,0.8816666666666667,0.84,0.0,0.0,0.16,0.0
3145,0.8700000000000001,0.84,0.0,0.0,0.16,0.0
3146,0.91,0.8,0.0,0.0,0.2,0.0
3147,0.8816666666666667,0.75,0.0,0.0,0.25,0.0
3148,0.8966666666666666,0.76,0.0,0.0,0.24,0.0
3149,0.9566666666666669,0.83,0.0,0.0,0.17,0.0
3150,0.975,0.9,0.0,0.0,0.1,0.0
3151,0.98,0.91,0.0,0.0,0.09,0.0
3152,0.9766666666666667,0.92,0.0,0.0,0.08,0.0
3153,0.975,0.92,0.0,0.0,0.08,0.0
3154,0.9816666666666667,0.93,0.0,0.0,0.07,0.0
3155,0.9883333333333333,0.95,0.0,0.0,0.05,0.0
3156,0.9933333333333333,0.97,0.0,0.0,0.03,0.0
3157,0.9916666666666667,0.96,0.0,0.01,0.03,0.0
3158,0.9933333333333333,0.95,0.0,0.02,0.03,0.0
3159,0.8733333333333333,0.94,0.0,0.02,0.04,0.0
3160,0.9050000000000001,0.95,0.0,0.0,0.05,0.0
3161,0.8383333333333334,0.98,0.0,0.0,0.02,0.0
3162,0.8633333333333334,0.99,0.0,0.0,0.01,0.0
3163,0.8933333333333333,0.98,0.0,0.0,0.02,0.0
3164,0.8666666666666667,0.98,0.0,0.0,0.02,0.0
3165,0.855,0.98,0.0,0.0,0.02,0.0
3166,0.8566666666666666,0.95,0.0,0.0,0.05,0.0
3167,0.8783333333333333,0.92,0.0,0.0,0.08,0.0
3168,0.8733333333333333,0.95,0.0,0.0,0.05,0.0
3169,0.9866666666666666,0.96,0.0,0.0,0.04,0.0
3170,0.9966666666666666,0.99,0.0,0.0,0.01,0.0
3171,1.0,1.0,0.0,0.0,0.0,0.0
3172,0.9966666666666666,1.0,0.0,0.0,0.0,0.0
3173,0.9966666666666667,1.0,0.0,0.0,0.0,0.0
3174,1.0,1.0,0.0,0.0,0.0,0.0
3175,1.0,1.0,0.0,0.0,0.0,0.0
3176,1.0,1.0,0.0,0.0,0.0,0.0
3177,1.0,1.0,0.0,0.0,0.0,0.0
3178,0.9983333333333333,1.0,0.0,0.0,0.0,0.0
3179,0.8699999999999999,1.0,0.0,0.0,0.0,0.0
3180,0.8216666666666668,1.0,0.0,0.0,0.0,0.0
3181,0.86,1.0,0.0,0.0,0.0,0.0
3182,0.8166666666666665,0.99,0.0,0.01,0.0,0.0
3183,0.9066666666666667,1.0,0.0,0.0,0.0,0.0
3184,0.88,1.0,0.0,0.0,0.0,0.0
3185,0.8283333333333333,1.0,0.0,0.0,0.0,0.0
3186,0.8533333333333332,1.0,0.0,0.0,0.0,0.0
3187,0.8533333333333334,1.0,0.0,0.0,0.0,0.0
3188,0.8866666666666667,1.0,0.0,0.0,0.0,0.0
3189,1.0,1.0,0.0,0.0,0.0,0.0
3190,1.0,1.0,0.0,0.0,0.0,0.0
3191,1.0,1.0,0.0,0.0,0.0,0.0
3192,1.0,1.0,0.0,0.0,0.0,0.0
3193,1.0,1.0,0.0,0.0,0.0,0.0
3194,1.0,1.0,0.0,0.0,0.0,0.0
3195,1.0,1.0,0.0,0.0,0.0,0.0
3196,0.9966666666666667,1.0,0.0,0.0,0.0,0.0
3197,1.0,1.0,0.0,0.0,0.0,0.0
3198,1.0,1.0,0.0,0.0,0.0,0.0
3199,0.8566666666666667,1.0,0.0,0.0,0.0,0.0
3200,0.8366666666666669,1.0,0.0,0.0,0.0,0.0
3201,0.8850000000000001,1.0,0.0,0.0,0.0,0.0
3202,0.8866666666666666,1.0,0.0,0.0,0.0,0.0
3203,0.8766666666666668,1.0,0.0,0.0,0.0,0.0
3204,0.84,1.0,0.0,0.0,0.0,0.0
3205,0.87,1.0,0.0,0.0,0.0,0.0
3206,0.8383333333333333,1.0,0.0,0.0,0.0,0.0
3207,0.8599999999999999,1.0,0.0,0.0,0.0,0.0
3208,0.8433333333333333,1.0,0.0,0.0,0.0,0.0
3209,1.0,0.98,0.0,0.02,0.0,0.0
3210,1.0,0.97,0.0,0.03,0.0,0.0
3211,0.9983333333333333,0.99,0.0,0.01,0.0,0.0
3212,1.0,0.98,0.0,0.02,0.0,0.0
3213,1.0,0.99,0.0,0.01,0.0,0.0
3214,1.0,1.0,0.0,0.0,0.0,0.0
3215,1.0,1.0,0.0,0.0,0.0,0.0
3216,1.0,1.0,0.0,0.0,0.0,0.0
3217,1.0,1.0,0.0,0.0,0.0,0.0
3218,1.0,1.0,0.0,0.0,0.0,0.0
3219,0.8833333333333334,1.0,0.0,0.0,0.0,0.0
3220,0.8566666666666667,1.0,0.0,0.0,0.0,0.0
3221,0.8533333333333334,1.0,0.0,0.0,0.0,0.0
3222,0.8783333333333332,1.0,0.0,0.0,0.0,0.0
3223,0.895,1.0,0.0,0.0,0.0,0.0
3224,0.8650000000000001,1.0,0.0,0.0,0.0,0.0
3225,0.9000000000000001,1.0,0.0,0.0,0.0,0.0
3226,0.8849999999999999,1.0,0.0,0.0,0.0,0.0
3227,0.8783333333333333,1.0,0.0,0.0,0.0,0.0
3228,0.8383333333333333,1.0,0.0,0.0,0.0,0.0
3229,1.0,1.0,0.0,0.0,0.0,0.0
3230,1.0,1.0,0.0,0.0,0.0,0.0
3231,0.9966666666666667,1.0,0.0,0.0,0.0,0.0
3232,1.0,1.0,0.0,0.0,0.0,0.0
3233,1.0,1.0,0.0,0.0,0.0,0.0
3234,1.0,1.0,0.0,0.0,0.0,0.0
3235,1.0,1.0,0.0,0.0,0.0,0.0
3236,1.0,1.0,0.0,0.0,0.0,0.0
3237,1.0,1.0,0.0,0.0,0.0,0.0
3238,1.0,1.0,0.0,0.0,0.0,0.0
3239,0.905,1.0,0.0,0.0,0.0,0.0
3240,0.8866666666666667,1.0,0.0,0.0,0.0,0.0
3241,0.8983333333333333,1.0,0.0,0.0,0.0,0.0
3242,0.85,1.0,0.0,0.0,0.0,0.0
3243,0.8983333333333334,1.0,0.0,0.0,0.0,0.0
3244,0.8216666666666665,1.0,0.0,0.0,0.0,0.0
3245,0.8866666666666667,1.0,0.0,0.0,0.0,0.0
3246,0.875,1.0,0.0,0.0,0.0,0.0
3247,0.8733333333333333,1.0,0.0,0.0,0.0,0.0
3248,0.8433333333333333,1.0,0.0,0.0,0.0,0.0
3249,1.0,1.0,0.0,0.0,0.0,0.0
3250,1.0,1.0,0.0,0.0,0.0,0.0
3251,0.9966666666666667,1.0,0.0,0.0,0.0,0.0
3252,1.0,1.0,0.0,0.0,0.0,0.0
3253,1.0,1.0,0.0,0.0,0.0,0.0
3254,1.0,1.0,0.0,0.0,0.0,0.0
3255,1.0,1.0,0.0,0.0,0.0,0.0
3256,0.9983333333333333,1.0,0.0,0.0,0.0,0.0
3257,0.9983333333333333,1.0,0.0,0.0,0.0,0.0
3258,1.0,1.0,0.0,0.0,0.0,0.0
3259,0.8666666666666668,1.0,0.0,0.0,0.0,0.0
3260,0.8799999999999999,1.0,0.0,0.0,0.0,0.0
3261,0.8566666666666665,1.0,0.0,0.0,0.0,0.0
3262,0.8850000000000001,1.0,0.0,0.0,0.0,0.0
3263,0.8733333333333334,1.0,0.0,0.0,0.0,0.0
3264,0.8800000000000001,1.0,0.0,0.0,0.0,0.0
3265,0.885,1.0,0.0,0.0,0.0,0.0
3266,0.8533333333333333,1.0,0.0,0.0,0.0,0.0
3267,0.8983333333333333,1.0,0.0,0.0,0.0,0.0
3268,0.8466666666666667,1.0,0.0,0.0,0.0,0.0
3269,0.9966666666666667,0.99,0.0,0.0,0.01,0.0
3270,1.0,1.0,0.0,0.0,0.0,0.0
3271,1.0,1.0,0.0,0.0,0.0,0.0
3272,1.0,1.0,0.0,0.0,0.0,0.0
3273,1.0,0.99,0.0,0.01,0.0,0.0
3274,1.0,0.97,0.0,0.03,0.0,0.0
3275,1.0,0.97,0.0,0.03,0.0,0.0
3276,1.0,0.96,0.0,0.04,0.0,0.0
3277,1.0,0.95,0.0,0.05,0.0,0.0
3278,1.0,0.95,0.0,0.05,0.0,0.0
3279,0.8600000000000001,0.92,0.0,0.08,0.0,0.0
3280,0.895,0.95,0.0,0.05,0.0,0.0
3281,0.8949999999999999,0.97,0.0,0.03,0.0,0.0
3282,0.8866666666666667,0.99,0.0,0.01,0.0,0.0
3283,0.8983333333333334,0.99,0.0,0.01,0.0,0.0
3284,0.8699999999999999,1.0,0.0,0.0,0.0,0.0
3285,0.9116666666666667,1.0,0.0,0.0,0.0,0.0
3286,0.8549999999999999,0.99,0.0,0.0,0.01,0.0
3287,0.8666666666666666,1.0,0.0,0.0,0.0,0.0
3288,0.8716666666666667,1.0,0.0,0.0,0.0,0.0
3289,1.0,1.0,0.0,0.0,0.0,0.0
3290,1.0,1.0,0.0,0.0,0.0,0.0
3291,1.0,0.99,0.0,0.01,0.0,0.0
3292,1.0,1.0,0.0,0.0,0.0,0.0
3293,1.0,1.0,0.0,0.0,0.0,0.0
3294,1.0,1.0,0.0,0.0,0.0,0.0
3295,1.0,1.0,0.0,0.0,0.0,0.0
3296,1.0,1.0,0.0,0.0,0.0,0.0
3297,1.0,0.99,0.0,0.01,0.0,0.0
3298,1.0,0.99,0.0,0.01,0.0,0.0
3299,0.8966666666666667,0.99,0.0,0.01,0.0,0.0
3300,0.895,1.0,0.0,0.0,0.0,0.0
3301,0.89,0.99,0.0,0.0,0.01,0.0
3302,0.8733333333333334,1.0,0.0,0.0,0.0,0.0
3303,0.885,1.0,0.0,0.0,0.0,0.0
3304,0.8533333333333333,1.0,0.0,0.0,0.0,0.0
3305,0.8733333333333334,1.0,0.0,0.0,0.0,0.0
3306,0.8783333333333333,1.0,0.0,0.0,0.0,0.0
3307,0.855,1.0,0.0,0.0,0.0,0.0
3308,0.8783333333333334,1.0,0.0,0.0,0.0,0.0
3309,1.0,1.0,0.0,0.0,0.0,0.0
3310,1.0,1.0,0.0,0.0,0.0,0.0
3311,1.0,1.0,0.0,0.0,0.0,0.0
3312,1.0,1.0,0.0,0.0,0.0,0.0
3313,0.9966666666666667,0.99,0.0,0.01,0.0,0.0
3314,1.0,0.99,0.0,0.01,0.0,0.0
3315,1.0,0.99,0.0,0.01,0.0,0.0
3316,0.9933333333333333,0.99,0.0,0.01,0.0,0.0
3317,1.0,1.0,0.0,0.0,0.0,0.0
3318,1.0,1.0,0.0,0.0,0.0,0.0
3319,0.8800000000000001,1.0,0.0,0.0,0.0,0.0
3320,0.8866666666666667,1.0,0.0,0.0,0.0,0.0
3321,0.8216666666666665,1.0,0.0,0.0,0.0,0.0
3322,0.8183333333333332,1.0,0.0,0.0,0.0,0.0
3323,0.8716666666666667,1.0,0.0,0.0,0.0,0.0
3324,0.8399999999999999,1.0,0.0,0.0,0.0,0.0
3325,0.8733333333333333,1.0,0.0,0.0,0.0,0.0
3326,0.8833333333333333,1.0,0.0,0.0,0.0,0.0
3327,0.905,1.0,0.0,0.0,0.0,0.0
3328,0.8783333333333333,1.0,0.0,0.0,0.0,0.0
3329,1.0,1.0,0.0,0.0,0.0,0.0
3330,1.0,1.0,0.0,0.0,0.0,0.0
3331,1.0,0.99,0.0,0.01,0.0,0.0
3332,1.0,1.0,0.0,0.0,0.0,0.0
3333,0.9983333333333334,1.0,0.0,0.0,0.0,0.0
3334,1.0,1.0,0.0,0.0,0.0,0.0
3335,1.0,1.0,0.0,0.0,0.0,0.0
3336,1.0,1.0,0.0,0.0,0.0,0.0
3337,1.0,1.0,0.0,0.0,0.0,0.0
3338,0.9966666666666666,1.0,0.0,0.0,0.0,0.0
3339,0.8633333333333333,1.0,0.0,0.0,0.0,0.0
3340,0.885,0.99,0.0,0.0,0.01,0.0
3341,0.8616666666666666,0.99,0.0,0.0,0.01,0.0
3342,0.8783333333333334,1.0,0.0,0.0,0.0,0.0
3343,0.8499999999999999,1.0,0.0,0.0,0.0,0.0
3344,0.8966666666666667,1.0,0.0,0.0,0.0,0.0
3345,0.8483333333333333,1.0,0.0,0.0,0.0,0.0
3346,0.8750000000000001,1.0,0.0,0.0,0.0,0.0
3347,0.8816666666666666,1.0,0.0,0.0,0.0,0.0
3348,0.8633333333333333,1.0,0.0,0.0,0.0,0.0
3349,0.9983333333333333,0.99,0.0,0.0,0.01,0.0
3350,1.0,1.0,0.0,0.0,0.0,0.0
3351,1.0,1.0,0.0,0.0,0.0,0.0
3352,1.0,1.0,0.0,0.0,0.0,0.0
3353,1.0,1.0,0.0,0.0,0.0,0.0
3354,1.0,1.0,0.0,0.0,0.0,0.0
3355,1.0,1.0,0.0,0.0,0.0,0.0
3356,1.0,1.0,0.0,0.0,0.0,0.0
3357,1.0,1.0,0.0,0.0,0.0,0.0
3358,1.0,1.0,0.0,0.0,0.0,0.0
3359,0.8649999999999999,1.0,0.0,0.0,0.0,0.0
3360,0.9100000000000001,1.0,0.0,0.0,0.0,0.0
3361,0.8716666666666667,1.0,0.0,0.0,0.0,0.0
3362,0.83,1.0,0.0,0.0,0.0,0.0
3363,0.8600000000000001,1.0,0.0,0.0,0.0,0.0
3364,0.8683333333333333,1.0,0.0,0.0,0.0,0.0
3365,0.8916666666666667,1.0,0.0,0.0,0.0,0.0
3366,0.875,1.0,0.0,0.0,0.0,0.0
3367,0.8683333333333334,1.0,0.0,0.0,0.0,0.0
3368,0.8783333333333333,1.0,0.0,0.0,0.0,0.0
3369,1.0,1.0,0.0,0.0,0.0,0.0
3370,1.0,0.99,0.0,0.01,0.0,0.0
3371,1.0,0.99,0.0,0.01,0.0,0.0
3372,1.0,0.97,0.0,0.03,0.0,0.0
3373,1.0,0.94,0.0,0.06,0.0,0.0
3374,1.0,0.92,0.0,0.08,0.0,0.0
3375,1.0,0.92,0.0,0.08,0.0,0.0
3376,1.0,0.94,0.0,0.06,0.0,0.0
3377,0.9953325506929985,0.97,0.0,0.03,0.0,0.0
3378,0.9976662753464993,0.97,0.0,0.03,0.0,0.0
3379,0.8283333333333333,0.99,0.0,0.01,0.0,0.0
3380,0.8799999999999999,1.0,0.0,0.0,0.0,0.0
3381,0.8566666666666666,1.0,0.0,0.0,0.0,0.0
3382,0.8466666666666667,1.0,0.0,0.0,0.0,0.0
3383,0.8583333333333333,1.0,0.0,0.0,0.0,0.0
3384,0.8716666666666667,1.0,0.0,0.0,0.0,0.0
3385,0.8616666666666666,1.0,0.0,0.0,0.0,0.0
3386,0.8616666666666667,1.0,0.0,0.0,0.0,0.0
3387,0.8550000000000001,1.0,0.0,0.0,0.0,0.0
3388,0.8849999999999999,0.99,0.0,0.01,0.0,0.0
3389,0.9966666666666667,0.99,0.0,0.0,0.01,0.0
3390,0.9966666666666666,0.99,0.0,0.0,0.01,0.0
3391,1.0,1.0,0.0,0.0,0.0,0.0
3392,1.0,1.0,0.0,0.0,0.0,0.0
3393,1.0,1.0,0.0,0.0,0.0,0.0
3394,1.0,1.0,0.0,0.0,0.0,0.0
3395,1.0,1.0,0.0,0.0,0.0,0.0
3396,1.0,1.0,0.0,0.0,0.0,0.0
3397,1.0,1.0,0.0,0.0,0.0,0.0
3398,1.0,1.0,0.0,0.0,0.0,0.0
3399,0.8599999999999999,1.0,0.0,0.0,0.0,0.0
3400,0.86,1.0,0.0,0.0,0.0,0.0
3401,0.875,0.99,0.0,0.01,0.0,0.0
3402,0.8916666666666668,0.99,0.0,0.01,0.0,0.0
3403,0.8816666666666667,0.99,0.0,0.01,0.0,0.0
3404,0.9083333333333333,1.0,0.0,0.0,0.0,0.0
3405,0.8766666666666668,1.0,0.0,0.0,0.0,0.0
3406,0.8866666666666666,1.0,0.0,0.0,0.0,0.0
3407,0.8783333333333334,1.0,0.0,0.0,0.0,0.0
3408,0.8716666666666667,1.0,0.0,0.0,0.0,0.0
3409,1.0,1.0,0.0,0.0,0.0,0.0
3410,1.0,1.0,0.0,0.0,0.0,0.0
3411,1.0,1.0,0.0,0.0,0.0,0.0
3412,0.9966666666666667,1.0,0.0,0.0,0.0,0.0
3413,1.0,1.0,0.0,0.0,0.0,0.0
3414,0.9983333333333333,1.0,0.0,0.0,0.0,0.0
3415,1.0,1.0,0.0,0.0,0.0,0.0
3416,1.0,1.0,0.0,0.0,0.0,0.0
3417,1.0,1.0,0.0,0.0,0.0,0.0
3418,1.0,1.0,0.0,0.0,0.0,0.0
3419,0.8683333333333332,0.99,0.0,0.01,0.0,0.0
3420,0.9133333333333334,1.0,0.0,0.0,0.0,0.0
3421,0.85,1.0,0.0,0.0,0.0,0.0
3422,0.8466503204454086,1.0,0.0,0.0,0.0,0.0
3423,0.8866176280028922,1.0,0.0,0.0,0.0,0.0
3424,0.8932679484483006,1.0,0.0,0.0,0.0,0.0
3425,0.8982679484483007,1.0,0.0,0.0,0.0,0.0
3426,0.8966176280028919,0.99,0.0,0.01,0.0,0.0
3427,0.901601281781634,0.99,0.0,0.01,0.0,0.0
3428,0.8716339742241501,1.0,0.0,0.0,0.0,0.0
3429,1.0,1.0,0.0,0.0,0.0,0.0
3430,1.0,1.0,0.0,0.0,0.0,0.0
3431,1.0,1.0,0.0,0.0,0.0,0.0
3432,0.9966666666666666,1.0,0.0,0.0,0.0,0.0
3433,1.0,1.0,0.0,0.0,0.0,0.0
3434,0.9900000000000001,1.0,0.0,0.0,0.0,0.0
3435,0.9966666666666666,0.99,0.0,0.01,0.0,0.0
3436,0.9983333333333334,1.0,0.0,0.0,0.0,0.0
3437,1.0,1.0,0.0,0.0,0.0,0.0
3438,1.0,1.0,0.0,0.0,0.0,0.0
3439,0.8516666666666666,0.99,0.0,0.0,0.01,0.0
3440,0.8566666666666666,1.0,0.0,0.0,0.0,0.0
3441,0.8699999999999999,1.0,0.0,0.0,0.0,0.0
3442,0.9,1.0,0.0,0.0,0.0,0.0
3443,0.8866666666666664,1.0,0.0,0.0,0.0,0.0
3444,0.8733333333333333,1.0,0.0,0.0,0.0,0.0
3445,0.8966666666666667,1.0,0.0,0.0,0.0,0.0
3446,0.8683333333333334,1.0,0.0,0.0,0.0,0.0
3447,0.8816666666666667,1.0,0.0,0.0,0.0,0.0
3448,0.9066666666666664,1.0,0.0,0.0,0.0,0.0
3449,0.9966666666666667,0.99,0.0,0.0,0.01,0.0
3450,1.0,1.0,0.0,0.0,0.0,0.0
3451,1.0,1.0,0.0,0.0,0.0,0.0
3452,1.0,1.0,0.0,0.0,0.0,0.0
3453,1.0,1.0,0.0,0.0,0.0,0.0
3454,0.9966666666666667,1.0,0.0,0.0,0.0,0.0
3455,1.0,1.0,0.0,0.0,0.0,0.0
3456,1.0,1.0,0.0,0.0,0.0,0.0
3457,0.9960037186490497,0.99,0.0,0.0,0.01,0.0
3458,0.9976703853157164,0.99,0.0,0.0,0.01,0.0
3459,0.8516666666666667,0.99,0.0,0.0,0.01,0.0
3460,0.91,0.98,0.0,0.0,0.02,0.0
3461,0.8833333333333333,0.98,0.0,0.0,0.02,0.0
3462,0.87,0.96,0.0,0.01,0.03,0.0
3463,0.8466666666666669,0.98,0.0,0.0,0.02,0.0
3464,0.885,1.0,0.0,0.0,0.0,0.0
3465,0.8766666666666667,1.0,0.0,0.0,0.0,0.0
3466,0.8666666666666667,1.0,0.0,0.0,0.0,0.0
3467,0.86,1.0,0.0,0.0,0.0,0.0
3468,0.8850000000000001,1.0,0.0,0.0,0.0,0.0
3469,1.0,1.0,0.0,0.0,0.0,0.0
3470,1.0,1.0,0.0,0.0,0.0,0.0
3471,1.0,1.0,0.0,0.0,0.0,0.0
3472,1.0,1.0,0.0,0.0,0.0,0.0
3473,1.0,1.0,0.0,0.0,0.0,0.0
3474,1.0,1.0,0.0,0.0,0.0,0.0
3475,1.0,1.0,0.0,0.0,0.0,0.0
3476,1.0,1.0,0.0,0.0,0.0,0.0
3477,1.0,1.0,0.0,0.0,0.0,0.0
3478,1.0,1.0,0.0,0.0,0.0,0.0
3479,0.8533333333333334,1.0,0.0,0.0,0.0,0.0
3480,0.8633333333333334,1.0,0.0,0.0,0.0,0.0
3481,0.9116666666666668,1.0,0.0,0.0,0.0,0.0
3482,0.845,1.0,0.0,0.0,0.0,0.0
3483,0.8833333333333335,1.0,0.0,0.0,0.0,0.0
3484,0.8666666666666667,1.0,0.0,0.0,0.0,0.0
3485,0.8716666666666666,1.0,0.0,0.0,0.0,0.0
3486,0.9049999999999998,1.0,0.0,0.0,0.0,0.0
3487,0.8516666666666667,1.0,0.0,0.0,0.0,0.0
3488,0.87,1.0,0.0,0.0,0.0,0.0
3489,1.0,1.0,0.0,0.0,0.0,0.0
3490,1.0,1.0,0.0,0.0,0.0,0.0
3491,1.0,1.0,0.0,0.0,0.0,0.0
3492,1.0,1.0,0.0,0.0,0.0,0.0
3493,1.0,1.0,0.0,0.0,0.0,0.0
3494,1.0,1.0,0.0,0.0,0.0,0.0
3495,1.0,1.0,0.0,0.0,0.0,0.0
3496,1.0,1.0,0.0,0.0,0.0,0.0
3497,1.0,0.99,0.0,0.01,0.0,0.0
3498,1.0,0.98,0.0,0.02,0.0,0.0
3499,0.89,1.0,0.0,0.0,0.0,0.0
3500,0.8500000000000001,1.0,0.0,0.0,0.0,0.0
3501,0.8933333333333331,1.0,0.0,0.0,0.0,0.0
3502,0.8400000000000002,1.0,0.0,0.0,0.0,0.0
3503,0.8800000000000001,1.0,0.0,0.0,0.0,0.0
3504,0.8516666666666667,1.0,0.0,0.0,0.0,0.0
3505,0.8733333333333332,1.0,0.0,0.0,0.0,0.0
3506,0.8766666666666666,1.0,0.0,0.0,0.0,0.0
3507,0.855,1.0,0.0,0.0,0.0,0.0
3508,0.8571590797158367,0.99,0.0,0.0,0.01,0.0
3509,0.9966666666666666,0.99,0.0,0.0,0.01,0.0
3510,0.9983333333333334,1.0,0.0,0.0,0.0,0.0
3511,1.0,1.0,0.0,0.0,0.0,0.0
3512,1.0,1.0,0.0,0.0,0.0,0.0
3513,1.0,1.0,0.0,0.0,0.0,0.0
3514,1.0,1.0,0.0,0.0,0.0,0.0
3515,0.9966666666666667,1.0,0.0,0.0,0.0,0.0
3516,1.0,1.0,0.0,0.0,0.0,0.0
3517,1.0,1.0,0.0,0.0,0.0,0.0
3518,1.0,1.0,0.0,0.0,0.0,0.0
3519,0.8916666666666666,1.0,0.0,0.0,0.0,0.0
3520,0.8666666666666667,1.0,0.0,0.0,0.0,0.0
3521,0.8700000000000001,0.99,0.0,0.0,0.01,0.0
3522,0.8666666666666667,0.98,0.0,0.0,0.02,0.0
3523,0.9016666666666667,0.96,0.0,0.0,0.04,0.0
3524,0.8792371238239087,0.93,0.0,0.0,0.07,0.0
3525,0.87,0.91,0.0,0.0,0.09,0.0
3526,0.9059037904905755,0.88,0.0,0.0,0.12,0.0
3527,0.8992371238239089,0.84,0.0,0.0,0.16,0.0
3528,0.9009037904905758,0.8,0.0,0.0,0.2,0.0
3529,0.9350000000000002,0.76,0.0,0.0,0.24,0.0
3530,0.95,0.81,0.0,0.0,0.19,0.0
3531,0.9633333333333334,0.86,0.0,0.01,0.13,0.0
3532,0.9716666666666667,0.88,0.0,0.01,0.11,0.0
3533,0.97,0.88,0.0,0.01,0.11,0.0
3534,0.9766666666666667,0.9,0.0,0.01,0.09,0.0
3535,0.9883333333333333,0.96,0.0,0.0,0.04,0.0
3536,0.9916666666666666,0.97,0.0,0.0,0.03,0.0
3537,0.9966666666666667,0.99,0.0,0.0,0.01,0.0
3538,1.0,1.0,0.0,0.0,0.0,0.0
3539,0.905,1.0,0.0,0.0,0.0,0.0
3540,0.8683333333333333,1.0,0.0,0.0,0.0,0.0
3541,0.8966666666666667,1.0,0.0,0.0,0.0,0.0
3542,0.83,1.0,0.0,0.0,0.0,0.0
3543,0.8750000000000001,0.99,0.0,0.01,0.0,0.0
3544,0.8655620537261605,0.98,0.0,0.02,0.0,0.0
3545,0.8616666666666668,0.98,0.0,0.02,0.0,0.0
3546,0.875,1.0,0.0,0.0,0.0,0.0
3547,0.8900000000000001,1.0,0.0,0.0,0.0,0.0
3548,0.8799999999999999,0.99,0.0,0.01,0.0,0.0
3549,0.9983333333333334,0.99,0.0,0.01,0.0,0.0
3550,1.0,1.0,0.0,0.0,0.0,0.0
3551,1.0,1.0,0.0,0.0,0.0,0.0
3552,1.0,1.0,0.0,0.0,0.0,0.0
3553,1.0,1.0,0.0,0.0,0.0,0.0
3554,1.0,1.0,0.0,0.0,0.0,0.0
3555,1.0,1.0,0.0,0.0,0.0,0.0
3556,1.0,1.0,0.0,0.0,0.0,0.0
3557,1.0,1.0,0.0,0.0,0.0,0.0
3558,0.9983333333333334,1.0,0.0,0.0,0.0,0.0
3559,0.8933333333333333,1.0,0.0,0.0,0.0,0.0
3560,0.8666666666666666,1.0,0.0,0.0,0.0,0.0
3561,0.8900000000000001,1.0,0.0,0.0,0.0,0.0
3562,0.87,1.0,0.0,0.0,0.0,0.0
3563,0.86,1.0,0.0,0.0,0.0,0.0
3564,0.8683333333333334,1.0,0.0,0.0,0.0,0.0
3565,0.855,1.0,0.0,0.0,0.0,0.0
3566,0.8799999999999999,1.0,0.0,0.0,0.0,0.0
3567,0.8483333333333332,1.0,0.0,0.0,0.0,0.0
3568,0.8566666666666669,1.0,0.0,0.0,0.0,0.0
3569,1.0,1.0,0.0,0.0,0.0,0.0
3570,1.0,1.0,0.0,0.0,0.0,0.0
3571,1.0,1.0,0.0,0.0,0.0,0.0
3572,1.0,1.0,0.0,0.0,0.0,0.0
3573,1.0,1.0,0.0,0.0,0.0,0.0
3574,1.0,1.0,0.0,0.0,0.0,0.0
3575,0.9966666666666667,0.99,0.0,0.0,0.01,0.0
3576,1.0,1.0,0.0,0.0,0.0,0.0
3577,1.0,1.0,0.0,0.0,0.0,0.0
3578,1.0,1.0,0.0,0.0,0.0,0.0
3579,0.8566666666666667,1.0,0.0,0.0,0.0,0.0
3580,0.8616666666666666,1.0,0.0,0.0,0.0,0.0
3581,0.8833333333333333,1.0,0.0,0.0,0.0,0.0
3582,0.8699999999999999,1.0,0.0,0.0,0.0,0.0
3583,0.8716666666666666,1.0,0.0,0.0,0.0,0.0
3584,0.9016666666666667,1.0,0.0,0.0,0.0,0.0
3585,0.865,1.0,0.0,0.0,0.0,0.0
3586,0.8533333333333333,1.0,0.0,0.0,0.0,0.0
3587,0.8433333333333333,1.0,0.0,0.0,0.0,0.0
3588,0.8983333333333331,1.0,0.0,0.0,0.0,0.0
3589,1.0,1.0,0.0,0.0,0.0,0.0
3590,0.9966666666666666,0.99,0.0,0.0,0.01,0.0
3591,0.9966666666666667,0.99,0.0,0.0,0.01,0.0
3592,0.9933333333333333,0.97,0.0,0.01,0.02,0.0
3593,0.9966666666666667,0.97,0.0,0.02,0.01,0.0
3594,0.9966666666666666,0.95,0.0,0.04,0.01,0.0
3595,0.9933333333333333,0.98,0.0,0.01,0.01,0.0
3596,0.9966666666666667,0.98,0.0,0.01,0.01,0.0
3597,1.0,0.98,0.0,0.02,0.0,0.0
3598,1.0,1.0,0.0,0.0,0.0,0.0
3599,0.8616666666666666,1.0,0.0,0.0,0.0,0.0
3600,0.8433333333333333,0.99,0.0,0.01,0.0,0.0
3601,0.8483333333333334,1.0,0.0,0.0,0.0,0.0
3602,0.8799999999999999,0.99,0.0,0.01,0.0,0.0
3603,0.8953697953402814,0.99,0.0,0.01,0.0,0.0
3604,0.8766666666666667,0.99,0.0,0.01,0.0,0.0
3605,0.86,1.0,0.0,0.0,0.0,0.0
3606,0.8566666666666667,1.0,0.0,0.0,0.0,0.0
3607,0.8716666666666668,1.0,0.0,0.0,0.0,0.0
3608,0.88,1.0,0.0,0.0,0.0,0.0
3609,0.9983333333333333,0.99,0.0,0.0,0.01,0.0
3610,1.0,1.0,0.0,0.0,0.0,0.0
3611,1.0,1.0,0.0,0.0,0.0,0.0
3612,1.0,1.0,0.0,0.0,0.0,0.0
3613,0.9966666666666666,0.99,0.0,0.01,0.0,0.0
3614,1.0,1.0,0.0,0.0,0.0,0.0
3615,0.9966666666666666,0.99,0.0,0.0,0.01,0.0
3616,1.0,1.0,0.0,0.0,0.0,0.0
3617,1.0,1.0,0.0,0.0,0.0,0.0
3618,1.0,1.0,0.0,0.0,0.0,0.0
3619,0.8750000000000001,0.99,0.0,0.01,0.0,0.0
3620,0.8899999999999999,0.98,0.0,0.02,0.0,0.0
3621,0.845,0.99,0.0,0.01,0.0,0.0
3622,0.8800000000000001,1.0,0.0,0.0,0.0,0.0
3623,0.8566666666666666,1.0,0.0,0.0,0.0,0.0
3624,0.8699999999999999,1.0,0.0,0.0,0.0,0.0
3625,0.8666666666666666,1.0,0.0,0.0,0.0,0.0
3626,0.8733333333333333,1.0,0.0,0.0,0.0,0.0
3627,0.8466666666666667,1.0,0.0,0.0,0.0,0.0
3628,0.8833333333333334,1.0,0.0,0.0,0.0,0.0
3629,1.0,1.0,0.0,0.0,0.0,0.0
3630,1.0,1.0,0.0,0.0,0.0,0.0
3631,1.0,1.0,0.0,0.0,0.0,0.0
3632,1.0,1.0,0.0,0.0,0.0,0.0
3633,1.0,1.0,0.0,0.0,0.0,0.0
3634,1.0,1.0,0.0,0.0,0.0,0.0
3635,1.0,1.0,0.0,0.0,0.0,0.0
3636,1.0,1.0,0.0,0.0,0.0,0.0
3637,1.0,1.0,0.0,0.0,0.0,0.0
3638,1.0,1.0,0.0,0.0,0.0,0.0
3639,0.8900000000000001,1.0,0.0,0.0,0.0,0.0
3640,0.8766666666666666,1.0,0.0,0.0,0.0,0.0
3641,0.8333582326766199,0.99,0.0,0.0,0.01,0.0
3642,0.8600248993432865,0.97,0.0,0.0,0.03,0.0
3643,0.89,0.97,0.0,0.0,0.03,0.0
3644,0.825,0.98,0.0,0.0,0.02,0.0
3645,0.885,0.98,0.0,0.0,0.02,0.0
3646,0.8718526251907162,0.97,0.0,0.0,0.03,0.0
3647,0.90835823267662,0.95,0.0,0.0,0.05,0.0
3648,0.8633333333333333,0.89,0.0,0.0,0.11,0.0
3649,0.9733333333333333,0.89,0.0,0.0,0.11,0.0
3650,0.9816666666666667,0.93,0.0,0.0,0.07,0.0
3651,0.9816666666666667,0.92,0.0,0.0,0.08,0.0
3652,0.9816666666666666,0.92,0.0,0.0,0.08,0.0
3653,0.9900000000000001,0.95,0.0,0.0,0.05,0.0
3654,0.9866666666666666,0.94,0.0,0.0,0.06,0.0
3655,0.9933333333333333,0.97,0.0,0.0,0.03,0.0
3656,0.9933333333333333,0.97,0.0,0.0,0.03,0.0
3657,0.9916666666666666,0.96,0.0,0.0,0.04,0.0
3658,0.9916666666666667,0.95,0.0,0.0,0.05,0.0
3659,0.8533333333333333,0.95,0.0,0.0,0.05,0.0
3660,0.8666666666666667,0.96,0.0,0.0,0.04,0.0
3661,0.8550000000000001,0.95,0.0,0.01,0.04,0.0
3662,0.8883333333333333,0.89,0.0,0.01,0.1,0.0
3663,0.8949999999999999,0.94,0.0,0.0,0.06,0.0
3664,0.8966666666666666,0.94,0.0,0.01,0.05,0.0
3665,0.8899999999999999,0.95,0.0,0.0,0.05,0.0
3666,0.8883333333333333,0.94,0.0,0.0,0.06,0.0
3667,0.9050000000000002,0.9,0.0,0.0,0.1,0.0
3668,0.88,0.91,0.0,0.01,0.08,0.0
3669,0.9866666666666666,0.92,0.0,0.0,0.08,0.0
3670,0.9916666666666667,0.95,0.0,0.0,0.05,0.0
3671,0.9983333333333333,0.99,0.0,0.0,0.01,0.0
3672,1.0,1.0,0.0,0.0,0.0,0.0
3673,1.0,1.0,0.0,0.0,0.0,0.0
3674,0.9983333333333333,1.0,0.0,0.0,0.0,0.0
3675,1.0,1.0,0.0,0.0,0.0,0.0
3676,1.0,1.0,0.0,0.0,0.0,0.0
3677,1.0,1.0,0.0,0.0,0.0,0.0
3678,1.0,1.0,0.0,0.0,0.0,0.0
3679,0.8600000000000001,1.0,0.0,0.0,0.0,0.0
3680,0.9066666666666666,1.0,0.0,0.0,0.0,0.0
3681,0.8866666666666668,1.0,0.0,0.0,0.0,0.0
3682,0.8683333333333334,1.0,0.0,0.0,0.0,0.0
3683,0.8699999999999999,1.0,0.0,0.0,0.0,0.0
3684,0.8733333333333334,1.0,0.0,0.0,0.0,0.0
3685,0.8916666666666667,1.0,0.0,0.0,0.0,0.0
3686,0.8733333333333332,1.0,0.0,0.0,0.0,0.0
3687,0.8733333333333334,1.0,0.0,0.0,0.0,0.0
3688,0.8683333333333333,1.0,0.0,0.0,0.0,0.0
3689,0.99,1.0,0.0,0.0,0.0,0.0
3690,0.995,1.0,0.0,0.0,0.0,0.0
3691,0.9966666666666666,1.0,0.0,0.0,0.0,0.0
3692,0.9966666666666667,1.0,0.0,0.0,0.0,0.0
3693,1.0,1.0,0.0,0.0,0.0,0.0
3694,0.9966666666666666,1.0,0.0,0.0,0.0,0.0
3695,1.0,1.0,0.0,0.0,0.0,0.0
3696,0.9963610433787796,1.0,0.0,0.0,0.0,0.0
3697,1.0,1.0,0.0,0.0,0.0,0.0
3698,0.9983333333333334,1.0,0.0,0.0,0.0,0.0
3699,0.87,1.0,0.0,0.0,0.0,0.0
3700,0.8833333333333334,1.0,0.0,0.0,0.0,0.0
3701,0.86,1.0,0.0,0.0,0.0,0.0
3702,0.8516666666666667,1.0,0.0,0.0,0.0,0.0
3703,0.815,1.0,0.0,0.0,0.0,0.0
3704,0.8616666666666667,1.0,0.0,0.0,0.0,0.0
3705,0.8883333333333333,1.0,0.0,0.0,0.0,0.0
3706,0.8666666666666667,1.0,0.0,0.0,0.0,0.0
3707,0.9033333333333333,1.0,0.0,0.0,0.0,0.0
3708,0.9050000000000001,1.0,0.0,0.0,0.0,0.0
3709,0.9983333333333333,1.0,0.0,0.0,0.0,0.0
3710,1.0,0.99,0.0,0.01,0.0,0.0
3711,1.0,0.98,0.0,0.02,0.0,0.0
3712,1.0,0.96,0.0,0.04,0.0,0.0
3713,0.9983333333333334,0.92,0.0,0.08,0.0,0.0
3714,1.0,0.96,0.0,0.04,0.0,0.0
3715,0.9983333333333333,0.98,0.0,0.02,0.0,0.0
3716,1.0,0.99,0.0,0.01,0.0,0.0
3717,1.0,0.97,0.0,0.03,0.0,0.0
3718,1.0,0.98,0.0,0.02,0.0,0.0
3719,0.8900000000000001,0.99,0.0,0.01,0.0,0.0
3720,0.8533333333333334,1.0,0.0,0.0,0.0,0.0
3721,0.855,1.0,0.0,0.0,0.0,0.0
3722,0.9133333333333333,1.0,0.0,0.0,0.0,0.0
3723,0.8666666666666667,1.0,0.0,0.0,0.0,0.0
3724,0.8866666666666666,1.0,0.0,0.0,0.0,0.0
3725,0.8883333333333333,1.0,0.0,0.0,0.0,0.0
3726,0.8733333333333333,1.0,0.0,0.0,0.0,0.0
3727,0.87,1.0,0.0,0.0,0.0,0.0
3728,0.8866666666666668,1.0,0.0,0.0,0.0,0.0
3729,1.0,1.0,0.0,0.0,0.0,0.0
3730,0.9966666666666666,1.0,0.0,0.0,0.0,0.0
3731,1.0,1.0,0.0,0.0,0.0,0.0
3732,0.9966666666666666,1.0,0.0,0.0,0.0,0.0
3733,1.0,1.0,0.0,0.0,0.0,0.0
3734,1.0,1.0,0.0,0.0,0.0,0.0
3735,1.0,1.0,0.0,0.0,0.0,0.0
3736,1.0,1.0,0.0,0.0,0.0,0.0
3737,1.0,1.0,0.0,0.0,0.0,0.0
3738,1.0,1.0,0.0,0.0,0.0,0.0
3739,0.8850000000000002,1.0,0.0,0.0,0.0,0.0
3740,0.8533333333333334,1.0,0.0,0.0,0.0,0.0
3741,0.905,1.0,0.0,0.0,0.0,0.0
3742,0.8866666666666667,1.0,0.0,0.0,0.0,0.0
3743,0.885,1.0,0.0,0.0,0.0,0.0
3744,0.785,1.0,0.0,0.0,0.0,0.0
3745,0.9083333333333333,1.0,0.0,0.0,0.0,0.0
3746,0.87,0.99,0.0,0.01,0.0,0.0
3747,0.8399999999999997,1.0,0.0,0.0,0.0,0.0
3748,0.8716666666666667,1.0,0.0,0.0,0.0,0.0
3749,1.0,1.0,0.0,0.0,0.0,0.0
3750,1.0,1.0,0.0,0.0,0.0,0.0
3751,1.0,1.0,0.0,0.0,0.0,0.0
3752,0.9966666666666667,1.0,0.0,0.0,0.0,0.0
3753,0.9966666666666667,1.0,0.0,0.0,0.0,0.0
3754,1.0,1.0,0.0,0.0,0.0,0.0
3755,0.9933333333333333,0.99,0.0,0.0,0.01,0.0
3756,1.0,1.0,0.0,0.0,0.0,0.0
3757,1.0,1.0,0.0,0.0,0.0,0.0
3758,1.0,1.0,0.0,0.0,0.0,0.0
3759,0.8716666666666667,1.0,0.0,0.0,0.0,0.0
3760,0.8983333333333333,1.0,0.0,0.0,0.0,0.0
3761,0.8683333333333334,1.0,0.0,0.0,0.0,0.0
3762,0.8966666666666667,1.0,0.0,0.0,0.0,0.0
3763,0.8583333333333333,1.0,0.0,0.0,0.0,0.0
3764,0.8349999999999999,0.99,0.0,0.01,0.0,0.0
3765,0.8583333333333333,0.99,0.0,0.01,0.0,0.0
3766,0.8583333333333334,1.0,0.0,0.0,0.0,0.0
3767,0.855,1.0,0.0,0.0,0.0,0.0
3768,0.8883333333333333,1.0,0.0,0.0,0.0,0.0
3769,1.0,1.0,0.0,0.0,0.0,0.0
3770,0.9966666666666667,0.99,0.0,0.0,0.01,0.0
3771,1.0,1.0,0.0,0.0,0.0,0.0
3772,1.0,1.0,0.0,0.0,0.0,0.0
3773,1.0,1.0,0.0,0.0,0.0,0.0
3774,0.9966666666666667,0.99,0.0,0.0,0.01,0.0
3775,1.0,1.0,0.0,0.0,0.0,0.0
3776,1.0,1.0,0.0,0.0,0.0,0.0
3777,1.0,1.0,0.0,0.0,0.0,0.0
3778,1.0,1.0,0.0,0.0,0.0,0.0
3779,0.8349999999999999,1.0,0.0,0.0,0.0,0.0
3780,0.8766666666666665,0.99,0.0,0.0,0.01,0.0
3781,0.8983333333333334,1.0,0.0,0.0,0.0,0.0
3782,0.8533333333333333,1.0,0.0,0.0,0.0,0.0
3783,0.91,1.0,0.0,0.0,0.0,0.0
3784,0.8700000000000001,1.0,0.0,0.0,0.0,0.0
3785,0.8833333333333333,1.0,0.0,0.0,0.0,0.0
3786,0.8783333333333333,1.0,0.0,0.0,0.0,0.0
3787,0.865,1.0,0.0,0.0,0.0,0.0
3788,0.8733333333333333,1.0,0.0,0.0,0.0,0.0
3789,0.9966666666666667,0.98,0.0,0.02,0.0,0.0
3790,1.0,0.98,0.0,0.02,0.0,0.0
3791,0.995,0.97,0.0,0.03,0.0,0.0
3792,1.0,0.98,0.0,0.02,0.0,0.0
3793,1.0,0.98,0.0,0.02,0.0,0.0
3794,0.9933333333333333,0.99,0.0,0.01,0.0,0.0
3795,1.0,1.0,0.0,0.0,0.0,0.0
3796,1.0,1.0,0.0,0.0,0.0,0.0
3797,0.9966666666666666,1.0,0.0,0.0,0.0,0.0
3798,1.0,1.0,0.0,0.0,0.0,0.0
3799,0.8499999999999999,1.0,0.0,0.0,0.0,0.0
3800,0.8750000000000001,1.0,0.0,0.0,0.0,0.0
3801,0.885,1.0,0.0,0.0,0.0,0.0
3802,0.9033333333333333,1.0,0.0,0.0,0.0,0.0
3803,0.865,1.0,0.0,0.0,0.0,0.0
3804,0.9066666666666667,1.0,0.0,0.0,0.0,0.0
3805,0.8850000000000002,1.0,0.0,0.0,0.0,0.0
3806,0.8916666666666667,1.0,0.0,0.0,0.0,0.0
3807,0.89,1.0,0.0,0.0,0.0,0.0
3808,0.8716666666666667,1.0,0.0,0.0,0.0,0.0
3809,1.0,1.0,0.0,0.0,0.0,0.0
3810,0.9966666666666667,0.99,0.0,0.0,0.01,0.0
3811,1.0,1.0,0.0,0.0,0.0,0.0
3812,1.0,1.0,0.0,0.0,0.0,0.0
3813,1.0,0.99,0.0,0.01,0.0,0.0
3814,1.0,0.99,0.0,0.01,0.0,0.0
3815,1.0,0.98,0.0,0.02,0.0,0.0
3816,1.0,0.99,0.0,0.01,0.0,0.0
3817,0.9900000000000001,0.98,0.0,0.02,0.0,0.0
3818,1.0,1.0,0.0,0.0,0.0,0.0
3819,0.8533333333333336,1.0,0.0,0.0,0.0,0.0
3820,0.88,0.99,0.0,0.01,0.0,0.0
3821,0.8716666666666667,0.98,0.0,0.02,0.0,0.0
3822,0.8649999999999999,0.98,0.0,0.02,0.0,0.0
3823,0.8383333333333334,0.99,0.0,0.01,0.0,0.0
3824,0.8683333333333333,1.0,0.0,0.0,0.0,0.0
3825,0.8333333333333335,1.0,0.0,0.0,0.0,0.0
3826,0.8183333333333332,1.0,0.0,0.0,0.0,0.0
3827,0.89,1.0,0.0,0.0,0.0,0.0
3828,0.8666666666666666,1.0,0.0,0.0,0.0,0.0
3829,1.0,1.0,0.0,0.0,0.0,0.0
3830,1.0,1.0,0.0,0.0,0.0,0.0
3831,1.0,1.0,0.0,0.0,0.0,0.0
3832,0.9983333333333333,1.0,0.0,0.0,0.0,0.0
3833,1.0,1.0,0.0,0.0,0.0,0.0
3834,1.0,1.0,0.0,0.0,0.0,0.0
3835,1.0,1.0,0.0,0.0,0.0,0.0
3836,1.0,1.0,0.0,0.0,0.0,0.0
3837,1.0,1.0,0.0,0.0,0.0,0.0
3838,1.0,1.0,0.0,0.0,0.0,0.0
3839,0.9116666666666666,1.0,0.0,0.0,0.0,0.0
3840,0.8666666666666666,1.0,0.0,0.0,0.0,0.0
3841,0.8416666666666667,1.0,0.0,0.0,0.0,0.0
3842,0.8850000000000001,1.0,0.0,0.0,0.0,0.0
3843,0.8950000000000001,1.0,0.0,0.0,0.0,0.0
3844,0.895,1.0,0.0,0.0,0.0,0.0
3845,0.8866666666666666,1.0,0.0,0.0,0.0,0.0
3846,0.9,1.0,0.0,0.0,0.0,0.0
3847,0.8666666666666666,1.0,0.0,0.0,0.0,0.0
3848,0.8750000000000001,1.0,0.0,0.0,0.0,0.0
3849,1.0,1.0,0.0,0.0,0.0,0.0
3850,1.0,1.0,0.0,0.0,0.0,0.0
3851,1.0,1.0,0.0,0.0,0.0,0.0
3852,1.0,1.0,0.0,0.0,0.0,0.0
3853,1.0,1.0,0.0,0.0,0.0,0.0
3854,1.0,1.0,0.0,0.0,0.0,0.0
3855,1.0,1.0,0.0,0.0,0.0,0.0
3856,0.9983333333333334,1.0,0.0,0.0,0.0,0.0
3857,1.0,1.0,0.0,0.0,0.0,0.0
3858,1.0,1.0,0.0,0.0,0.0,0.0
3859,0.8933333333333333,1.0,0.0,0.0,0.0,0.0
3860,0.8633333333333334,1.0,0.0,0.0,0.0,0.0
3861,0.8516666666666667,1.0,0.0,0.0,0.0,0.0
3862,0.8533333333333333,0.99,0.0,0.01,0.0,0.0
3863,0.8816666666666666,1.0,0.0,0.0,0.0,0.0
3864,0.8133333333333335,1.0,0.0,0.0,0.0,0.0
3865,0.8600000000000001,1.0,0.0,0.0,0.0,0.0
3866,0.845,1.0,0.0,0.0,0.0,0.0
3867,0.8733333333333334,1.0,0.0,0.0,0.0,0.0
3868,0.8366666666666667,1.0,0.0,0.0,0.0,0.0
3869,1.0,1.0,0.0,0.0,0.0,0.0
3870,1.0,1.0,0.0,0.0,0.0,0.0
3871,0.9966666666666667,1.0,0.0,0.0,0.0,0.0
3872,1.0,1.0,0.0,0.0,0.0,0.0
3873,1.0,1.0,0.0,0.0,0.0,0.0
3874,1.0,1.0,0.0,0.0,0.0,0.0
3875,0.9966666666666667,1.0,0.0,0.0,0.0,0.0
3876,1.0,1.0,0.0,0.0,0.0,0.0
3877,1.0,1.0,0.0,0.0,0.0,0.0
3878,0.9966666666666667,0.99,0.0,0.01,0.0,0.0
3879,0.8916666666666668,1.0,0.0,0.0,0.0,0.0
3880,0.8866666666666667,1.0,0.0,0.0,0.0,0.0
3881,0.8733333333333334,1.0,0.0,0.0,0.0,0.0
3882,0.8583333333333334,1.0,0.0,0.0,0.0,0.0
3883,0.8633333333333334,1.0,0.0,0.0,0.0,0.0
3884,0.8316666666666669,1.0,0.0,0.0,0.0,0.0
3885,0.915,1.0,0.0,0.0,0.0,0.0
3886,0.905,1.0,0.0,0.0,0.0,0.0
3887,0.8716666666666667,1.0,0.0,0.0,0.0,0.0
3888,0.8816666666666667,1.0,0.0,0.0,0.0,0.0
3889,1.0,1.0,0.0,0.0,0.0,0.0
3890,1.0,1.0,0.0,0.0,0.0,0.0
3891,1.0,1.0,0.0,0.0,0.0,0.0
3892,1.0,1.0,0.0,0.0,0.0,0.0
3893,1.0,1.0,0.0,0.0,0.0,0.0
3894,0.9983333333333333,1.0,0.0,0.0,0.0,0.0
3895,1.0,1.0,0.0,0.0,0.0,0.0
3896,1.0,1.0,0.0,0.0,0.0,0.0
3897,0.9983333333333334,1.0,0.0,0.0,0.0,0.0
3898,1.0,1.0,0.0,0.0,0.0,0.0
3899,0.91,1.0,0.0,0.0,0.0,0.0
3900,0.8616666666666667,1.0,0.0,0.0,0.0,0.0
3901,0.89,1.0,0.0,0.0,0.0,0.0
3902,0.8816666666666667,1.0,0.0,0.0,0.0,0.0
3903,0.8566666666666666,1.0,0.0,0.0,0.0,0.0
3904,0.8783333333333334,1.0,0.0,0.0,0.0,0.0
3905,0.8966666666666666,1.0,0.0,0.0,0.0,0.0
3906,0.8533333333333333,1.0,0.0,0.0,0.0,0.0
3907,0.855,1.0,0.0,0.0,0.0,0.0
3908,0.86,1.0,0.0,0.0,0.0,0.0
3909,1.0,1.0,0.0,0.0,0.0,0.0
3910,1.0,1.0,0.0,0.0,0.0,0.0
3911,1.0,1.0,0.0,0.0,0.0,0.0
3912,1.0,0.99,0.0,0.01,0.0,0.0
3913,0.9966666666666666,0.99,0.0,0.01,0.0,0.0
3914,0.995,0.99,0.0,0.01,0.0,0.0
3915,0.9966666666666667,0.99,0.0,0.01,0.0,0.0
3916,1.0,0.99,0.0,0.01,0.0,0.0
3917,1.0,1.0,0.0,0.0,0.0,0.0
3918,1.0,1.0,0.0,0.0,0.0,0.0
3919,0.8933333333333331,1.0,0.0,0.0,0.0,0.0
3920,0.8916666666666667,1.0,0.0,0.0,0.0,0.0
3921,0.8216666666666665,1.0,0.0,0.0,0.0,0.0
3922,0.865,1.0,0.0,0.0,0.0,0.0
3923,0.8566666666666667,1.0,0.0,0.0,0.0,0.0
3924,0.8733333333333334,1.0,0.0,0.0,0.0,0.0
3925,0.8766666666666667,1.0,0.0,0.0,0.0,0.0
3926,0.85,1.0,0.0,0.0,0.0,0.0
3927,0.8700000000000001,1.0,0.0,0.0,0.0,0.0
3928,0.855,1.0,0.0,0.0,0.0,0.0
3929,1.0,1.0,0.0,0.0,0.0,0.0
3930,1.0,1.0,0.0,0.0,0.0,0.0
3931,1.0,1.0,0.0,0.0,0.0,0.0
3932,1.0,1.0,0.0,0.0,0.0,0.0
3933,1.0,1.0,0.0,0.0,0.0,0.0
3934,1.0,0.99,0.0,0.01,0.0,0.0
3935,0.9983333333333333,0.97,0.0,0.03,0.0,0.0
3936,1.0,0.96,0.0,0.04,0.0,0.0
3937,1.0,0.97,0.0,0.03,0.0,0.0
3938,1.0,0.96,0.0,0.04,0.0,0.0
3939,0.8683333333333333,0.99,0.0,0.01,0.0,0.0
3940,0.8333333333333335,1.0,0.0,0.0,0.0,0.0
3941,0.8616666666666667,1.0,0.0,0.0,0.0,0.0
3942,0.8899999999999999,1.0,0.0,0.0,0.0,0.0
3943,0.8566666666666667,0.99,0.0,0.01,0.0,0.0
3944,0.8583333333333334,0.98,0.0,0.02,0.0,0.0
3945,0.8666666666666667,0.97,0.0,0.03,0.0,0.0
3946,0.9183333333333334,1.0,0.0,0.0,0.0,0.0
3947,0.8550000000000001,1.0,0.0,0.0,0.0,0.0
3948,0.8916666666666667,1.0,0.0,0.0,0.0,0.0
3949,1.0,1.0,0.0,0.0,0.0,0.0
3950,0.9966666666666666,0.99,0.0,0.0,0.01,0.0
3951,0.9933333333333334,0.98,0.0,0.0,0.02,0.0
3952,0.99,0.97,0.0,0.0,0.03,0.0
3953,0.9966666666666666,0.99,0.0,0.0,0.01,0.0
3954,0.9933333333333334,0.98,0.0,0.0,0.02,0.0
3955,0.9966666666666667,0.99,0.0,0.0,0.01,0.0
3956,0.9983333333333334,1.0,0.0,0.0,0.0,0.0
3957,1.0,1.0,0.0,0.0,0.0,0.0
3958,1.0,1.0,0.0,0.0,0.0,0.0
3959,0.8683333333333333,1.0,0.0,0.0,0.0,0.0
3960,0.8649999999999999,1.0,0.0,0.0,0.0,0.0
3961,0.8600000000000001,1.0,0.0,0.0,0.0,0.0
3962,0.8533333333333334,1.0,0.0,0.0,0.0,0.0
3963,0.8316666666666667,1.0,0.0,0.0,0.0,0.0
3964,0.8883333333333333,1.0,0.0,0.0,0.0,0.0
3965,0.8966666666666667,1.0,0.0,0.0,0.0,0.0
3966,0.8416666666666667,1.0,0.0,0.0,0.0,0.0
3967,0.8616666666666667,1.0,0.0,0.0,0.0,0.0
3968,0.8783333333333334,1.0,0.0,0.0,0.0,0.0
3969,1.0,1.0,0.0,0.0,0.0,0.0
3970,1.0,1.0,0.0,0.0,0.0,0.0
3971,1.0,1.0,0.0,0.0,0.0,0.0
3972,1.0,1.0,0.0,0.0,0.0,0.0
3973,0.995,1.0,0.0,0.0,0.0,0.0
3974,1.0,1.0,0.0,0.0,0.0,0.0
3975,0.9983333333333333,1.0,0.0,0.0,0.0,0.0
3976,1.0,1.0,0.0,0.0,0.0,0.0
3977,1.0,1.0,0.0,0.0,0.0,0.0
3978,0.9966666666666666,1.0,0.0,0.0,0.0,0.0
3979,0.9116666666666667,1.0,0.0,0.0,0.0,0.0
3980,0.88,1.0,0.0,0.0,0.0,0.0
3981,0.9283333333333332,0.99,0.0,0.01,0.0,0.0
3982,0.8533333333333334,0.99,0.0,0.01,0.0,0.0
3983,0.8883333333333333,1.0,0.0,0.0,0.0,0.0
3984,0.8766666666666667,1.0,0.0,0.0,0.0,0.0
3985,0.8350000000000002,1.0,0.0,0.0,0.0,0.0
3986,0.9033333333333333,1.0,0.0,0.0,0.0,0.0
3987,0.8633333333333334,1.0,0.0,0.0,0.0,0.0
3988,0.8566666666666667,1.0,0.0,0.0,0.0,0.0
3989,1.0,1.0,0.0,0.0,0.0,0.0
3990,1.0,1.0,0.0,0.0,0.0,0.0
3991,0.9966666666666667,1.0,0.0,0.0,0.0,0.0
3992,1.0,1.0,0.0,0.0,0.0,0.0
3993,1.0,1.0,0.0,0.0,0.0,0.0
3994,1.0,1.0,0.0,0.0,0.0,0.0
3995,1.0,1.0,0.0,0.0,0.0,0.0
3996,1.0,1.0,0.0,0.0,0.0,0.0
3997,1.0,1.0,0.0,0.0,0.0,0.0
3998,1.0,1.0,0.0,0.0,0.0,0.0
3999,0.8633333333333333,1.0,0.0,0.0,0.0,0.0
4000,0.87,1.0,0.0,0.0,0.0,0.0
4001,0.86,1.0,0.0,0.0,0.0,0.0
4002,0.8516666666666667,1.0,0.0,0.0,0.0,0.0
4003,0.8666666666666667,0.99,0.0,0.01,0.0,0.0
4004,0.8333333333333335,1.0,0.0,0.0,0.0,0.0
4005,0.8833333333333333,1.0,0.0,0.0,0.0,0.0
4006,0.88,0.99,0.0,0.01,0.0,0.0
4007,0.8850000000000001,1.0,0.0,0.0,0.0,0.0
4008,0.9133333333333333,1.0,0.0,0.0,0.0,0.0
4009,1.0,1.0,0.0,0.0,0.0,0.0
4010,1.0,1.0,0.0,0.0,0.0,0.0
4011,1.0,1.0,0.0,0.0,0.0,0.0
4012,1.0,1.0,0.0,0.0,0.0,0.0
4013,1.0,1.0,0.0,0.0,0.0,0.0
4014,0.9983333333333333,1.0,0.0,0.0,0.0,0.0
4015,1.0,1.0,0.0,0.0,0.0,0.0
4016,1.0,1.0,0.0,0.0,0.0,0.0
4017,1.0,1.0,0.0,0.0,0.0,0.0
4018,1.0,1.0,0.0,0.0,0.0,0.0
4019,0.84,1.0,0.0,0.0,0.0,0.0
4020,0.8766666666666667,1.0,0.0,0.0,0.0,0.0
4021,0.8800000000000001,1.0,0.0,0.0,0.0,0.0
4022,0.88,1.0,0.0,0.0,0.0,0.0
4023,0.9133333333333333,1.0,0.0,0.0,0.0,0.0
4024,0.8416666666666667,1.0,0.0,0.0,0.0,0.0
4025,0.8433333333333333,1.0,0.0,0.0,0.0,0.0
4026,0.8683333333333333,1.0,0.0,0.0,0.0,0.0
4027,0.8916666666666666,1.0,0.0,0.0,0.0,0.0
4028,0.8616666666666666,1.0,0.0,0.0,0.0,0.0
4029,1.0,1.0,0.0,0.0,0.0,0.0
4030,1.0,1.0,0.0,0.0,0.0,0.0
4031,1.0,1.0,0.0,0.0,0.0,0.0
4032,1.0,1.0,0.0,0.0,0.0,0.0
4033,1.0,1.0,0.0,0.0,0.0,0.0
4034,1.0,1.0,0.0,0.0,0.0,0.0
4035,1.0,1.0,0.0,0.0,0.0,0.0
4036,0.9983333333333334,1.0,0.0,0.0,0.0,0.0
4037,1.0,1.0,0.0,0.0,0.0,0.0
4038,1.0,1.0,0.0,0.0,0.0,0.0
4039,0.8750000000000001,1.0,0.0,0.0,0.0,0.0
4040,0.9050000000000001,1.0,0.0,0.0,0.0,0.0
4041,0.85,1.0,0.0,0.0,0.0,0.0
4042,0.8966666666666667,1.0,0.0,0.0,0.0,0.0
4043,0.8483333333333333,0.99,0.0,0.01,0.0,0.0
4044,0.9016666666666668,1.0,0.0,0.0,0.0,0.0
4045,0.8933333333333334,1.0,0.0,0.0,0.0,0.0
4046,0.8933333333333333,1.0,0.0,0.0,0.0,0.0
4047,0.8933333333333333,1.0,0.0,0.0,0.0,0.0
4048,0.9050000000000001,1.0,0.0,0.0,0.0,0.0
4049,1.0,1.0,0.0,0.0,0.0,0.0
4050,1.0,1.0,0.0,0.0,0.0,0.0
4051,0.9919417792833107,0.99,0.0,0.0,0.01,0.0
4052,1.0,1.0,0.0,0.0,0.0,0.0
4053,1.0,1.0,0.0,0.0,0.0,0.0
4054,1.0,1.0,0.0,0.0,0.0,0.0
4055,1.0,1.0,0.0,0.0,0.0,0.0
4056,0.995,0.99,0.0,0.0,0.01,0.0
4057,1.0,1.0,0.0,0.0,0.0,0.0
4058,1.0,1.0,0.0,0.0,0.0,0.0
4059,0.8933333333333334,1.0,0.0,0.0,0.0,0.0
4060,0.8616666666666667,1.0,0.0,0.0,0.0,0.0
4061,0.8833333333333333,1.0,0.0,0.0,0.0,0.0
4062,0.8766666666666667,1.0,0.0,0.0,0.0,0.0
4063,0.8466666666666667,1.0,0.0,0.0,0.0,0.0
4064,0.8716666666666665,0.99,0.0,0.0,0.01,0.0
4065,0.8749999999999999,0.99,0.0,0.0,0.01,0.0
4066,0.865,0.97,0.0,0.01,0.02,0.0
4067,0.8883333333333333,0.99,0.0,0.01,0.0,0.0
4068,0.8656742510640598,0.98,0.0,0.02,0.0,0.0
4069,1.0,0.98,0.0,0.02,0.0,0.0
4070,1.0,0.97,0.0,0.03,0.0,0.0
4071,1.0,0.99,0.0,0.01,0.0,0.0
4072,1.0,0.98,0.0,0.02,0.0,0.0
4073,1.0,0.97,0.0,0.03,0.0,0.0
4074,1.0,0.99,0.0,0.01,0.0,0.0
4075,1.0,1.0,0.0,0.0,0.0,0.0
4076,1.0,1.0,0.0,0.0,0.0,0.0
4077,1.0,1.0,0.0,0.0,0.0,0.0
4078,1.0,1.0,0.0,0.0,0.0,0.0
4079,0.85,1.0,0.0,0.0,0.0,0.0
4080,0.8816666666666667,1.0,0.0,0.0,0.0,0.0
4081,0.8283333333333333,1.0,0.0,0.0,0.0,0.0
4082,0.8733333333333333,1.0,0.0,0.0,0.0,0.0
4083,0.8883333333333332,1.0,0.0,0.0,0.0,0.0
4084,0.8866666666666667,1.0,0.0,0.0,0.0,0.0
4085,0.8833333333333333,1.0,0.0,0.0,0.0,0.0
4086,0.88,1.0,0.0,0.0,0.0,0.0
4087,0.8666666666666666,1.0,0.0,0.0,0.0,0.0
4088,0.8766666666666666,1.0,0.0,0.0,0.0,0.0
4089,0.9983333333333333,0.99,0.0,0.01,0.0,0.0
4090,1.0,1.0,0.0,0.0,0.0,0.0
4091,1.0,1.0,0.0,0.0,0.0,0.0
4092,1.0,1.0,0.0,0.0,0.0,0.0
4093,1.0,1.0,0.0,0.0,0.0,0.0
4094,1.0,1.0,0.0,0.0,0.0,0.0
4095,0.9966666666666666,0.99,0.0,0.0,0.01,0.0
4096,1.0,1.0,0.0,0.0,0.0,0.0
4097,1.0,1.0,0.0,0.0,0.0,0.0
4098,1.0,1.0,0.0,0.0,0.0,0.0
4099,0.885,1.0,0.0,0.0,0.0,0.0
4100,0.8583333333333333,0.99,0.0,0.01,0.0,0.0
4101,0.8633333333333333,1.0,0.0,0.0,0.0,0.0
4102,0.8816666666666666,1.0,0.0,0.0,0.0,0.0
4103,0.8566666666666666,1.0,0.0,0.0,0.0,0.0
4104,0.865,1.0,0.0,0.0,0.0,0.0
4105,0.8316666666666667,1.0,0.0,0.0,0.0,0.0
4106,0.8716666666666666,1.0,0.0,0.0,0.0,0.0
4107,0.8683333333333333,1.0,0.0,0.0,0.0,0.0
4108,0.8716666666666667,1.0,0.0,0.0,0.0,0.0
4109,1.0,1.0,0.0,0.0,0.0,0.0
4110,1.0,1.0,0.0,0.0,0.0,0.0
4111,1.0,1.0,0.0,0.0,0.0,0.0
4112,1.0,1.0,0.0,0.0,0.0,0.0
4113,1.0,1.0,0.0,0.0,0.0,0.0
4114,1.0,1.0,0.0,0.0,0.0,0.0
4115,1.0,1.0,0.0,0.0,0.0,0.0
4116,1.0,1.0,0.0,0.0,0.0,0.0
4117,1.0,1.0,0.0,0.0,0.0,0.0
4118,1.0,1.0,0.0,0.0,0.0,0.0
4119,0.8583333333333332,0.99,0.0,0.0,0.01,0.0
4120,0.87,1.0,0.0,0.0,0.0,0.0
4121,0.8683333333333333,1.0,0.0,0.0,0.0,0.0
4122,0.8699999999999999,1.0,0.0,0.0,0.0,0.0
4123,0.8783333333333333,1.0,0.0,0.0,0.0,0.0
4124,0.8616666666666668,1.0,0.0,0.0,0.0,0.0
4125,0.8616666666666666,1.0,0.0,0.0,0.0,0.0
4126,0.8716666666666667,1.0,0.0,0.0,0.0,0.0
4127,0.8816666666666668,1.0,0.0,0.0,0.0,0.0
4128,0.87,1.0,0.0,0.0,0.0,0.0
4129,1.0,1.0,0.0,0.0,0.0,0.0
4130,1.0,1.0,0.0,0.0,0.0,0.0
4131,1.0,1.0,0.0,0.0,0.0,0.0
4132,0.9966666666666667,1.0,0.0,0.0,0.0,0.0
4133,1.0,1.0,0.0,0.0,0.0,0.0
4134,1.0,1.0,0.0,0.0,0.0,0.0
4135,1.0,1.0,0.0,0.0,0.0,0.0
4136,1.0,1.0,0.0,0.0,0.0,0.0
4137,1.0,1.0,0.0,0.0,0.0,0.0
4138,1.0,1.0,0.0,0.0,0.0,0.0
4139,0.82,1.0,0.0,0.0,0.0,0.0
4140,0.8914818930522154,1.0,0.0,0.0,0.0,0.0
4141,0.8883333333333333,0.99,0.0,0.01,0.0,0.0
4142,0.8716666666666665,1.0,0.0,0.0,0.0,0.0
4143,0.8966666666666667,1.0,0.0,0.0,0.0,0.0
4144,0.8633333333333333,1.0,0.0,0.0,0.0,0.0
4145,0.8533333333333333,1.0,0.0,0.0,0.0,0.0
4146,0.8783333333333334,0.99,0.0,0.0,0.01,0.0
4147,0.8666666666666667,0.99,0.0,0.0,0.01,0.0
4148,0.8833333333333333,1.0,0.0,0.0,0.0,0.0
4149,1.0,1.0,0.0,0.0,0.0,0.0
4150,1.0,1.0,0.0,0.0,0.0,0.0
4151,1.0,1.0,0.0,0.0,0.0,0.0
4152,1.0,1.0,0.0,0.0,0.0,0.0
4153,1.0,1.0,0.0,0.0,0.0,0.0
4154,1.0,1.0,0.0,0.0,0.0,0.0
4155,1.0,1.0,0.0,0.0,0.0,0.0
4156,1.0,1.0,0.0,0.0,0.0,0.0
4157,1.0,1.0,0.0,0.0,0.0,0.0
4158,1.0,1.0,0.0,0.0,0.0,0.0
4159,0.9216666666666665,1.0,0.0,0.0,0.0,0.0
4160,0.8566666666666666,1.0,0.0,0.0,0.0,0.0
4161,0.8533333333333333,1.0,0.0,0.0,0.0,0.0
4162,0.8933333333333333,1.0,0.0,0.0,0.0,0.0
4163,0.9,1.0,0.0,0.0,0.0,0.0
4164,0.9016666666666668,0.98,0.0,0.01,0.01,0.0
4165,0.8916666666666667,0.99,0.0,0.0,0.01,0.0
4166,0.8916666666666667,0.98,0.0,0.01,0.01,0.0
4167,0.8933333333333334,0.98,0.0,0.01,0.01,0.0
4168,0.8799999999999999,0.99,0.0,0.0,0.01,0.0
4169,1.0,1.0,0.0,0.0,0.0,0.0
4170,0.9983333333333333,0.99,0.0,0.0,0.01,0.0
4171,0.9966666666666667,1.0,0.0,0.0,0.0,0.0
4172,1.0,1.0,0.0,0.0,0.0,0.0
4173,1.0,1.0,0.0,0.0,0.0,0.0
4174,1.0,1.0,0.0,0.0,0.0,0.0
4175,0.9966666666666666,1.0,0.0,0.0,0.0,0.0
4176,1.0,1.0,0.0,0.0,0.0,0.0
4177,1.0,1.0,0.0,0.0,0.0,0.0
4178,1.0,1.0,0.0,0.0,0.0,0.0
4179,0.885,1.0,0.0,0.0,0.0,0.0
4180,0.8616666666666667,1.0,0.0,0.0,0.0,0.0
4181,0.8583333333333334,1.0,0.0,0.0,0.0,0.0
4182,0.8716666666666667,1.0,0.0,0.0,0.0,0.0
4183,0.8883333333333334,1.0,0.0,0.0,0.0,0.0
4184,0.8916666666666664,1.0,0.0,0.0,0.0,0.0
4185,0.8833333333333334,1.0,0.0,0.0,0.0,0.0
4186,0.8199999999999998,1.0,0.0,0.0,0.0,0.0
4187,0.8983333333333333,1.0,0.0,0.0,0.0,0.0
4188,0.865,1.0,0.0,0.0,0.0,0.0
4189,1.0,1.0,0.0,0.0,0.0,0.0
4190,1.0,1.0,0.0,0.0,0.0,0.0
4191,1.0,1.0,0.0,0.0,0.0,0.0
4192,1.0,1.0,0.0,0.0,0.0,0.0
4193,1.0,1.0,0.0,0.0,0.0,0.0
4194,1.0,1.0,0.0,0.0,0.0,0.0
4195,1.0,1.0,0.0,0.0,0.0,0.0
4196,1.0,1.0,0.0,0.0,0.0,0.0
4197,1.0,1.0,0.0,0.0,0.0,0.0
4198,1.0,1.0,0.0,0.0,0.0,0.0
4199,0.8983333333333333,1.0,0.0,0.0,0.0,0.0
4200,0.8633333333333334,1.0,0.0,0.0,0.0,0.0
4201,0.8683333333333333,1.0,0.0,0.0,0.0,0.0
4202,0.8700000000000001,1.0,0.0,0.0,0.0,0.0
4203,0.8666666666666666,1.0,0.0,0.0,0.0,0.0
4204,0.8716666666666667,1.0,0.0,0.0,0.0,0.0
4205,0.8683333333333333,1.0,0.0,0.0,0.0,0.0
4206,0.87,1.0,0.0,0.0,0.0,0.0
4207,0.8816666666666667,1.0,0.0,0.0,0.0,0.0
4208,0.9033333333333334,1.0,0.0,0.0,0.0,0.0
4209,0.9966666666666667,1.0,0.0,0.0,0.0,0.0
4210,1.0,1.0,0.0,0.0,0.0,0.0
4211,1.0,0.99,0.0,0.01,0.0,0.0
4212,0.9983333333333333,0.98,0.0,0.02,0.0,0.0
4213,1.0,0.97,0.0,0.03,0.0,0.0
4214,0.9886079542972727,0.98,0.0,0.02,0.0,0.0
4215,1.0,0.93,0.0,0.07,0.0,0.0
4216,0.9966666666666667,0.89,0.0,0.11,0.0,0.0
4217,1.0,0.93,0.0,0.07,0.0,0.0
4218,0.99,0.89,0.0,0.1,0.01,0.0
4219,0.8499999999999999,0.86,0.0,0.13,0.01,0.0
4220,0.8499999999999999,0.86,0.0,0.14,0.0,0.0
4221,0.8466666666666666,0.92,0.0,0.08,0.0,0.0
4222,0.8733333333333333,0.94,0.0,0.06,0.0,0.0
4223,0.8683333333333333,0.94,0.0,0.06,0.0,0.0
4224,0.8699999999999999,0.97,0.0,0.03,0.0,0.0
4225,0.8518761502632656,0.97,0.0,0.03,0.0,0.0
4226,0.865,1.0,0.0,0.0,0.0,0.0
4227,0.9116666666666667,1.0,0.0,0.0,0.0,0.0
4228,0.8552094835965989,1.0,0.0,0.0,0.0,0.0
4229,0.9933333333333333,1.0,0.0,0.0,0.0,0.0
4230,0.995,1.0,0.0,0.0,0.0,0.0
4231,0.9966666666666666,1.0,0.0,0.0,0.0,0.0
4232,0.9900000000000001,1.0,0.0,0.0,0.0,0.0
4233,1.0,1.0,0.0,0.0,0.0,0.0
4234,0.9850000000000001,1.0,0.0,0.0,0.0,0.0
4235,0.995,0.99,0.0,0.01,0.0,0.0
4236,0.9966666666666667,0.99,0.0,0.01,0.0,0.0
4237,0.9833333333333334,0.99,0.0,0.01,0.0,0.0
4238,0.9966666666666667,1.0,0.0,0.0,0.0,0.0
4239,0.8666666666666666,1.0,0.0,0.0,0.0,0.0
4240,0.8616666666666667,1.0,0.0,0.0,0.0,0.0
4241,0.8599999999999999,1.0,0.0,0.0,0.0,0.0
4242,0.8216666666666668,1.0,0.0,0.0,0.0,0.0
4243,0.8366666666666666,1.0,0.0,0.0,0.0,0.0
4244,0.8183333333333332,1.0,0.0,0.0,0.0,0.0
4245,0.8566666666666665,1.0,0.0,0.0,0.0,0.0
4246,0.86,1.0,0.0,0.0,0.0,0.0
4247,0.8533333333333333,1.0,0.0,0.0,0.0,0.0
4248,0.8800000000000001,1.0,0.0,0.0,0.0,0.0
4249,1.0,1.0,0.0,0.0,0.0,0.0
4250,1.0,1.0,0.0,0.0,0.0,0.0
4251,1.0,1.0,0.0,0.0,0.0,0.0
4252,1.0,1.0,0.0,0.0,0.0,0.0
4253,1.0,1.0,0.0,0.0,0.0,0.0
4254,0.9966666666666667,1.0,0.0,0.0,0.0,0.0
4255,1.0,1.0,0.0,0.0,0.0,0.0
4256,1.0,1.0,0.0,0.0,0.0,0.0
4257,1.0,1.0,0.0,0.0,0.0,0.0
4258,1.0,1.0,0.0,0.0,0.0,0.0
4259,0.8816666666666666,1.0,0.0,0.0,0.0,0.0
4260,0.8583333333333333,1.0,0.0,0.0,0.0,0.0
4261,0.8316666666666669,1.0,0.0,0.0,0.0,0.0
4262,0.88,1.0,0.0,0.0,0.0,0.0
4263,0.8899999999999999,1.0,0.0,0.0,0.0,0.0
4264,0.8816666666666666,1.0,0.0,0.0,0.0,0.0
4265,0.8883333333333333,1.0,0.0,0.0,0.0,0.0
4266,0.8566666666666667,1.0,0.0,0.0,0.0,0.0
4267,0.8683333333333333,1.0,0.0,0.0,0.0,0.0
4268,0.8533333333333334,1.0,0.0,0.0,0.0,0.0
4269,1.0,1.0,0.0,0.0,0.0,0.0
4270,1.0,1.0,0.0,0.0,0.0,0.0
4271,1.0,1.0,0.0,0.0,0.0,0.0
4272,1.0,1.0,0.0,0.0,0.0,0.0
4273,1.0,1.0,0.0,0.0,0.0,0.0
4274,1.0,1.0,0.0,0.0,0.0,0.0
4275,1.0,1.0,0.0,0.0,0.0,0.0
4276,1.0,1.0,0.0,0.0,0.0,0.0
4277,1.0,1.0,0.0,0.0,0.0,0.0
4278,1.0,1.0,0.0,0.0,0.0,0.0
4279,0.845,1.0,0.0,0.0,0.0,0.0
4280,0.8800000000000001,1.0,0.0,0.0,0.0,0.0
4281,0.8833333333333333,1.0,0.0,0.0,0.0,0.0
4282,0.85,1.0,0.0,0.0,0.0,0.0
4283,0.8816666666666667,1.0,0.0,0.0,0.0,0.0
4284,0.8949999999999999,1.0,0.0,0.0,0.0,0.0
4285,0.8816666666666664,1.0,0.0,0.0,0.0,0.0
4286,0.8766666666666667,1.0,0.0,0.0,0.0,0.0
4287,0.8749999999999999,1.0,0.0,0.0,0.0,0.0
4288,0.86,1.0,0.0,0.0,0.0,0.0
4289,1.0,1.0,0.0,0.0,0.0,0.0
4290,0.9966666666666667,0.99,0.0,0.0,0.01,0.0
4291,1.0,1.0,0.0,0.0,0.0,0.0
4292,1.0,1.0,0.0,0.0,0.0,0.0
4293,1.0,1.0,0.0,0.0,0.0,0.0
4294,1.0,1.0,0.0,0.0,0.0,0.0
4295,1.0,1.0,0.0,0.0,0.0,0.0
4296,0.9966666666666666,0.99,0.0,0.0,0.01,0.0
4297,0.9966666666666667,0.99,0.0,0.0,0.01,0.0
4298,1.0,1.0,0.0,0.0,0.0,0.0
4299,0.8666666666666666,1.0,0.0,0.0,0.0,0.0
4300,0.8666666666666667,1.0,0.0,0.0,0.0,0.0
4301,0.8966666666666666,1.0,0.0,0.0,0.0,0.0
4302,0.8599999999999999,1.0,0.0,0.0,0.0,0.0
4303,0.8683333333333333,1.0,0.0,0.0,0.0,0.0
4304,0.8666666666666666,1.0,0.0,0.0,0.0,0.0
4305,0.8666666666666667,0.98,0.0,0.02,0.0,0.0
4306,0.89,0.98,0.0,0.02,0.0,0.0
4307,0.89,0.99,0.0,0.0,0.01,0.0
4308,0.86,0.97,0.0,0.0,0.03,0.0
4309,0.9733333333333334,0.92,0.0,0.0,0.08,0.0
4310,0.9683333333333334,0.93,0.0,0.0,0.07,0.0
4311,0.9866666666666666,0.97,0.0,0.0,0.03,0.0
4312,0.985,0.98,0.0,0.0,0.02,0.0
4313,0.9933333333333333,0.99,0.0,0.0,0.01,0.0
4314,0.9800000000000001,0.99,0.0,0.0,0.01,0.0
4315,0.9900000000000001,1.0,0.0,0.0,0.0,0.0
4316,0.9800000000000001,1.0,0.0,0.0,0.0,0.0
4317,0.9766666666666667,1.0,0.0,0.0,0.0,0.0
4318,0.9866666666666667,1.0,0.0,0.0,0.0,0.0
4319,0.8233333333333333,1.0,0.0,0.0,0.0,0.0
4320,0.88,1.0,0.0,0.0,0.0,0.0
4321,0.905,1.0,0.0,0.0,0.0,0.0
4322,0.8566666666666666,1.0,0.0,0.0,0.0,0.0
4323,0.8883333333333334,1.0,0.0,0.0,0.0,0.0
4324,0.8599999999999999,1.0,0.0,0.0,0.0,0.0
4325,0.8666666666666667,1.0,0.0,0.0,0.0,0.0
4326,0.8966666666666667,1.0,0.0,0.0,0.0,0.0
4327,0.855,1.0,0.0,0.0,0.0,0.0
4328,0.835,1.0,0.0,0.0,0.0,0.0
4329,0.9966666666666667,1.0,0.0,0.0,0.0,0.0
4330,1.0,1.0,0.0,0.0,0.0,0.0
4331,1.0,1.0,0.0,0.0,0.0,0.0
4332,0.9933333333333334,0.99,0.0,0.0,0.01,0.0
4333,1.0,0.99,0.0,0.01,0.0,0.0
4334,1.0,0.99,0.0,0.01,0.0,0.0
4335,0.9966666666666667,0.96,0.0,0.04,0.0,0.0
4336,0.9966666666666667,0.98,0.0,0.02,0.0,0.0
4337,0.9966666666666667,0.97,0.0,0.03,0.0,0.0
4338,0.9983333333333334,0.99,0.0,0.01,0.0,0.0
4339,0.8566666666666667,1.0,0.0,0.0,0.0,0.0
4340,0.8433333333333333,1.0,0.0,0.0,0.0,0.0
4341,0.8483333333333333,1.0,0.0,0.0,0.0,0.0
4342,0.8833333333333334,1.0,0.0,0.0,0.0,0.0
4343,0.8716666666666667,1.0,0.0,0.0,0.0,0.0
4344,0.9100000000000001,1.0,0.0,0.0,0.0,0.0
4345,0.8900000000000001,1.0,0.0,0.0,0.0,0.0
4346,0.8733333333333333,1.0,0.0,0.0,0.0,0.0
4347,0.89,1.0,0.0,0.0,0.0,0.0
4348,0.8833333333333334,1.0,0.0,0.0,0.0,0.0
4349,1.0,1.0,0.0,0.0,0.0,0.0
4350,1.0,1.0,0.0,0.0,0.0,0.0
4351,1.0,1.0,0.0,0.0,0.0,0.0
4352,1.0,1.0,0.0,0.0,0.0,0.0
4353,0.9966666666666666,1.0,0.0,0.0,0.0,0.0
4354,0.9966666666666667,1.0,0.0,0.0,0.0,0.0
4355,0.9866666666666667,1.0,0.0,0.0,0.0,0.0
4356,0.99,1.0,0.0,0.0,0.0,0.0
4357,0.9883333333333333,0.99,0.0,0.0,0.01,0.0
4358,0.9933333333333334,1.0,0.0,0.0,0.0,0.0
4359,0.88,1.0,0.0,0.0,0.0,0.0
4360,0.8716666666666667,1.0,0.0,0.0,0.0,0.0
4361,0.8966666666666667,1.0,0.0,0.0,0.0,0.0
4362,0.9016666666666667,1.0,0.0,0.0,0.0,0.0
4363,0.8833333333333333,1.0,0.0,0.0,0.0,0.0
4364,0.91,1.0,0.0,0.0,0.0,0.0
4365,0.8700000000000001,1.0,0.0,0.0,0.0,0.0
4366,0.875,1.0,0.0,0.0,0.0,0.0
4367,0.8933333333333333,1.0,0.0,0.0,0.0,0.0
4368,0.8299999999999998,1.0,0.0,0.0,0.0,0.0
4369,0.9733333333333334,1.0,0.0,0.0,0.0,0.0
4370,0.9700000000000003,1.0,0.0,0.0,0.0,0.0
4371,0.9833333333333334,1.0,0.0,0.0,0.0,0.0
4372,0.9900000000000001,1.0,0.0,0.0,0.0,0.0
4373,0.9933333333333334,1.0,0.0,0.0,0.0,0.0
4374,0.9900000000000001,1.0,0.0,0.0,0.0,0.0
4375,0.99,1.0,0.0,0.0,0.0,0.0
4376,0.9866666666666667,0.99,0.0,0.0,0.01,0.0
4377,0.9933333333333334,0.99,0.0,0.0,0.01,0.0
4378,1.0,1.0,0.0,0.0,0.0,0.0
4379,0.8583333333333333,1.0,0.0,0.0,0.0,0.0
4380,0.9066666666666667,0.99,0.0,0.0,0.01,0.0
4381,0.8533333333333334,0.97,0.0,0.0,0.03,0.0
4382,0.85,0.97,0.0,0.0,0.03,0.0
4383,0.8799999999999999,0.97,0.0,0.0,0.03,0.0
4384,0.835,0.97,0.0,0.0,0.03,0.0
4385,0.8983333333333334,0.99,0.0,0.0,0.01,0.0
4386,0.8933333333333333,0.99,0.0,0.0,0.01,0.0
4387,0.8800000000000001,0.99,0.0,0.0,0.01,0.0
4388,0.8816666666666667,0.99,0.0,0.0,0.01,0.0
4389,0.9966666666666667,0.99,0.0,0.0,0.01,0.0
4390,0.9933333333333334,0.98,0.0,0.01,0.01,0.0
4391,1.0,1.0,0.0,0.0,0.0,0.0
4392,1.0,1.0,0.0,0.0,0.0,0.0
4393,1.0,1.0,0.0,0.0,0.0,0.0
4394,1.0,1.0,0.0,0.0,0.0,0.0
4395,1.0,1.0,0.0,0.0,0.0,0.0
4396,1.0,1.0,0.0,0.0,0.0,0.0
4397,1.0,1.0,0.0,0.0,0.0,0.0
4398,1.0,1.0,0.0,0.0,0.0,0.0
4399,0.8749999999999999,1.0,0.0,0.0,0.0,0.0
4400,0.8633333333333334,1.0,0.0,0.0,0.0,0.0
4401,0.8816666666666666,1.0,0.0,0.0,0.0,0.0
4402,0.8816666666666667,1.0,0.0,0.0,0.0,0.0
4403,0.8883333333333332,1.0,0.0,0.0,0.0,0.0
4404,0.8783333333333334,1.0,0.0,0.0,0.0,0.0
4405,0.8766666666666667,1.0,0.0,0.0,0.0,0.0
4406,0.8733333333333334,1.0,0.0,0.0,0.0,0.0
4407,0.9016666666666667,1.0,0.0,0.0,0.0,0.0
4408,0.8266666666666665,1.0,0.0,0.0,0.0,0.0
4409,1.0,1.0,0.0,0.0,0.0,0.0
4410,1.0,1.0,0.0,0.0,0.0,0.0
4411,1.0,1.0,0.0,0.0,0.0,0.0
4412,0.9966666666666667,1.0,0.0,0.0,0.0,0.0
4413,0.9949999999999999,0.99,0.0,0.0,0.01,0.0
4414,1.0,1.0,0.0,0.0,0.0,0.0
4415,1.0,1.0,0.0,0.0,0.0,0.0
4416,1.0,1.0,0.0,0.0,0.0,0.0
4417,1.0,1.0,0.0,0.0,0.0,0.0
4418,1.0,1.0,0.0,0.0,0.0,0.0
4419,0.8833333333333334,1.0,0.0,0.0,0.0,0.0
4420,0.85,1.0,0.0,0.0,0.0,0.0
4421,0.895,1.0,0.0,0.0,0.0,0.0
4422,0.875,1.0,0.0,0.0,0.0,0.0
4423,0.9016666666666667,1.0,0.0,0.0,0.0,0.0
4424,0.8683333333333333,1.0,0.0,0.0,0.0,0.0
4425,0.8816666666666668,1.0,0.0,0.0,0.0,0.0
4426,0.895,1.0,0.0,0.0,0.0,0.0
4427,0.89,1.0,0.0,0.0,0.0,0.0
4428,0.8916666666666667,1.0,0.0,0.0,0.0,0.0
4429,1.0,1.0,0.0,0.0,0.0,0.0
4430,1.0,1.0,0.0,0.0,0.0,0.0
4431,1.0,1.0,0.0,0.0,0.0,0.0
4432,1.0,1.0,0.0,0.0,0.0,0.0
4433,1.0,1.0,0.0,0.0,0.0,0.0
4434,1.0,1.0,0.0,0.0,0.0,0.0
4435,1.0,1.0,0.0,0.0,0.0,0.0
4436,1.0,1.0,0.0,0.0,0.0,0.0
4437,1.0,1.0,0.0,0.0,0.0,0.0
4438,1.0,1.0,0.0,0.0,0.0,0.0
4439,0.8733333333333334,1.0,0.0,0.0,0.0,0.0
4440,0.8966666666666666,1.0,0.0,0.0,0.0,0.0
4441,0.8416666666666666,1.0,0.0,0.0,0.0,0.0
4442,0.9,1.0,0.0,0.0,0.0,0.0
4443,0.8866666666666667,1.0,0.0,0.0,0.0,0.0
4444,0.8783333333333333,1.0,0.0,0.0,0.0,0.0
4445,0.85,1.0,0.0,0.0,0.0,0.0
4446,0.8383333333333334,0.99,0.0,0.01,0.0,0.0
4447,0.85,1.0,0.0,0.0,0.0,0.0
4448,0.8933333333333335,1.0,0.0,0.0,0.0,0.0
4449,1.0,1.0,0.0,0.0,0.0,0.0
4450,1.0,1.0,0.0,0.0,0.0,0.0
4451,0.9966666666666666,0.99,0.0,0.0,0.01,0.0
4452,0.9966666666666667,1.0,0.0,0.0,0.0,0.0
4453,1.0,1.0,0.0,0.0,0.0,0.0
4454,0.9983333333333334,1.0,0.0,0.0,0.0,0.0
4455,1.0,1.0,0.0,0.0,0.0,0.0
4456,1.0,1.0,0.0,0.0,0.0,0.0
4457,1.0,1.0,0.0,0.0,0.0,0.0
4458,1.0,1.0,0.0,0.0,0.0,0.0
4459,0.885,1.0,0.0,0.0,0.0,0.0
4460,0.8733333333333333,1.0,0.0,0.0,0.0,0.0
4461,0.8716666666666666,1.0,0.0,0.0,0.0,0.0
4462,0.8799999999999999,1.0,0.0,0.0,0.0,0.0
4463,0.9116666666666666,1.0,0.0,0.0,0.0,0.0
4464,0.8733333333333333,1.0,0.0,0.0,0.0,0.0
4465,0.8733333333333333,1.0,0.0,0.0,0.0,0.0
4466,0.8383333333333333,1.0,0.0,0.0,0.0,0.0
4467,0.8183333333333332,1.0,0.0,0.0,0.0,0.0
4468,0.8866666666666667,1.0,0.0,0.0,0.0,0.0
4469,1.0,1.0,0.0,0.0,0.0,0.0
4470,1.0,1.0,0.0,0.0,0.0,0.0
4471,1.0,1.0,0.0,0.0,0.0,0.0
4472,1.0,1.0,0.0,0.0,0.0,0.0
4473,0.995,0.99,0.0,0.0,0.01,0.0
4474,1.0,1.0,0.0,0.0,0.0,0.0
4475,1.0,1.0,0.0,0.0,0.0,0.0
4476,1.0,0.99,0.0,0.01,0.0,0.0
4477,1.0,1.0,0.0,0.0,0.0,0.0
4478,1.0,1.0,0.0,0.0,0.0,0.0
4479,0.8466666666666666,1.0,0.0,0.0,0.0,0.0
4480,0.8450000000000002,1.0,0.0,0.0,0.0,0.0
4481,0.8716666666666666,1.0,0.0,0.0,0.0,0.0
4482,0.8716666666666666,1.0,0.0,0.0,0.0,0.0
4483,0.8986688765781022,1.0,0.0,0.0,0.0,0.0
4484,0.9086688765781019,1.0,0.0,0.0,0.0,0.0
4485,0.88,1.0,0.0,0.0,0.0,0.0
4486,0.8566666666666667,1.0,0.0,0.0,0.0,0.0
4487,0.865,1.0,0.0,0.0,0.0,0.0
4488,0.8416666666666667,1.0,0.0,0.0,0.0,0.0
4489,0.9983333333333334,1.0,0.0,0.0,0.0,0.0
4490,0.9966666666666667,0.99,0.0,0.0,0.01,0.0
4491,0.9966666666666666,0.97,0.0,0.01,0.02,0.0
4492,1.0,0.97,0.0,0.03,0.0,0.0
4493,1.0,0.98,0.0,0.02,0.0,0.0
4494,0.9966666666666667,0.97,0.0,0.03,0.0,0.0
4495,1.0,1.0,0.0,0.0,0.0,0.0
4496,1.0,1.0,0.0,0.0,0.0,0.0
4497,1.0,1.0,0.0,0.0,0.0,0.0
4498,1.0,1.0,0.0,0.0,0.0,0.0
4499,0.8866666666666666,1.0,0.0,0.0,0.0,0.0
4500,0.8983333333333334,1.0,0.0,0.0,0.0,0.0
4501,0.8266666666666667,0.99,0.0,0.01,0.0,0.0
4502,0.8616666666666666,0.99,0.0,0.0,0.01,0.0
4503,0.88,1.0,0.0,0.0,0.0,0.0
4504,0.8383333333333334,1.0,0.0,0.0,0.0,0.0
4505,0.8800000000000001,1.0,0.0,0.0,0.0,0.0
4506,0.885,1.0,0.0,0.0,0.0,0.0
4507,0.8366666666666667,1.0,0.0,0.0,0.0,0.0
4508,0.9016666666666668,1.0,0.0,0.0,0.0,0.0
4509,0.9983333333333333,0.99,0.0,0.0,0.01,0.0
4510,0.9983333333333333,0.99,0.0,0.0,0.01,0.0
4511,1.0,1.0,0.0,0.0,0.0,0.0
4512,1.0,1.0,0.0,0.0,0.0,0.0
4513,1.0,1.0,0.0,0.0,0.0,0.0
4514,1.0,1.0,0.0,0.0,0.0,0.0
4515,1.0,1.0,0.0,0.0,0.0,0.0
4516,0.9983333333333334,1.0,0.0,0.0,0.0,0.0
4517,1.0,1.0,0.0,0.0,0.0,0.0
4518,1.0,1.0,0.0,0.0,0.0,0.0
4519,0.85,1.0,0.0,0.0,0.0,0.0
4520,0.9033333333333333,0.99,0.0,0.0,0.01,0.0
4521,0.9116666666666668,0.97,0.0,0.0,0.03,0.0
4522,0.9083333333333333,0.93,0.0,0.0,0.07,0.0
4523,0.88,0.91,0.0,0.0,0.09,0.0
4524,0.855,0.91,0.0,0.0,0.09,0.0
4525,0.9099999999999998,0.93,0.0,0.0,0.07,0.0
4526,0.8816666666666667,0.91,0.0,0.0,0.09,0.0
4527,0.8983333333333334,0.86,0.0,0.0,0.14,0.0
4528,0.9100000000000001,0.88,0.0,0.0,0.12,0.0
4529,0.9600000000000002,0.85,0.0,0.0,0.15,0.0
4530,0.9766666666666667,0.9,0.0,0.0,0.1,0.0
4531,0.9666666666666667,0.88,0.0,0.0,0.12,0.0
4532,0.9800000000000003,0.93,0.0,0.0,0.07,0.0
4533,0.9800000000000001,0.94,0.0,0.0,0.06,0.0
4534,0.9883333333333333,0.96,0.0,0.0,0.04,0.0
4535,0.9933333333333333,0.97,0.0,0.0,0.03,0.0
4536,0.9966666666666666,0.98,0.0,0.0,0.02,0.0
4537,0.9950000000000001,0.98,0.0,0.0,0.02,0.0
4538,0.9933333333333333,0.98,0.0,0.0,0.02,0.0
4539,0.8783333333333333,1.0,0.0,0.0,0.0,0.0
4540,0.895,1.0,0.0,0.0,0.0,0.0
4541,0.8733333333333334,1.0,0.0,0.0,0.0,0.0
4542,0.8633333333333334,1.0,0.0,0.0,0.0,0.0
4543,0.8733333333333334,0.99,0.0,0.01,0.0,0.0
4544,0.8916666666666667,0.99,0.0,0.01,0.0,0.0
4545,0.89,0.99,0.0,0.01,0.0,0.0
4546,0.8650000000000001,1.0,0.0,0.0,0.0,0.0
4547,0.8650000000000001,1.0,0.0,0.0,0.0,0.0
4548,0.8533333333333333,1.0,0.0,0.0,0.0,0.0
4549,1.0,1.0,0.0,0.0,0.0,0.0
4550,1.0,0.99,0.0,0.01,0.0,0.0
4551,1.0,1.0,0.0,0.0,0.0,0.0
4552,0.9890589864531933,1.0,0.0,0.0,0.0,0.0
4553,0.9923923197865266,1.0,0.0,0.0,0.0,0.0
4554,0.9923923197865266,1.0,0.0,0.0,0.0,0.0
4555,1.0,1.0,0.0,0.0,0.0,0.0
4556,1.0,1.0,0.0,0.0,0.0,0.0
4557,0.9983333333333333,0.99,0.0,0.01,0.0,0.0
4558,1.0,0.99,0.0,0.01,0.0,0.0
4559,0.8933333333333331,0.99,0.0,0.01,0.0,0.0
4560,0.8766666666666667,0.99,0.0,0.01,0.0,0.0
4561,0.8366666666666669,0.98,0.0,0.02,0.0,0.0
4562,0.8333333333333333,0.96,0.0,0.04,0.0,0.0
4563,0.8683333333333334,0.99,0.0,0.01,0.0,0.0
4564,0.8933333333333333,0.99,0.0,0.0,0.01,0.0
4565,0.8966666666666667,1.0,0.0,0.0,0.0,0.0
4566,0.8383333333333333,1.0,0.0,0.0,0.0,0.0
4567,0.8716666666666665,1.0,0.0,0.0,0.0,0.0
4568,0.8583333333333332,1.0,0.0,0.0,0.0,0.0
4569,1.0,1.0,0.0,0.0,0.0,0.0
4570,1.0,1.0,0.0,0.0,0.0,0.0
4571,1.0,1.0,0.0,0.0,0.0,0.0
4572,1.0,1.0,0.0,0.0,0.0,0.0
4573,1.0,1.0,0.0,0.0,0.0,0.0
4574,1.0,1.0,0.0,0.0,0.0,0.0
4575,1.0,1.0,0.0,0.0,0.0,0.0
4576,1.0,1.0,0.0,0.0,0.0,0.0
4577,1.0,1.0,0.0,0.0,0.0,0.0
4578,1.0,1.0,0.0,0.0,0.0,0.0
4579,0.8699999999999999,1.0,0.0,0.0,0.0,0.0
4580,0.8783333333333333,1.0,0.0,0.0,0.0,0.0
4581,0.8500000000000001,1.0,0.0,0.0,0.0,0.0
4582,0.9083333333333333,1.0,0.0,0.0,0.0,0.0
4583,0.8416666666666667,1.0,0.0,0.0,0.0,0.0
4584,0.8333333333333331,1.0,0.0,0.0,0.0,0.0
4585,0.8766666666666666,1.0,0.0,0.0,0.0,0.0
4586,0.8916666666666666,1.0,0.0,0.0,0.0,0.0
4587,0.875,1.0,0.0,0.0,0.0,0.0
4588,0.87,0.99,0.0,0.0,0.01,0.0
4589,0.9933333333333333,0.96,0.0,0.0,0.04,0.0
4590,0.9966666666666667,1.0,0.0,0.0,0.0,0.0
4591,1.0,1.0,0.0,0.0,0.0,0.0
4592,1.0,1.0,0.0,0.0,0.0,0.0
4593,1.0,0.99,0.0,0.01,0.0,0.0
4594,0.9966666666666666,1.0,0.0,0.0,0.0,0.0
4595,1.0,1.0,0.0,0.0,0.0,0.0
4596,1.0,0.99,0.0,0.01,0.0,0.0
4597,0.9983333333333334,0.96,0.0,0.04,0.0,0.0
4598,1.0,0.93,0.0,0.07,0.0,0.0
4599,0.8366666666666667,0.96,0.0,0.04,0.0,0.0
4600,0.8633333333333333,0.96,0.0,0.04,0.0,0.0
4601,0.8683333333333334,0.95,0.0,0.05,0.0,0.0
4602,0.8616666666666668,0.97,0.0,0.03,0.0,0.0
4603,0.855,0.98,0.0,0.02,0.0,0.0
4604,0.8733333333333334,0.96,0.0,0.04,0.0,0.0
4605,0.8383333333333334,0.97,0.0,0.03,0.0,0.0
4606,0.8633333333333333,0.99,0.0,0.01,0.0,0.0
4607,0.8550000000000001,1.0,0.0,0.0,0.0,0.0
4608,0.8683333333333336,0.99,0.0,0.01,0.0,0.0
4609,1.0,1.0,0.0,0.0,0.0,0.0
4610,1.0,1.0,0.0,0.0,0.0,0.0
4611,1.0,1.0,0.0,0.0,0.0,0.0
4612,1.0,1.0,0.0,0.0,0.0,0.0
4613,1.0,1.0,0.0,0.0,0.0,0.0
4614,1.0,1.0,0.0,0.0,0.0,0.0
4615,0.996491930501753,1.0,0.0,0.0,0.0,0.0
4616,1.0,1.0,0.0,0.0,0.0,0.0
4617,1.0,1.0,0.0,0.0,0.0,0.0
4618,1.0,1.0,0.0,0.0,0.0,0.0
4619,0.8783333333333334,1.0,0.0,0.0,0.0,0.0
4620,0.8716666666666666,1.0,0.0,0.0,0.0,0.0
4621,0.8533333333333334,1.0,0.0,0.0,0.0,0.0
4622,0.875,1.0,0.0,0.0,0.0,0.0
4623,0.885,1.0,0.0,0.0,0.0,0.0
4624,0.8783333333333334,1.0,0.0,0.0,0.0,0.0
4625,0.8933333333333334,1.0,0.0,0.0,0.0,0.0
4626,0.8666666666666667,1.0,0.0,0.0,0.0,0.0
4627,0.8633333333333333,1.0,0.0,0.0,0.0,0.0
4628,0.8666666666666666,1.0,0.0,0.0,0.0,0.0
4629,1.0,1.0,0.0,0.0,0.0,0.0
4630,0.9983333333333334,1.0,0.0,0.0,0.0,0.0
4631,0.9983333333333334,1.0,0.0,0.0,0.0,0.0
4632,1.0,1.0,0.0,0.0,0.0,0.0
4633,1.0,1.0,0.0,0.0,0.0,0.0
4634,1.0,1.0,0.0,0.0,0.0,0.0
4635,1.0,1.0,0.0,0.0,0.0,0.0
4636,1.0,1.0,0.0,0.0,0.0,0.0
4637,1.0,1.0,0.0,0.0,0.0,0.0
4638,1.0,1.0,0.0,0.0,0.0,0.0
4639,0.8416666666666669,1.0,0.0,0.0,0.0,0.0
4640,0.8266666666666667,1.0,0.0,0.0,0.0,0.0
4641,0.8816666666666667,1.0,0.0,0.0,0.0,0.0
4642,0.8883333333333333,1.0,0.0,0.0,0.0,0.0
4643,0.8533333333333333,0.99,0.0,0.01,0.0,0.0
4644,0.8749999999999999,1.0,0.0,0.0,0.0,0.0
4645,0.8783333333333333,1.0,0.0,0.0,0.0,0.0
4646,0.8833333333333333,1.0,0.0,0.0,0.0,0.0
4647,0.8749999999999999,1.0,0.0,0.0,0.0,0.0
4648,0.86,1.0,0.0,0.0,0.0,0.0
4649,1.0,1.0,0.0,0.0,0.0,0.0
4650,1.0,1.0,0.0,0.0,0.0,0.0
4651,1.0,1.0,0.0,0.0,0.0,0.0
4652,1.0,1.0,0.0,0.0,0.0,0.0
4653,1.0,0.99,0.0,0.01,0.0,0.0
4654,1.0,0.98,0.0,0.02,0.0,0.0
4655,1.0,0.95,0.0,0.05,0.0,0.0
4656,1.0,0.98,0.0,0.02,0.0,0.0
4657,0.9983333333333334,0.98,0.0,0.02,0.0,0.0
4658,1.0,1.0,0.0,0.0,0.0,0.0
4659,0.8716666666666667,1.0,0.0,0.0,0.0,0.0
4660,0.8983333333333334,1.0,0.0,0.0,0.0,0.0
4661,0.895,1.0,0.0,0.0,0.0,0.0
4662,0.9166666666666665,1.0,0.0,0.0,0.0,0.0
4663,0.8950000000000001,1.0,0.0,0.0,0.0,0.0
4664,0.875,1.0,0.0,0.0,0.0,0.0
4665,0.8466666666666667,1.0,0.0,0.0,0.0,0.0
4666,0.885,1.0,0.0,0.0,0.0,0.0
4667,0.8766666666666667,1.0,0.0,0.0,0.0,0.0
4668,0.8666666666666666,1.0,0.0,0.0,0.0,0.0
4669,1.0,1.0,0.0,0.0,0.0,0.0
4670,1.0,1.0,0.0,0.0,0.0,0.0
4671,1.0,1.0,0.0,0.0,0.0,0.0
4672,1.0,0.99,0.0,0.01,0.0,0.0
4673,1.0,0.98,0.0,0.02,0.0,0.0
4674,1.0,0.98,0.0,0.02,0.0,0.0
4675,1.0,0.98,0.0,0.02,0.0,0.0
4676,1.0,0.97,0.0,0.03,0.0,0.0
4677,0.9966666666666667,0.94,0.0,0.06,0.0,0.0
4678,0.995,0.94,0.0,0.06,0.0,0.0
4679,0.8433333333333333,0.91,0.0,0.09,0.0,0.0
4680,0.8633333333333333,0.91,0.0,0.09,0.0,0.0
4681,0.8533333333333334,0.94,0.0,0.06,0.0,0.0
4682,0.8599999999999999,0.98,0.0,0.02,0.0,0.0
4683,0.85,1.0,0.0,0.0,0.0,0.0
4684,0.8333333333333335,1.0,0.0,0.0,0.0,0.0
4685,0.8950000000000001,1.0,0.0,0.0,0.0,0.0
4686,0.8866666666666667,1.0,0.0,0.0,0.0,0.0
4687,0.8616666666666666,1.0,0.0,0.0,0.0,0.0
4688,0.9,1.0,0.0,0.0,0.0,0.0
4689,1.0,1.0,0.0,0.0,0.0,0.0
4690,1.0,1.0,0.0,0.0,0.0,0.0
4691,1.0,1.0,0.0,0.0,0.0,0.0
4692,1.0,1.0,0.0,0.0,0.0,0.0
4693,1.0,1.0,0.0,0.0,0.0,0.0
4694,1.0,1.0,0.0,0.0,0.0,0.0
4695,0.9966666666666667,0.98,0.0,0.01,0.01,0.0
4696,0.9983333333333334,0.97,0.0,0.02,0.01,0.0
4697,0.995,0.95,0.0,0.03,0.02,0.0
4698,0.9916666666666667,0.94,0.0,0.03,0.03,0.0
4699,0.8433333333333333,0.93,0.0,0.04,0.03,0.0
4700,0.8566666666666665,0.93,0.0,0.05,0.02,0.0
4701,0.8316666666666669,0.94,0.0,0.03,0.03,0.0
4702,0.8433333333333333,0.93,0.0,0.02,0.05,0.0
4703,0.835,0.93,0.0,0.02,0.05,0.0
4704,0.9016666666666668,0.96,0.0,0.01,0.03,0.0
4705,0.8749999999999999,1.0,0.0,0.0,0.0,0.0
4706,0.8466666666666669,1.0,0.0,0.0,0.0,0.0
4707,0.8533333333333333,1.0,0.0,0.0,0.0,0.0
4708,0.87,1.0,0.0,0.0,0.0,0.0
4709,1.0,1.0,0.0,0.0,0.0,0.0
4710,1.0,1.0,0.0,0.0,0.0,0.0
4711,1.0,1.0,0.0,0.0,0.0,0.0
4712,1.0,1.0,0.0,0.0,0.0,0.0
4713,1.0,1.0,0.0,0.0,0.0,0.0
4714,1.0,0.99,0.0,0.01,0.0,0.0
4715,1.0,0.97,0.0,0.03,0.0,0.0
4716,1.0,0.97,0.0,0.03,0.0,0.0
4717,1.0,0.96,0.0,0.04,0.0,0.0
4718,0.995,0.97,0.0,0.02,0.01,0.0
4719,0.8233333333333335,0.98,0.0,0.01,0.01,0.0
4720,0.8833333333333333,0.98,0.0,0.0,0.02,0.0
4721,0.9049999999999998,0.98,0.0,0.0,0.02,0.0
4722,0.8849999999999999,0.98,0.0,0.0,0.02,0.0
4723,0.8616666666666667,0.99,0.0,0.0,0.01,0.0
4724,0.86,0.98,0.0,0.0,0.02,0.0
4725,0.8766666666666666,0.96,0.0,0.0,0.04,0.0
4726,0.9033333333333334,0.97,0.0,0.0,0.03,0.0
4727,0.8933333333333333,0.96,0.0,0.0,0.04,0.0
4728,0.9049999999999998,0.95,0.0,0.0,0.05,0.0
4729,0.975,0.92,0.0,0.0,0.08,0.0
4730,0.9800000000000001,0.94,0.0,0.0,0.06,0.0
4731,0.9883333333333334,0.96,0.0,0.0,0.04,0.0
4732,0.9900000000000001,0.97,0.0,0.0,0.03,0.0
4733,0.9933333333333334,0.98,0.0,0.0,0.02,0.0
4734,0.9966666666666666,0.99,0.0,0.0,0.01,0.0
4735,0.9966666666666666,0.99,0.0,0.0,0.01,0.0
4736,0.9966666666666666,0.99,0.0,0.0,0.01,0.0
4737,1.0,1.0,0.0,0.0,0.0,0.0
4738,1.0,1.0,0.0,0.0,0.0,0.0
4739,0.8866666666666667,1.0,0.0,0.0,0.0,0.0
4740,0.8966666666666668,1.0,0.0,0.0,0.0,0.0
4741,0.8533333333333334,1.0,0.0,0.0,0.0,0.0
4742,0.8683333333333334,0.99,0.0,0.01,0.0,0.0
4743,0.8300000000000002,0.99,0.0,0.01,0.0,0.0
4744,0.8533333333333333,0.99,0.0,0.01,0.0,0.0
4745,0.8783333333333335,0.98,0.0,0.02,0.0,0.0
4746,0.8416666666666669,0.99,0.0,0.01,0.0,0.0
4747,0.895,0.99,0.0,0.01,0.0,0.0
4748,0.865,1.0,0.0,0.0,0.0,0.0
4749,1.0,1.0,0.0,0.0,0.0,0.0
4750,1.0,1.0,0.0,0.0,0.0,0.0
4751,1.0,1.0,0.0,0.0,0.0,0.0
4752,1.0,1.0,0.0,0.0,0.0,0.0
4753,1.0,1.0,0.0,0.0,0.0,0.0
4754,1.0,1.0,0.0,0.0,0.0,0.0
4755,1.0,1.0,0.0,0.0,0.0,0.0
4756,1.0,1.0,0.0,0.0,0.0,0.0
4757,1.0,1.0,0.0,0.0,0.0,0.0
4758,1.0,1.0,0.0,0.0,0.0,0.0
4759,0.8849999999999999,1.0,0.0,0.0,0.0,0.0
4760,0.8899999999999999,1.0,0.0,0.0,0.0,0.0
4761,0.88,1.0,0.0,0.0,0.0,0.0
4762,0.88,1.0,0.0,0.0,0.0,0.0
4763,0.8516666666666667,1.0,0.0,0.0,0.0,0.0
4764,0.8633333333333333,1.0,0.0,0.0,0.0,0.0
4765,0.8833333333333333,1.0,0.0,0.0,0.0,0.0
4766,0.8866666666666667,1.0,0.0,0.0,0.0,0.0
4767,0.8633333333333333,1.0,0.0,0.0,0.0,0.0
4768,0.8733333333333333,1.0,0.0,0.0,0.0,0.0
4769,1.0,1.0,0.0,0.0,0.0,0.0
4770,0.9966666666666667,1.0,0.0,0.0,0.0,0.0
4771,0.9933333333333333,1.0,0.0,0.0,0.0,0.0
4772,1.0,1.0,0.0,0.0,0.0,0.0
4773,1.0,1.0,0.0,0.0,0.0,0.0
4774,0.9933333333333333,1.0,0.0,0.0,0.0,0.0
4775,1.0,1.0,0.0,0.0,0.0,0.0
4776,1.0,1.0,0.0,0.0,0.0,0.0
4777,1.0,1.0,0.0,0.0,0.0,0.0
4778,1.0,1.0,0.0,0.0,0.0,0.0
4779,0.8633333333333332,1.0,0.0,0.0,0.0,0.0
4780,0.8716666666666668,1.0,0.0,0.0,0.0,0.0
4781,0.8899999999999999,1.0,0.0,0.0,0.0,0.0
4782,0.89,1.0,0.0,0.0,0.0,0.0
4783,0.89,1.0,0.0,0.0,0.0,0.0
4784,0.9083333333333333,1.0,0.0,0.0,0.0,0.0
4785,0.875,1.0,0.0,0.0,0.0,0.0
4786,0.9049999999999998,1.0,0.0,0.0,0.0,0.0
4787,0.8466666666666665,1.0,0.0,0.0,0.0,0.0
4788,0.8416666666666667,1.0,0.0,0.0,0.0,0.0
4789,1.0,1.0,0.0,0.0,0.0,0.0
4790,1.0,1.0,0.0,0.0,0.0,0.0
4791,1.0,1.0,0.0,0.0,0.0,0.0
4792,1.0,1.0,0.0,0.0,0.0,0.0
4793,1.0,1.0,0.0,0.0,0.0,0.0
4794,1.0,1.0,0.0,0.0,0.0,0.0
4795,1.0,1.0,0.0,0.0,0.0,0.0
4796,1.0,1.0,0.0,0.0,0.0,0.0
4797,1.0,1.0,0.0,0.0,0.0,0.0
4798,0.9966666666666667,1.0,0.0,0.0,0.0,0.0
4799,0.8783333333333333,1.0,0.0,0.0,0.0,0.0
4800,0.8716666666666666,1.0,0.0,0.0,0.0,0.0
4801,0.8716666666666667,1.0,0.0,0.0,0.0,0.0
4802,0.8683333333333333,1.0,0.0,0.0,0.0,0.0
4803,0.865,0.99,0.0,0.01,0.0,0.0
4804,0.8916666666666666,0.99,0.0,0.01,0.0,0.0
4805,0.8766666666666666,1.0,0.0,0.0,0.0,0.0
4806,0.8633333333333334,1.0,0.0,0.0,0.0,0.0
4807,0.8566666666666666,1.0,0.0,0.0,0.0,0.0
4808,0.8533333333333334,1.0,0.0,0.0,0.0,0.0
4809,1.0,1.0,0.0,0.0,0.0,0.0
4810,1.0,1.0,0.0,0.0,0.0,0.0
4811,0.9983333333333334,1.0,0.0,0.0,0.0,0.0
4812,1.0,1.0,0.0,0.0,0.0,0.0
4813,1.0,1.0,0.0,0.0,0.0,0.0
4814,1.0,1.0,0.0,0.0,0.0,0.0
4815,1.0,1.0,0.0,0.0,0.0,0.0
4816,1.0,1.0,0.0,0.0,0.0,0.0
4817,1.0,1.0,0.0,0.0,0.0,0.0
4818,0.9966666666666667,0.99,0.0,0.0,0.01,0.0
4819,0.88,1.0,0.0,0.0,0.0,0.0
4820,0.86,1.0,0.0,0.0,0.0,0.0
4821,0.89,1.0,0.0,0.0,0.0,0.0
4822,0.8816666666666667,1.0,0.0,0.0,0.0,0.0
4823,0.8333333333333333,1.0,0.0,0.0,0.0,0.0
4824,0.8800000000000001,0.99,0.0,0.01,0.0,0.0
4825,0.8766666666666667,0.99,0.0,0.01,0.0,0.0
4826,0.8466666666666667,1.0,0.0,0.0,0.0,0.0
4827,0.88,1.0,0.0,0.0,0.0,0.0
4828,0.8800000000000001,1.0,0.0,0.0,0.0,0.0
4829,1.0,1.0,0.0,0.0,0.0,0.0
4830,1.0,1.0,0.0,0.0,0.0,0.0
4831,1.0,0.99,0.0,0.01,0.0,0.0
4832,1.0,1.0,0.0,0.0,0.0,0.0
4833,1.0,1.0,0.0,0.0,0.0,0.0
4834,1.0,1.0,0.0,0.0,0.0,0.0
4835,1.0,1.0,0.0,0.0,0.0,0.0
4836,1.0,1.0,0.0,0.0,0.0,0.0
4837,1.0,1.0,0.0,0.0,0.0,0.0
4838,1.0,1.0,0.0,0.0,0.0,0.0
4839,0.875,1.0,0.0,0.0,0.0,0.0
4840,0.8766666666666668,1.0,0.0,0.0,0.0,0.0
4841,0.9,1.0,0.0,0.0,0.0,0.0
4842,0.8583333333333333,1.0,0.0,0.0,0.0,0.0
4843,0.8749999999999999,1.0,0.0,0.0,0.0,0.0
4844,0.8866666666666666,1.0,0.0,0.0,0.0,0.0
4845,0.8466666666666669,1.0,0.0,0.0,0.0,0.0
4846,0.885,1.0,0.0,0.0,0.0,0.0
4847,0.885,1.0,0.0,0.0,0.0,0.0
4848,0.9283333333333332,1.0,0.0,0.0,0.0,0.0
4849,1.0,1.0,0.0,0.0,0.0,0.0
4850,1.0,1.0,0.0,0.0,0.0,0.0
4851,1.0,1.0,0.0,0.0,0.0,0.0
4852,1.0,1.0,0.0,0.0,0.0,0.0
4853,1.0,0.99,0.0,0.01,0.0,0.0
4854,0.9966666666666666,0.99,0.0,0.01,0.0,0.0
4855,1.0,0.99,0.0,0.01,0.0,0.0
4856,0.9983333333333333,0.97,0.0,0.03,0.0,0.0
4857,1.0,0.99,0.0,0.01,0.0,0.0
4858,1.0,0.98,0.0,0.02,0.0,0.0
4859,0.8883333333333333,0.98,0.0,0.02,0.0,0.0
4860,0.8983333333333334,0.98,0.0,0.02,0.0,0.0
4861,0.885,0.99,0.0,0.01,0.0,0.0
4862,0.845,1.0,0.0,0.0,0.0,0.0
4863,0.905,1.0,0.0,0.0,0.0,0.0
4864,0.8716666666666666,1.0,0.0,0.0,0.0,0.0
4865,0.8983333333333334,1.0,0.0,0.0,0.0,0.0
4866,0.875,1.0,0.0,0.0,0.0,0.0
4867,0.8883333333333333,1.0,0.0,0.0,0.0,0.0
4868,0.8483333333333333,1.0,0.0,0.0,0.0,0.0
4869,0.9966666666666666,1.0,0.0,0.0,0.0,0.0
4870,1.0,1.0,0.0,0.0,0.0,0.0
4871,1.0,1.0,0.0,0.0,0.0,0.0
4872,1.0,1.0,0.0,0.0,0.0,0.0
4873,1.0,1.0,0.0,0.0,0.0,0.0
4874,0.9966666666666666,0.99,0.0,0.01,0.0,0.0
4875,0.9966666666666667,0.99,0.0,0.01,0.0,0.0
4876,1.0,1.0,0.0,0.0,0.0,0.0
4877,1.0,1.0,0.0,0.0,0.0,0.0
4878,1.0,1.0,0.0,0.0,0.0,0.0
4879,0.91,1.0,0.0,0.0,0.0,0.0
4880,0.8766666666666667,1.0,0.0,0.0,0.0,0.0
4881,0.8683333333333333,1.0,0.0,0.0,0.0,0.0
4882,0.8466666666666666,1.0,0.0,0.0,0.0,0.0
4883,0.85,1.0,0.0,0.0,0.0,0.0
4884,0.86,1.0,0.0,0.0,0.0,0.0
4885,0.8766666666666667,1.0,0.0,0.0,0.0,0.0
4886,0.88,1.0,0.0,0.0,0.0,0.0
4887,0.89,1.0,0.0,0.0,0.0,0.0
4888,0.8833333333333333,1.0,0.0,0.0,0.0,0.0
4889,0.9800000000000001,1.0,0.0,0.0,0.0,0.0
4890,0.9933333333333333,1.0,0.0,0.0,0.0,0.0
4891,0.9700000000000003,1.0,0.0,0.0,0.0,0.0
4892,0.9900000000000001,1.0,0.0,0.0,0.0,0.0
4893,0.9866666666666667,1.0,0.0,0.0,0.0,0.0
4894,0.9933333333333334,1.0,0.0,0.0,0.0,0.0
4895,1.0,1.0,0.0,0.0,0.0,0.0
4896,1.0,1.0,0.0,0.0,0.0,0.0
4897,1.0,1.0,0.0,0.0,0.0,0.0
4898,1.0,1.0,0.0,0.0,0.0,0.0
4899,0.8533333333333334,0.99,0.0,0.01,0.0,0.0
4900,0.8683333333333334,1.0,0.0,0.0,0.0,0.0
4901,0.8866666666666666,0.99,0.0,0.01,0.0,0.0
4902,0.8566666666666667,1.0,0.0,0.0,0.0,0.0
4903,0.8566666666666667,1.0,0.0,0.0,0.0,0.0
4904,0.8766666666666667,1.0,0.0,0.0,0.0,0.0
4905,0.8716666666666667,1.0,0.0,0.0,0.0,0.0
4906,0.8533333333333334,1.0,0.0,0.0,0.0,0.0
4907,0.865,1.0,0.0,0.0,0.0,0.0
4908,0.8866666666666666,1.0,0.0,0.0,0.0,0.0
4909,1.0,1.0,0.0,0.0,0.0,0.0
4910,1.0,1.0,0.0,0.0,0.0,0.0
4911,1.0,1.0,0.0,0.0,0.0,0.0
4912,1.0,1.0,0.0,0.0,0.0,0.0
4913,1.0,1.0,0.0,0.0,0.0,0.0
4914,1.0,1.0,0.0,0.0,0.0,0.0
4915,1.0,1.0,0.0,0.0,0.0,0.0
4916,1.0,1.0,0.0,0.0,0.0,0.0
4917,1.0,1.0,0.0,0.0,0.0,0.0
4918,1.0,1.0,0.0,0.0,0.0,0.0
4919,0.89,1.0,0.0,0.0,0.0,0.0
4920,0.9033333333333333,1.0,0.0,0.0,0.0,0.0
4921,0.8666666666666668,1.0,0.0,0.0,0.0,0.0
4922,0.8933333333333333,1.0,0.0,0.0,0.0,0.0
4923,0.825,0.99,0.0,0.01,0.0,0.0
4924,0.87,1.0,0.0,0.0,0.0,0.0
4925,0.8900000000000001,1.0,0.0,0.0,0.0,0.0
4926,0.8466666666666669,1.0,0.0,0.0,0.0,0.0
4927,0.8533333333333334,1.0,0.0,0.0,0.0,0.0
4928,0.845,1.0,0.0,0.0,0.0,0.0
4929,1.0,1.0,0.0,0.0,0.0,0.0
4930,1.0,1.0,0.0,0.0,0.0,0.0
4931,1.0,1.0,0.0,0.0,0.0,0.0
4932,1.0,1.0,0.0,0.0,0.0,0.0
4933,0.9966666666666667,0.98,0.0,0.02,0.0,0.0
4934,1.0,1.0,0.0,0.0,0.0,0.0
4935,1.0,1.0,0.0,0.0,0.0,0.0
4936,1.0,1.0,0.0,0.0,0.0,0.0
4937,1.0,1.0,0.0,0.0,0.0,0.0
4938,1.0,1.0,0.0,0.0,0.0,0.0
4939,0.8416666666666667,1.0,0.0,0.0,0.0,0.0
4940,0.865,1.0,0.0,0.0,0.0,0.0
4941,0.8616666666666666,1.0,0.0,0.0,0.0,0.0
4942,0.8549999999999999,1.0,0.0,0.0,0.0,0.0
4943,0.8833333333333333,0.99,0.0,0.01,0.0,0.0
4944,0.84,0.99,0.0,0.01,0.0,0.0
4945,0.8666666666666667,1.0,0.0,0.0,0.0,0.0
4946,0.8766666666666667,1.0,0.0,0.0,0.0,0.0
4947,0.8816666666666668,1.0,0.0,0.0,0.0,0.0
4948,0.8699999999999999,1.0,0.0,0.0,0.0,0.0
4949,1.0,1.0,0.0,0.0,0.0,0.0
4950,1.0,1.0,0.0,0.0,0.0,0.0
4951,0.9966666666666666,1.0,0.0,0.0,0.0,0.0
4952,1.0,1.0,0.0,0.0,0.0,0.0
4953,1.0,1.0,0.0,0.0,0.0,0.0
4954,1.0,1.0,0.0,0.0,0.0,0.0
4955,1.0,1.0,0.0,0.0,0.0,0.0
4956,1.0,1.0,0.0,0.0,0.0,0.0
4957,1.0,1.0,0.0,0.0,0.0,0.0
4958,1.0,1.0,0.0,0.0,0.0,0.0
4959,0.8733333333333334,0.99,0.0,0.01,0.0,0.0
4960,0.8766666666666668,0.98,0.0,0.02,0.0,0.0
4961,0.8833333333333333,0.99,0.0,0.01,0.0,0.0
4962,0.8566666666666667,1.0,0.0,0.0,0.0,0.0
4963,0.875,1.0,0.0,0.0,0.0,0.0
4964,0.8933333333333334,1.0,0.0,0.0,0.0,0.0
4965,0.8666666666666666,1.0,0.0,0.0,0.0,0.0
4966,0.8666666666666667,1.0,0.0,0.0,0.0,0.0
4967,0.9016666666666667,1.0,0.0,0.0,0.0,0.0
4968,0.8816666666666667,1.0,0.0,0.0,0.0,0.0
4969,1.0,1.0,0.0,0.0,0.0,0.0
4970,1.0,1.0,0.0,0.0,0.0,0.0
4971,1.0,1.0,0.0,0.0,0.0,0.0
4972,1.0,1.0,0.0,0.0,0.0,0.0
4973,1.0,1.0,0.0,0.0,0.0,0.0
4974,1.0,1.0,0.0,0.0,0.0,0.0
4975,0.9933333333333333,0.99,0.0,0.01,0.0,0.0
4976,1.0,1.0,0.0,0.0,0.0,0.0
4977,1.0,1.0,0.0,0.0,0.0,0.0
4978,0.9966666666666666,1.0,0.0,0.0,0.0,0.0
4979,0.8583333333333333,1.0,0.0,0.0,0.0,0.0
4980,0.8566666666666666,1.0,0.0,0.0,0.0,0.0
4981,0.8583333333333334,1.0,0.0,0.0,0.0,0.0
4982,0.8433333333333334,1.0,0.0,0.0,0.0,0.0
4983,0.8366666666666669,1.0,0.0,0.0,0.0,0.0
4984,0.8816666666666666,1.0,0.0,0.0,0.0,0.0
4985,0.8866666666666666,1.0,0.0,0.0,0.0,0.0
4986,0.9050000000000001,1.0,0.0,0.0,0.0,0.0
4987,0.8749999999999999,1.0,0.0,0.0,0.0,0.0
4988,0.8716666666666666,1.0,0.0,0.0,0.0,0.0
4989,1.0,1.0,0.0,0.0,0.0,0.0
4990,1.0,1.0,0.0,0.0,0.0,0.0
4991,1.0,1.0,0.0,0.0,0.0,0.0
4992,1.0,1.0,0.0,0.0,0.0,0.0
4993,1.0,1.0,0.0,0.0,0.0,0.0
4994,1.0,1.0,0.0,0.0,0.0,0.0
4995,0.9966666666666667,1.0,0.0,0.0,0.0,0.0
4996,0.9966666666666666,1.0,0.0,0.0,0.0,0.0
4997,0.9966666666666666,1.0,0.0,0.0,0.0,0.0
4998,1.0,0.99,0.0,0.01,0.0,0.0
4999,0.87,0.99,0.0,0.01,0.0,0.0
5000,0.8966666666666668,0.98,0.0,0.01,0.01,0.0
5001,0.905,0.99,0.0,0.01,0.0,0.0
5002,0.8316666666666667,0.98,0.0,0.02,0.0,0.0
5003,0.8416666666666666,0.98,0.0,0.02,0.0,0.0
5004,0.8566666666666667,0.98,0.0,0.02,0.0,0.0
5005,0.8616666666666667,0.99,0.0,0.01,0.0,0.0
5006,0.8633333333333333,0.99,0.0,0.01,0.0,0.0
5007,0.9,1.0,0.0,0.0,0.0,0.0
5008,0.89,1.0,0.0,0.0,0.0,0.0
5009,0.9983333333333334,1.0,0.0,0.0,0.0,0.0
5010,1.0,1.0,0.0,0.0,0.0,0.0
5011,1.0,1.0,0.0,0.0,0.0,0.0
5012,1.0,1.0,0.0,0.0,0.0,0.0
5013,1.0,1.0,0.0,0.0,0.0,0.0
5014,0.9966666666666667,1.0,0.0,0.0,0.0,0.0
5015,1.0,1.0,0.0,0.0,0.0,0.0
5016,1.0,1.0,0.0,0.0,0.0,0.0
5017,0.9983333333333333,1.0,0.0,0.0,0.0,0.0
5018,1.0,1.0,0.0,0.0,0.0,0.0
5019,0.8550000000000001,1.0,0.0,0.0,0.0,0.0
5020,0.8683333333333333,1.0,0.0,0.0,0.0,0.0
5021,0.9033333333333334,1.0,0.0,0.0,0.0,0.0
5022,0.8883333333333334,1.0,0.0,0.0,0.0,0.0
5023,0.8712726730961207,1.0,0.0,0.0,0.0,0.0
5024,0.8966666666666666,1.0,0.0,0.0,0.0,0.0
5025,0.8633333333333334,1.0,0.0,0.0,0.0,0.0
5026,0.84,1.0,0.0,0.0,0.0,0.0
5027,0.8366666666666667,1.0,0.0,0.0,0.0,0.0
5028,0.8716666666666666,1.0,0.0,0.0,0.0,0.0
5029,1.0,1.0,0.0,0.0,0.0,0.0
5030,1.0,1.0,0.0,0.0,0.0,0.0
5031,1.0,1.0,0.0,0.0,0.0,0.0
5032,1.0,1.0,0.0,0.0,0.0,0.0
5033,1.0,1.0,0.0,0.0,0.0,0.0
5034,1.0,1.0,0.0,0.0,0.0,0.0
5035,1.0,0.99,0.0,0.01,0.0,0.0
5036,0.9966666666666667,0.99,0.0,0.01,0.0,0.0
5037,1.0,0.99,0.0,0.01,0.0,0.0
5038,1.0,1.0,0.0,0.0,0.0,0.0
5039,0.8933333333333333,1.0,0.0,0.0,0.0,0.0
5040,0.8966666666666667,1.0,0.0,0.0,0.0,0.0
5041,0.8933333333333334,1.0,0.0,0.0,0.0,0.0
5042,0.9140663851988112,0.99,0.0,0.01,0.0,0.0
5043,0.8890663851988113,0.99,0.0,0.01,0.0,0.0
5044,0.9021991555964338,0.97,0.0,0.03,0.0,0.0
5045,0.8912655407952453,0.96,0.0,0.04,0.0,0.0
5046,0.8862655407952453,0.95,0.0,0.05,0.0,0.0
5047,0.89866525932739,0.95,0.0,0.05,0.0,0.0
5048,0.8543983111928679,0.94,0.0,0.06,0.0,0.0
5049,0.9966666666666667,0.94,0.0,0.06,0.0,0.0
5050,1.0,0.94,0.0,0.06,0.0,0.0
5051,0.9966666666666667,0.93,0.0,0.07,0.0,0.0
5052,0.9983333333333333,0.95,0.0,0.05,0.0,0.0
5053,0.9983333333333333,0.93,0.0,0.07,0.0,0.0
5054,0.9983333333333334,0.92,0.0,0.08,0.0,0.0
5055,0.9966666666666666,0.93,0.0,0.07,0.0,0.0
5056,1.0,0.92,0.0,0.08,0.0,0.0
5057,0.9983333333333333,0.93,0.0,0.07,0.0,0.0
5058,0.995,0.92,0.0,0.08,0.0,0.0
5059,0.8116666666666669,0.92,0.0,0.08,0.0,0.0
5060,0.8533333333333333,0.96,0.0,0.04,0.0,0.0
5061,0.8516666666666667,0.97,0.0,0.03,0.0,0.0
5062,0.8783333333333334,0.96,0.0,0.04,0.0,0.0
5063,0.8466666666666666,0.97,0.0,0.02,0.01,0.0
5064,0.86,0.99,0.0,0.0,0.01,0.0
5065,0.8783333333333334,0.99,0.0,0.0,0.01,0.0
5066,0.8716666666666666,0.99,0.0,0.0,0.01,0.0
5067,0.865,0.99,0.0,0.0,0.01,0.0
5068,0.8649999999999999,0.99,0.0,0.0,0.01,0.0
5069,0.9266666666666669,0.99,0.0,0.0,0.01,0.0
5070,0.9533333333333335,1.0,0.0,0.0,0.0,0.0
5071,0.9600000000000003,1.0,0.0,0.0,0.0,0.0
5072,0.9566666666666667,1.0,0.0,0.0,0.0,0.0
5073,0.9566666666666664,1.0,0.0,0.0,0.0,0.0
5074,0.9466666666666669,0.99,0.0,0.0,0.01,0.0
5075,0.9633333333333334,0.99,0.0,0.0,0.01,0.0
5076,0.9666666666666667,0.99,0.0,0.0,0.01,0.0
5077,0.9699999999999999,1.0,0.0,0.0,0.0,0.0
5078,0.9766666666666669,1.0,0.0,0.0,0.0,0.0
5079,0.905,1.0,0.0,0.0,0.0,0.0
5080,0.87,1.0,0.0,0.0,0.0,0.0
5081,0.8533333333333333,1.0,0.0,0.0,0.0,0.0
5082,0.8616666666666666,1.0,0.0,0.0,0.0,0.0
5083,0.8650000000000001,1.0,0.0,0.0,0.0,0.0
5084,0.8616666666666668,1.0,0.0,0.0,0.0,0.0
5085,0.85,1.0,0.0,0.0,0.0,0.0
5086,0.9016666666666667,1.0,0.0,0.0,0.0,0.0
5087,0.86,1.0,0.0,0.0,0.0,0.0
5088,0.8733333333333333,1.0,0.0,0.0,0.0,0.0
5089,1.0,1.0,0.0,0.0,0.0,0.0
5090,1.0,1.0,0.0,0.0,0.0,0.0
5091,1.0,1.0,0.0,0.0,0.0,0.0
5092,0.9966666666666667,0.99,0.0,0.01,0.0,0.0
5093,1.0,0.99,0.0,0.01,0.0,0.0
5094,1.0,0.99,0.0,0.01,0.0,0.0
5095,1.0,0.99,0.0,0.01,0.0,0.0
5096,1.0,1.0,0.0,0.0,0.0,0.0
5097,1.0,1.0,0.0,0.0,0.0,0.0
5098,1.0,1.0,0.0,0.0,0.0,0.0
5099,0.9033333333333333,1.0,0.0,0.0,0.0,0.0
5100,0.9116666666666667,1.0,0.0,0.0,0.0,0.0
5101,0.9333333333333335,1.0,0.0,0.0,0.0,0.0
5102,0.8750000000000001,1.0,0.0,0.0,0.0,0.0
5103,0.8866666666666666,0.99,0.0,0.01,0.0,0.0
5104,0.8666666666666667,0.98,0.0,0.02,0.0,0.0
5105,0.8683333333333332,0.99,0.0,0.01,0.0,0.0
5106,0.8516666666666666,0.98,0.0,0.02,0.0,0.0
5107,0.8849999999999999,1.0,0.0,0.0,0.0,0.0
5108,0.8783333333333335,1.0,0.0,0.0,0.0,0.0
5109,1.0,1.0,0.0,0.0,0.0,0.0
5110,1.0,1.0,0.0,0.0,0.0,0.0
5111,1.0,1.0,0.0,0.0,0.0,0.0
5112,1.0,1.0,0.0,0.0,0.0,0.0
5113,1.0,0.99,0.0,0.01,0.0,0.0
5114,0.9933333333333334,0.96,0.0,0.04,0.0,0.0
5115,0.9866666666666667,0.96,0.0,0.04,0.0,0.0
5116,0.9866666666666666,0.95,0.0,0.05,0.0,0.0
5117,0.9800000000000001,0.93,0.0,0.07,0.0,0.0
5118,0.9966666666666667,0.95,0.0,0.05,0.0,0.0
5119,0.8866666666666667,0.93,0.0,0.07,0.0,0.0
5120,0.9250000000000002,0.96,0.0,0.04,0.0,0.0
5121,0.8516666666666667,0.97,0.0,0.03,0.0,0.0
5122,0.8849999999999999,0.95,0.0,0.05,0.0,0.0
5123,0.83,0.96,0.0,0.04,0.0,0.0
5124,0.8833333333333333,0.99,0.0,0.01,0.0,0.0
5125,0.89,1.0,0.0,0.0,0.0,0.0
5126,0.8666666666666666,1.0,0.0,0.0,0.0,0.0
5127,0.82,1.0,0.0,0.0,0.0,0.0
5128,0.9149999999999998,1.0,0.0,0.0,0.0,0.0
5129,1.0,1.0,0.0,0.0,0.0,0.0
5130,1.0,1.0,0.0,0.0,0.0,0.0
5131,1.0,1.0,0.0,0.0,0.0,0.0
5132,1.0,0.99,0.0,0.01,0.0,0.0
5133,1.0,0.99,0.0,0.01,0.0,0.0
5134,1.0,0.99,0.0,0.01,0.0,0.0
5135,0.9966666666666667,0.99,0.0,0.01,0.0,0.0
5136,1.0,0.99,0.0,0.01,0.0,0.0
5137,1.0,0.98,0.0,0.02,0.0,0.0
5138,1.0,0.98,0.0,0.02,0.0,0.0
5139,0.8966666666666667,0.98,0.0,0.02,0.0,0.0
5140,0.8716666666666668,0.97,0.0,0.03,0.0,0.0
5141,0.8433333333333334,0.98,0.0,0.02,0.0,0.0
5142,0.8950000000000001,1.0,0.0,0.0,0.0,0.0
5143,0.8383333333333334,1.0,0.0,0.0,0.0,0.0
5144,0.8666666666666667,1.0,0.0,0.0,0.0,0.0
5145,0.8933333333333334,1.0,0.0,0.0,0.0,0.0
5146,0.87,1.0,0.0,0.0,0.0,0.0
5147,0.85,1.0,0.0,0.0,0.0,0.0
5148,0.9033333333333333,1.0,0.0,0.0,0.0,0.0
5149,0.9966666666666666,1.0,0.0,0.0,0.0,0.0
5150,1.0,1.0,0.0,0.0,0.0,0.0
5151,1.0,1.0,0.0,0.0,0.0,0.0
5152,0.9983333333333333,1.0,0.0,0.0,0.0,0.0
5153,1.0,1.0,0.0,0.0,0.0,0.0
5154,1.0,1.0,0.0,0.0,0.0,0.0
5155,1.0,1.0,0.0,0.0,0.0,0.0
5156,1.0,1.0,0.0,0.0,0.0,0.0
5157,1.0,1.0,0.0,0.0,0.0,0.0
5158,1.0,1.0,0.0,0.0,0.0,0.0
5159,0.8499999999999999,1.0,0.0,0.0,0.0,0.0
5160,0.8799999999999999,1.0,0.0,0.0,0.0,0.0
5161,0.86,1.0,0.0,0.0,0.0,0.0
5162,0.9133333333333333,1.0,0.0,0.0,0.0,0.0
5163,0.875,1.0,0.0,0.0,0.0,0.0
5164,0.8999999999999999,1.0,0.0,0.0,0.0,0.0
5165,0.8933333333333333,1.0,0.0,0.0,0.0,0.0
5166,0.8666666666666666,1.0,0.0,0.0,0.0,0.0
5167,0.9,1.0,0.0,0.0,0.0,0.0
5168,0.8750000000000001,1.0,0.0,0.0,0.0,0.0
5169,1.0,1.0,0.0,0.0,0.0,0.0
5170,1.0,1.0,0.0,0.0,0.0,0.0
5171,1.0,1.0,0.0,0.0,0.0,0.0
5172,0.9983333333333333,0.99,0.0,0.0,0.01,0.0
5173,1.0,1.0,0.0,0.0,0.0,0.0
5174,1.0,1.0,0.0,0.0,0.0,0.0
5175,1.0,1.0,0.0,0.0,0.0,0.0
5176,1.0,1.0,0.0,0.0,0.0,0.0
5177,1.0,1.0,0.0,0.0,0.0,0.0
5178,1.0,1.0,0.0,0.0,0.0,0.0
5179,0.8583333333333334,1.0,0.0,0.0,0.0,0.0
5180,0.8833333333333334,1.0,0.0,0.0,0.0,0.0
5181,0.8733333333333333,0.99,0.0,0.0,0.01,0.0
5182,0.8716666666666667,0.98,0.0,0.0,0.02,0.0
5183,0.8766666666666666,0.99,0.0,0.0,0.01,0.0
5184,0.88,0.97,0.0,0.0,0.03,0.0
5185,0.8900000000000001,0.97,0.0,0.0,0.03,0.0
5186,0.88,0.96,0.0,0.0,0.04,0.0
5187,0.8816666666666667,0.99,0.0,0.0,0.01,0.0
5188,0.8666666666666666,0.99,0.0,0.0,0.01,0.0
5189,1.0,1.0,0.0,0.0,0.0,0.0
5190,1.0,1.0,0.0,0.0,0.0,0.0
5191,1.0,1.0,0.0,0.0,0.0,0.0
5192,0.9983333333333334,1.0,0.0,0.0,0.0,0.0
5193,1.0,1.0,0.0,0.0,0.0,0.0
5194,1.0,1.0,0.0,0.0,0.0,0.0
5195,1.0,1.0,0.0,0.0,0.0,0.0
5196,0.9966666666666667,1.0,0.0,0.0,0.0,0.0
5197,1.0,1.0,0.0,0.0,0.0,0.0
5198,1.0,1.0,0.0,0.0,0.0,0.0
5199,0.8266666666666665,1.0,0.0,0.0,0.0,0.0
5200,0.9233333333333333,1.0,0.0,0.0,0.0,0.0
5201,0.8783333333333333,1.0,0.0,0.0,0.0,0.0
5202,0.885,1.0,0.0,0.0,0.0,0.0
5203,0.8716666666666667,1.0,0.0,0.0,0.0,0.0
5204,0.9000000000000001,1.0,0.0,0.0,0.0,0.0
5205,0.8533333333333333,1.0,0.0,0.0,0.0,0.0
5206,0.8566666666666667,1.0,0.0,0.0,0.0,0.0
5207,0.865,1.0,0.0,0.0,0.0,0.0
5208,0.8649999999999999,1.0,0.0,0.0,0.0,0.0
5209,1.0,1.0,0.0,0.0,0.0,0.0
5210,0.9966666666666667,1.0,0.0,0.0,0.0,0.0
5211,1.0,1.0,0.0,0.0,0.0,0.0
5212,1.0,1.0,0.0,0.0,0.0,0.0
5213,0.9966666666666667,1.0,0.0,0.0,0.0,0.0
5214,1.0,1.0,0.0,0.0,0.0,0.0
5215,1.0,1.0,0.0,0.0,0.0,0.0
5216,1.0,0.99,0.0,0.01,0.0,0.0
5217,0.9966666666666666,1.0,0.0,0.0,0.0,0.0
5218,1.0,1.0,0.0,0.0,0.0,0.0
5219,0.8933333333333333,1.0,0.0,0.0,0.0,0.0
5220,0.8699999999999999,1.0,0.0,0.0,0.0,0.0
5221,0.8933333333333333,1.0,0.0,0.0,0.0,0.0
5222,0.9033333333333333,1.0,0.0,0.0,0.0,0.0
5223,0.8800000000000001,1.0,0.0,0.0,0.0,0.0
5224,0.8833333333333334,1.0,0.0,0.0,0.0,0.0
5225,0.885,1.0,0.0,0.0,0.0,0.0
5226,0.8600000000000001,1.0,0.0,0.0,0.0,0.0
5227,0.8666666666666666,1.0,0.0,0.0,0.0,0.0
5228,0.86,1.0,0.0,0.0,0.0,0.0
5229,1.0,1.0,0.0,0.0,0.0,0.0
5230,1.0,1.0,0.0,0.0,0.0,0.0
5231,1.0,1.0,0.0,0.0,0.0,0.0
5232,0.9949999999999999,0.99,0.0,0.01,0.0,0.0
5233,1.0,1.0,0.0,0.0,0.0,0.0
5234,0.9966666666666667,1.0,0.0,0.0,0.0,0.0
5235,1.0,1.0,0.0,0.0,0.0,0.0
5236,1.0,1.0,0.0,0.0,0.0,0.0
5237,1.0,1.0,0.0,0.0,0.0,0.0
5238,1.0,1.0,0.0,0.0,0.0,0.0
5239,0.8466666666666667,1.0,0.0,0.0,0.0,0.0
5240,0.8216666666666665,1.0,0.0,0.0,0.0,0.0
5241,0.8683333333333334,1.0,0.0,0.0,0.0,0.0
5242,0.8683333333333333,1.0,0.0,0.0,0.0,0.0
5243,0.88,1.0,0.0,0.0,0.0,0.0
5244,0.9266666666666665,0.99,0.0,0.01,0.0,0.0
5245,0.8733333333333333,1.0,0.0,0.0,0.0,0.0
5246,0.8533333333333333,1.0,0.0,0.0,0.0,0.0
5247,0.8450000000000002,1.0,0.0,0.0,0.0,0.0
5248,0.89,1.0,0.0,0.0,0.0,0.0
5249,1.0,1.0,0.0,0.0,0.0,0.0
5250,1.0,0.99,0.0,0.01,0.0,0.0
5251,1.0,1.0,0.0,0.0,0.0,0.0
5252,1.0,1.0,0.0,0.0,0.0,0.0
5253,1.0,1.0,0.0,0.0,0.0,0.0
5254,1.0,1.0,0.0,0.0,0.0,0.0
5255,1.0,1.0,0.0,0.0,0.0,0.0
5256,1.0,1.0,0.0,0.0,0.0,0.0
5257,1.0,1.0,0.0,0.0,0.0,0.0
5258,0.9966666666666666,1.0,0.0,0.0,0.0,0.0
5259,0.825,0.99,0.0,0.01,0.0,0.0
5260,0.8716666666666667,1.0,0.0,0.0,0.0,0.0
5261,0.8383333333333333,1.0,0.0,0.0,0.0,0.0
5262,0.9033333333333334,1.0,0.0,0.0,0.0,0.0
5263,0.8866666666666667,1.0,0.0,0.0,0.0,0.0
5264,0.8716666666666667,1.0,0.0,0.0,0.0,0.0
5265,0.8616666666666667,1.0,0.0,0.0,0.0,0.0
5266,0.855,1.0,0.0,0.0,0.0,0.0
5267,0.8766666666666667,1.0,0.0,0.0,0.0,0.0
5268,0.875,1.0,0.0,0.0,0.0,0.0
5269,0.9983333333333333,1.0,0.0,0.0,0.0,0.0
5270,1.0,1.0,0.0,0.0,0.0,0.0
5271,1.0,1.0,0.0,0.0,0.0,0.0
5272,1.0,1.0,0.0,0.0,0.0,0.0
5273,0.9983333333333333,0.99,0.0,0.01,0.0,0.0
5274,1.0,0.98,0.0,0.02,0.0,0.0
5275,1.0,1.0,0.0,0.0,0.0,0.0
5276,1.0,1.0,0.0,0.0,0.0,0.0
5277,1.0,1.0,0.0,0.0,0.0,0.0
5278,1.0,1.0,0.0,0.0,0.0,0.0
5279,0.8733333333333334,0.99,0.0,0.01,0.0,0.0
5280,0.9033333333333334,0.99,0.0,0.01,0.0,0.0
5281,0.8646858291989351,1.0,0.0,0.0,0.0,0.0
5282,0.8460383250645367,1.0,0.0,0.0,0.0,0.0
5283,0.8846858291989352,1.0,0.0,0.0,0.0,0.0
5284,0.8421696843791686,1.0,0.0,0.0,0.0,0.0
5285,0.8883333333333333,1.0,0.0,0.0,0.0,0.0
5286,0.8833333333333332,1.0,0.0,0.0,0.0,0.0
5287,0.8566666666666666,1.0,0.0,0.0,0.0,0.0
5288,0.8766666666666666,1.0,0.0,0.0,0.0,0.0
5289,1.0,1.0,0.0,0.0,0.0,0.0
5290,0.9966666666666666,1.0,0.0,0.0,0.0,0.0
5291,0.9966666666666667,0.99,0.0,0.0,0.01,0.0
5292,1.0,1.0,0.0,0.0,0.0,0.0
5293,1.0,1.0,0.0,0.0,0.0,0.0
5294,0.9966666666666667,0.99,0.0,0.0,0.01,0.0
5295,0.9966666666666666,0.99,0.0,0.0,0.01,0.0
5296,1.0,1.0,0.0,0.0,0.0,0.0
5297,1.0,1.0,0.0,0.0,0.0,0.0
5298,1.0,1.0,0.0,0.0,0.0,0.0
5299,0.89,1.0,0.0,0.0,0.0,0.0
5300,0.8483333333333333,1.0,0.0,0.0,0.0,0.0
5301,0.8750000000000001,1.0,0.0,0.0,0.0,0.0
5302,0.9149999999999998,1.0,0.0,0.0,0.0,0.0
5303,0.8300000000000002,1.0,0.0,0.0,0.0,0.0
5304,0.895,1.0,0.0,0.0,0.0,0.0
5305,0.88,1.0,0.0,0.0,0.0,0.0
5306,0.8633333333333334,1.0,0.0,0.0,0.0,0.0
5307,0.8433333333333333,0.99,0.0,0.01,0.0,0.0
5308,0.8633333333333333,1.0,0.0,0.0,0.0,0.0
5309,1.0,1.0,0.0,0.0,0.0,0.0
5310,0.9966666666666666,1.0,0.0,0.0,0.0,0.0
5311,1.0,1.0,0.0,0.0,0.0,0.0
5312,1.0,1.0,0.0,0.0,0.0,0.0
5313,0.9966666666666666,1.0,0.0,0.0,0.0,0.0
5314,1.0,1.0,0.0,0.0,0.0,0.0
5315,1.0,1.0,0.0,0.0,0.0,0.0
5316,1.0,1.0,0.0,0.0,0.0,0.0
5317,1.0,1.0,0.0,0.0,0.0,0.0
5318,1.0,1.0,0.0,0.0,0.0,0.0
5319,0.8716666666666667,1.0,0.0,0.0,0.0,0.0
5320,0.8616666666666667,1.0,0.0,0.0,0.0,0.0
5321,0.8533333333333334,1.0,0.0,0.0,0.0,0.0
5322,0.885,1.0,0.0,0.0,0.0,0.0
5323,0.8866666666666668,1.0,0.0,0.0,0.0,0.0
5324,0.8933333333333333,1.0,0.0,0.0,0.0,0.0
5325,0.9183333333333334,1.0,0.0,0.0,0.0,0.0
5326,0.8566666666666667,1.0,0.0,0.0,0.0,0.0
5327,0.8316666666666667,1.0,0.0,0.0,0.0,0.0
5328,0.87,0.99,0.0,0.01,0.0,0.0
5329,1.0,1.0,0.0,0.0,0.0,0.0
5330,0.9966666666666666,1.0,0.0,0.0,0.0,0.0
5331,1.0,1.0,0.0,0.0,0.0,0.0
5332,1.0,1.0,0.0,0.0,0.0,0.0
5333,1.0,1.0,0.0,0.0,0.0,0.0
5334,1.0,1.0,0.0,0.0,0.0,0.0
5335,1.0,1.0,0.0,0.0,0.0,0.0
5336,1.0,1.0,0.0,0.0,0.0,0.0
5337,1.0,1.0,0.0,0.0,0.0,0.0
5338,1.0,1.0,0.0,0.0,0.0,0.0
5339,0.8633333333333333,1.0,0.0,0.0,0.0,0.0
5340,0.8633333333333334,1.0,0.0,0.0,0.0,0.0
5341,0.84,1.0,0.0,0.0,0.0,0.0
5342,0.885,0.99,0.0,0.0,0.01,0.0
5343,0.8966666666666667,0.99,0.0,0.0,0.01,0.0
5344,0.8099116224300265,0.99,0.0,0.0,0.01,0.0
5345,0.8633333333333334,0.99,0.0,0.0,0.01,0.0
5346,0.8949999999999999,1.0,0.0,0.0,0.0,0.0
5347,0.88,1.0,0.0,0.0,0.0,0.0
5348,0.8583333333333333,1.0,0.0,0.0,0.0,0.0
5349,1.0,1.0,0.0,0.0,0.0,0.0
5350,1.0,1.0,0.0,0.0,0.0,0.0
5351,0.9966666666666666,1.0,0.0,0.0,0.0,0.0
5352,0.9983333333333333,1.0,0.0,0.0,0.0,0.0
5353,1.0,1.0,0.0,0.0,0.0,0.0
5354,1.0,1.0,0.0,0.0,0.0,0.0
5355,1.0,1.0,0.0,0.0,0.0,0.0
5356,0.9983333333333333,1.0,0.0,0.0,0.0,0.0
5357,0.9966666666666667,1.0,0.0,0.0,0.0,0.0
5358,1.0,1.0,0.0,0.0,0.0,0.0
5359,0.8799999999999999,1.0,0.0,0.0,0.0,0.0
5360,0.8499999999999999,1.0,0.0,0.0,0.0,0.0
5361,0.8616666666666666,1.0,0.0,0.0,0.0,0.0
5362,0.8916666666666666,1.0,0.0,0.0,0.0,0.0
5363,0.8483333333333334,1.0,0.0,0.0,0.0,0.0
5364,0.8783333333333333,1.0,0.0,0.0,0.0,0.0
5365,0.8766666666666666,1.0,0.0,0.0,0.0,0.0
5366,0.8783333333333333,1.0,0.0,0.0,0.0,0.0
5367,0.8633333333333334,1.0,0.0,0.0,0.0,0.0
5368,0.9216666666666667,1.0,0.0,0.0,0.0,0.0
5369,1.0,1.0,0.0,0.0,0.0,0.0
5370,1.0,1.0,0.0,0.0,0.0,0.0
5371,1.0,1.0,0.0,0.0,0.0,0.0
5372,0.9966666666666667,1.0,0.0,0.0,0.0,0.0
5373,1.0,1.0,0.0,0.0,0.0,0.0
5374,1.0,1.0,0.0,0.0,0.0,0.0
5375,0.9983333333333333,1.0,0.0,0.0,0.0,0.0
5376,1.0,1.0,0.0,0.0,0.0,0.0
5377,1.0,1.0,0.0,0.0,0.0,0.0
5378,0.9966666666666667,0.99,0.0,0.0,0.01,0.0
5379,0.8683333333333333,0.99,0.0,0.0,0.01,0.0
5380,0.87,0.99,0.0,0.0,0.01,0.0
5381,0.8466666666666667,0.99,0.0,0.0,0.01,0.0
5382,0.8883333333333333,0.99,0.0,0.0,0.01,0.0
5383,0.8983333333333334,1.0,0.0,0.0,0.0,0.0
5384,0.8833333333333333,1.0,0.0,0.0,0.0,0.0
5385,0.8583333333333334,1.0,0.0,0.0,0.0,0.0
5386,0.8883333333333334,1.0,0.0,0.0,0.0,0.0
5387,0.8766666666666666,1.0,0.0,0.0,0.0,0.0
5388,0.8516666666666669,0.99,0.0,0.01,0.0,0.0
5389,1.0,1.0,0.0,0.0,0.0,0.0
5390,1.0,0.99,0.0,0.01,0.0,0.0
5391,0.9983333333333333,0.99,0.0,0.01,0.0,0.0
5392,1.0,0.99,0.0,0.01,0.0,0.0
5393,1.0,1.0,0.0,0.0,0.0,0.0
5394,1.0,0.99,0.0,0.01,0.0,0.0
5395,1.0,1.0,0.0,0.0,0.0,0.0
5396,1.0,1.0,0.0,0.0,0.0,0.0
5397,0.9966666666666666,0.99,0.0,0.0,0.01,0.0
5398,1.0,1.0,0.0,0.0,0.0,0.0
5399,0.855,1.0,0.0,0.0,0.0,0.0
5400,0.860727662356175,0.99,0.0,0.01,0.0,0.0
5401,0.7983333333333333,0.99,0.0,0.01,0.0,0.0
5402,0.8776287235438478,0.99,0.0,0.01,0.0,0.0
5403,0.85,0.98,0.0,0.02,0.0,0.0
5404,0.8683333333333334,1.0,0.0,0.0,0.0,0.0
5405,0.86,1.0,0.0,0.0,0.0,0.0
5406,0.8829227611470555,0.99,0.0,0.01,0.0,0.0
5407,0.904589427813722,0.99,0.0,0.01,0.0,0.0
5408,0.8645894278137222,0.99,0.0,0.01,0.0,0.0
5409,1.0,0.99,0.0,0.01,0.0,0.0
5410,0.9983333333333333,0.98,0.0,0.02,0.0,0.0
5411,0.9966666666666666,0.95,0.0,0.04,0.01,0.0
5412,0.9913310689432765,0.91,0.0,0.08,0.01,0.0
5413,0.9916666666666667,0.93,0.0,0.04,0.03,0.0
5414,0.995,0.96,0.0,0.04,0.0,0.0
5415,0.9966666666666666,0.96,0.0,0.04,0.0,0.0
5416,0.9966666666666667,0.97,0.0,0.03,0.0,0.0
5417,0.9983333333333334,0.95,0.0,0.05,0.0,0.0
5418,0.9983333333333334,0.98,0.0,0.02,0.0,0.0
5419,0.8749999999999999,0.97,0.0,0.03,0.0,0.0
5420,0.8566666666666669,1.0,0.0,0.0,0.0,0.0
5421,0.8666666666666668,1.0,0.0,0.0,0.0,0.0
5422,0.8833333333333334,1.0,0.0,0.0,0.0,0.0
5423,0.9099999999999998,1.0,0.0,0.0,0.0,0.0
5424,0.9216666666666669,1.0,0.0,0.0,0.0,0.0
5425,0.8766666666666667,1.0,0.0,0.0,0.0,0.0
5426,0.8483333333333334,1.0,0.0,0.0,0.0,0.0
5427,0.8516666666666669,1.0,0.0,0.0,0.0,0.0
5428,0.9033333333333333,0.99,0.0,0.01,0.0,0.0
5429,1.0,1.0,0.0,0.0,0.0,0.0
5430,1.0,1.0,0.0,0.0,0.0,0.0
5431,0.9966666666666667,0.98,0.0,0.01,0.01,0.0
5432,0.9966666666666666,0.96,0.0,0.03,0.01,0.0
5433,0.995,0.96,0.0,0.02,0.02,0.0
5434,1.0,0.96,0.0,0.04,0.0,0.0
5435,1.0,0.99,0.0,0.01,0.0,0.0
5436,1.0,1.0,0.0,0.0,0.0,0.0
5437,1.0,1.0,0.0,0.0,0.0,0.0
5438,1.0,1.0,0.0,0.0,0.0,0.0
5439,0.8633333333333334,1.0,0.0,0.0,0.0,0.0
5440,0.9,1.0,0.0,0.0,0.0,0.0
5441,0.8533333333333336,1.0,0.0,0.0,0.0,0.0
5442,0.8633333333333334,1.0,0.0,0.0,0.0,0.0
5443,0.8483333333333333,1.0,0.0,0.0,0.0,0.0
5444,0.8833333333333332,1.0,0.0,0.0,0.0,0.0
5445,0.88,1.0,0.0,0.0,0.0,0.0
5446,0.8816666666666667,1.0,0.0,0.0,0.0,0.0
5447,0.9016666666666667,1.0,0.0,0.0,0.0,0.0
5448,0.8316666666666666,1.0,0.0,0.0,0.0,0.0
5449,1.0,1.0,0.0,0.0,0.0,0.0
5450,0.9983333333333334,1.0,0.0,0.0,0.0,0.0
5451,1.0,1.0,0.0,0.0,0.0,0.0
5452,1.0,1.0,0.0,0.0,0.0,0.0
5453,1.0,1.0,0.0,0.0,0.0,0.0
5454,1.0,1.0,0.0,0.0,0.0,0.0
5455,1.0,1.0,0.0,0.0,0.0,0.0
5456,1.0,1.0,0.0,0.0,0.0,0.0
5457,1.0,1.0,0.0,0.0,0.0,0.0
5458,1.0,1.0,0.0,0.0,0.0,0.0
5459,0.8900000000000001,1.0,0.0,0.0,0.0,0.0
5460,0.8916666666666667,1.0,0.0,0.0,0.0,0.0
5461,0.86,1.0,0.0,0.0,0.0,0.0
5462,0.8766666666666667,1.0,0.0,0.0,0.0,0.0
5463,0.8833333333333334,1.0,0.0,0.0,0.0,0.0
5464,0.8716666666666667,1.0,0.0,0.0,0.0,0.0
5465,0.8733333333333334,1.0,0.0,0.0,0.0,0.0
5466,0.8583333333333334,1.0,0.0,0.0,0.0,0.0
5467,0.86,0.99,0.0,0.01,0.0,0.0
5468,0.8533333333333333,0.96,0.0,0.04,0.0,0.0
5469,1.0,0.97,0.0,0.03,0.0,0.0
5470,1.0,0.97,0.0,0.03,0.0,0.0
5471,1.0,0.98,0.0,0.02,0.0,0.0
5472,1.0,0.96,0.0,0.04,0.0,0.0
5473,0.9933333333333333,0.96,0.0,0.03,0.01,0.0
5474,0.9966666666666666,0.99,0.0,0.0,0.01,0.0
5475,1.0,1.0,0.0,0.0,0.0,0.0
5476,1.0,1.0,0.0,0.0,0.0,0.0
5477,1.0,1.0,0.0,0.0,0.0,0.0
5478,1.0,1.0,0.0,0.0,0.0,0.0
5479,0.8533333333333333,1.0,0.0,0.0,0.0,0.0
5480,0.8350000000000002,1.0,0.0,0.0,0.0,0.0
5481,0.88,1.0,0.0,0.0,0.0,0.0
5482,0.8766666666666667,1.0,0.0,0.0,0.0,0.0
5483,0.885,1.0,0.0,0.0,0.0,0.0
5484,0.8399999999999999,0.99,0.0,0.01,0.0,0.0
5485,0.8800000000000003,1.0,0.0,0.0,0.0,0.0
5486,0.8850000000000001,1.0,0.0,0.0,0.0,0.0
5487,0.8833333333333334,1.0,0.0,0.0,0.0,0.0
5488,0.8816666666666666,1.0,0.0,0.0,0.0,0.0
5489,1.0,1.0,0.0,0.0,0.0,0.0
5490,1.0,1.0,0.0,0.0,0.0,0.0
5491,1.0,1.0,0.0,0.0,0.0,0.0
5492,1.0,1.0,0.0,0.0,0.0,0.0
5493,1.0,1.0,0.0,0.0,0.0,0.0
5494,1.0,1.0,0.0,0.0,0.0,0.0
5495,1.0,1.0,0.0,0.0,0.0,0.0
5496,0.9966666666666666,1.0,0.0,0.0,0.0,0.0
5497,1.0,1.0,0.0,0.0,0.0,0.0
5498,1.0,1.0,0.0,0.0,0.0,0.0
5499,0.8766666666666667,1.0,0.0,0.0,0.0,0.0
5500,0.89,1.0,0.0,0.0,0.0,0.0
5501,0.8583333333333333,1.0,0.0,0.0,0.0,0.0
5502,0.9016666666666667,1.0,0.0,0.0,0.0,0.0
5503,0.865,1.0,0.0,0.0,0.0,0.0
5504,0.8916666666666666,1.0,0.0,0.0,0.0,0.0
5505,0.85,1.0,0.0,0.0,0.0,0.0
5506,0.875,1.0,0.0,0.0,0.0,0.0
5507,0.8923058339967747,1.0,0.0,0.0,0.0,0.0
5508,0.8706391673301078,0.99,0.0,0.01,0.0,0.0
5509,1.0,1.0,0.0,0.0,0.0,0.0
5510,0.99,1.0,0.0,0.0,0.0,0.0
5511,0.9966666666666667,1.0,0.0,0.0,0.0,0.0
5512,1.0,1.0,0.0,0.0,0.0,0.0
5513,0.995,1.0,0.0,0.0,0.0,0.0
5514,0.9900000000000001,1.0,0.0,0.0,0.0,0.0
5515,1.0,1.0,0.0,0.0,0.0,0.0
5516,0.9983333333333333,1.0,0.0,0.0,0.0,0.0
5517,0.995,1.0,0.0,0.0,0.0,0.0
5518,1.0,1.0,0.0,0.0,0.0,0.0
5519,0.8683333333333333,0.99,0.0,0.01,0.0,0.0
5520,0.8766666666666667,0.98,0.0,0.02,0.0,0.0
5521,0.8533333333333333,0.99,0.0,0.01,0.0,0.0
5522,0.8883333333333333,1.0,0.0,0.0,0.0,0.0
5523,0.8766666666666668,1.0,0.0,0.0,0.0,0.0
5524,0.85,1.0,0.0,0.0,0.0,0.0
5525,0.9183333333333334,1.0,0.0,0.0,0.0,0.0
5526,0.8883333333333334,1.0,0.0,0.0,0.0,0.0
5527,0.8733333333333334,1.0,0.0,0.0,0.0,0.0
5528,0.8916666666666668,1.0,0.0,0.0,0.0,0.0
5529,0.9983333333333333,1.0,0.0,0.0,0.0,0.0
5530,1.0,1.0,0.0,0.0,0.0,0.0
5531,1.0,1.0,0.0,0.0,0.0,0.0
5532,1.0,1.0,0.0,0.0,0.0,0.0
5533,1.0,1.0,0.0,0.0,0.0,0.0
5534,1.0,1.0,0.0,0.0,0.0,0.0
5535,0.9983333333333334,1.0,0.0,0.0,0.0,0.0
5536,0.9983333333333334,1.0,0.0,0.0,0.0,0.0
5537,0.9983333333333334,1.0,0.0,0.0,0.0,0.0
5538,1.0,1.0,0.0,0.0,0.0,0.0
5539,0.91,1.0,0.0,0.0,0.0,0.0
5540,0.9149999999999998,1.0,0.0,0.0,0.0,0.0
5541,0.915,1.0,0.0,0.0,0.0,0.0
5542,0.905,1.0,0.0,0.0,0.0,0.0
5543,0.9183333333333333,1.0,0.0,0.0,0.0,0.0
5544,0.905,1.0,0.0,0.0,0.0,0.0
5545,0.9,1.0,0.0,0.0,0.0,0.0
5546,0.915,1.0,0.0,0.0,0.0,0.0
5547,0.9016666666666667,1.0,0.0,0.0,0.0,0.0
5548,0.9166666666666667,1.0,0.0,0.0,0.0,0.0
5549,1.0,1.0,0.0,0.0,0.0,0.0
5550,0.996586193504247,1.0,0.0,0.0,0.0,0.0
5551,1.0,1.0,0.0,0.0,0.0,0.0
5552,0.9966666666666667,1.0,0.0,0.0,0.0,0.0
5553,0.995,1.0,0.0,0.0,0.0,0.0
5554,1.0,1.0,0.0,0.0,0.0,0.0
5555,0.9983333333333334,1.0,0.0,0.0,0.0,0.0
5556,0.9966666666666666,1.0,0.0,0.0,0.0,0.0
5557,1.0,1.0,0.0,0.0,0.0,0.0
5558,0.9933333333333334,0.99,0.0,0.0,0.01,0.0
5559,0.9033333333333333,1.0,0.0,0.0,0.0,0.0
5560,0.9383333333333335,1.0,0.0,0.0,0.0,0.0
5561,0.8983333333333334,1.0,0.0,0.0,0.0,0.0
5562,0.8383333333333333,0.99,0.0,0.0,0.01,0.0
5563,0.9299999999999998,0.99,0.0,0.0,0.01,0.0
5564,0.9083333333333333,1.0,0.0,0.0,0.0,0.0
5565,0.9033333333333333,1.0,0.0,0.0,0.0,0.0
5566,0.9516666666666667,1.0,0.0,0.0,0.0,0.0
5567,0.9100000000000001,1.0,0.0,0.0,0.0,0.0
5568,0.9050000000000001,1.0,0.0,0.0,0.0,0.0
5569,0.9966666666666667,1.0,0.0,0.0,0.0,0.0
5570,1.0,1.0,0.0,0.0,0.0,0.0
5571,1.0,1.0,0.0,0.0,0.0,0.0
5572,1.0,1.0,0.0,0.0,0.0,0.0
5573,0.9974579548673469,0.99,0.0,0.0,0.01,0.0
5574,0.9983333333333333,1.0,0.0,0.0,0.0,0.0
5575,0.9943558878757102,1.0,0.0,0.0,0.0,0.0
5576,0.9981186292919034,1.0,0.0,0.0,0.0,0.0
5577,0.9981186292919034,1.0,0.0,0.0,0.0,0.0
5578,1.0,1.0,0.0,0.0,0.0,0.0
5579,0.9016666666666667,1.0,0.0,0.0,0.0,0.0
5580,0.9118021956159,1.0,0.0,0.0,0.0,0.0
5581,0.9133333333333333,1.0,0.0,0.0,0.0,0.0
5582,0.8866666666666668,1.0,0.0,0.0,0.0,0.0
5583,0.9183333333333334,1.0,0.0,0.0,0.0,0.0
5584,0.9016666666666667,1.0,0.0,0.0,0.0,0.0
5585,0.9033333333333334,1.0,0.0,0.0,0.0,0.0
5586,0.9316666666666668,1.0,0.0,0.0,0.0,0.0
5587,0.9133333333333334,1.0,0.0,0.0,0.0,0.0
5588,0.9283333333333335,1.0,0.0,0.0,0.0,0.0
5589,1.0,1.0,0.0,0.0,0.0,0.0
5590,0.9983333333333333,1.0,0.0,0.0,0.0,0.0
5591,0.9966666666666667,1.0,0.0,0.0,0.0,0.0
5592,1.0,1.0,0.0,0.0,0.0,0.0
5593,1.0,1.0,0.0,0.0,0.0,0.0
5594,1.0,1.0,0.0,0.0,0.0,0.0
5595,0.9933333333333333,1.0,0.0,0.0,0.0,0.0
5596,0.995,1.0,0.0,0.0,0.0,0.0
5597,1.0,1.0,0.0,0.0,0.0,0.0
5598,1.0,1.0,0.0,0.0,0.0,0.0
5599,0.9033333333333331,1.0,0.0,0.0,0.0,0.0
5600,0.9116666666666667,1.0,0.0,0.0,0.0,0.0
5601,0.8883333333333334,1.0,0.0,0.0,0.0,0.0
5602,0.895,1.0,0.0,0.0,0.0,0.0
5603,0.9116666666666666,1.0,0.0,0.0,0.0,0.0
5604,0.9183333333333333,1.0,0.0,0.0,0.0,0.0
5605,0.9,1.0,0.0,0.0,0.0,0.0
5606,0.9083333333333333,1.0,0.0,0.0,0.0,0.0
5607,0.8783333333333334,1.0,0.0,0.0,0.0,0.0
5608,0.9183333333333333,1.0,0.0,0.0,0.0,0.0
5609,0.9933333333333334,0.99,0.0,0.01,0.0,0.0
5610,0.9933333333333333,0.98,0.0,0.02,0.0,0.0
5611,0.9983333333333333,1.0,0.0,0.0,0.0,0.0
5612,0.9966666666666667,0.99,0.0,0.01,0.0,0.0
5613,1.0,1.0,0.0,0.0,0.0,0.0
5614,1.0,1.0,0.0,0.0,0.0,0.0
5615,0.9966666666666666,0.99,0.0,0.0,0.01,0.0
5616,0.9966666666666666,0.99,0.0,0.0,0.01,0.0
5617,0.9883333333333333,0.97,0.0,0.0,0.03,0.0
5618,1.0,1.0,0.0,0.0,0.0,0.0
5619,0.8900000000000001,1.0,0.0,0.0,0.0,0.0
5620,0.8966666666666667,1.0,0.0,0.0,0.0,0.0
5621,0.9150000000000001,1.0,0.0,0.0,0.0,0.0
5622,0.8966666666666668,1.0,0.0,0.0,0.0,0.0
5623,0.9283333333333335,1.0,0.0,0.0,0.0,0.0
5624,0.9133333333333334,1.0,0.0,0.0,0.0,0.0
5625,0.8866666666666668,1.0,0.0,0.0,0.0,0.0
5626,0.9233333333333335,1.0,0.0,0.0,0.0,0.0
5627,0.9183333333333333,1.0,0.0,0.0,0.0,0.0
5628,0.9083333333333334,1.0,0.0,0.0,0.0,0.0
5629,1.0,1.0,0.0,0.0,0.0,0.0
5630,0.9966666666666666,1.0,0.0,0.0,0.0,0.0
5631,1.0,0.99,0.0,0.01,0.0,0.0
5632,0.9966666666666667,1.0,0.0,0.0,0.0,0.0
5633,1.0,1.0,0.0,0.0,0.0,0.0
5634,1.0,1.0,0.0,0.0,0.0,0.0
5635,0.995,1.0,0.0,0.0,0.0,0.0
5636,0.9983333333333333,1.0,0.0,0.0,0.0,0.0
5637,1.0,1.0,0.0,0.0,0.0,0.0
5638,1.0,1.0,0.0,0.0,0.0,0.0
5639,0.9033333333333334,1.0,0.0,0.0,0.0,0.0
5640,0.8983333333333333,1.0,0.0,0.0,0.0,0.0
5641,0.9350000000000002,1.0,0.0,0.0,0.0,0.0
5642,0.8983333333333333,0.99,0.0,0.0,0.01,0.0
5643,0.87,1.0,0.0,0.0,0.0,0.0
5644,0.895,1.0,0.0,0.0,0.0,0.0
5645,0.9016666666666667,1.0,0.0,0.0,0.0,0.0
5646,0.925,1.0,0.0,0.0,0.0,0.0
5647,0.9183333333333334,1.0,0.0,0.0,0.0,0.0
5648,0.9166666666666669,0.98,0.0,0.02,0.0,0.0
5649,1.0,0.98,0.0,0.02,0.0,0.0
5650,0.9966666666666667,0.99,0.0,0.01,0.0,0.0
5651,0.9933333333333333,0.98,0.0,0.02,0.0,0.0
5652,1.0,1.0,0.0,0.0,0.0,0.0
5653,1.0,1.0,0.0,0.0,0.0,0.0
5654,1.0,1.0,0.0,0.0,0.0,0.0
5655,1.0,1.0,0.0,0.0,0.0,0.0
5656,1.0,1.0,0.0,0.0,0.0,0.0
5657,1.0,1.0,0.0,0.0,0.0,0.0
5658,0.9933333333333334,1.0,0.0,0.0,0.0,0.0
5659,0.9100000000000001,1.0,0.0,0.0,0.0,0.0
5660,0.9,1.0,0.0,0.0,0.0,0.0
5661,0.9416666666666668,1.0,0.0,0.0,0.0,0.0
5662,0.9233333333333335,1.0,0.0,0.0,0.0,0.0
5663,0.925,0.99,0.0,0.01,0.0,0.0
5664,0.9190272357992281,0.98,0.0,0.02,0.0,0.0
5665,0.9083333333333333,0.99,0.0,0.01,0.0,0.0
5666,0.9,0.99,0.0,0.01,0.0,0.0
5667,0.9183333333333333,1.0,0.0,0.0,0.0,0.0
5668,0.9283333333333335,1.0,0.0,0.0,0.0,0.0
5669,0.9983333333333333,1.0,0.0,0.0,0.0,0.0
5670,0.9966666666666667,1.0,0.0,0.0,0.0,0.0
5671,1.0,1.0,0.0,0.0,0.0,0.0
5672,0.9966666666666667,1.0,0.0,0.0,0.0,0.0
5673,1.0,1.0,0.0,0.0,0.0,0.0
5674,0.9933333333333334,1.0,0.0,0.0,0.0,0.0
5675,1.0,1.0,0.0,0.0,0.0,0.0
5676,1.0,1.0,0.0,0.0,0.0,0.0
5677,0.995,1.0,0.0,0.0,0.0,0.0
5678,0.9983333333333334,1.0,0.0,0.0,0.0,0.0
5679,0.9183333333333333,0.99,0.0,0.01,0.0,0.0
5680,0.8466666666666667,0.99,0.0,0.01,0.0,0.0
5681,0.89,0.99,0.0,0.01,0.0,0.0
5682,0.9183333333333334,0.99,0.0,0.01,0.0,0.0
5683,0.8966666666666667,0.98,0.0,0.02,0.0,0.0
5684,0.885,0.97,0.0,0.03,0.0,0.0
5685,0.9150000000000001,0.99,0.0,0.01,0.0,0.0
5686,0.8866666666666667,0.98,0.0,0.02,0.0,0.0
5687,0.9116666666666666,0.99,0.0,0.0,0.01,0.0
5688,0.9166666666666667,1.0,0.0,0.0,0.0,0.0
5689,0.9983333333333333,1.0,0.0,0.0,0.0,0.0
5690,1.0,1.0,0.0,0.0,0.0,0.0
5691,0.9966666666666667,1.0,0.0,0.0,0.0,0.0
5692,0.9966666666666666,1.0,0.0,0.0,0.0,0.0
5693,0.9983333333333334,1.0,0.0,0.0,0.0,0.0
5694,0.9966666666666666,1.0,0.0,0.0,0.0,0.0
5695,0.9966666666666667,1.0,0.0,0.0,0.0,0.0
5696,0.9966666666666667,1.0,0.0,0.0,0.0,0.0
5697,0.9994899057624496,1.0,0.0,0.0,0.0,0.0
5698,1.0,1.0,0.0,0.0,0.0,0.0
5699,0.9383333333333332,1.0,0.0,0.0,0.0,0.0
5700,0.895,1.0,0.0,0.0,0.0,0.0
5701,0.8983333333333333,1.0,0.0,0.0,0.0,0.0
5702,0.9366666666666668,1.0,0.0,0.0,0.0,0.0
5703,0.8983333333333334,1.0,0.0,0.0,0.0,0.0
5704,0.91,0.99,0.0,0.01,0.0,0.0
5705,0.8916666666666666,0.99,0.0,0.0,0.01,0.0
5706,0.9183333333333333,1.0,0.0,0.0,0.0,0.0
5707,0.8983333333333334,1.0,0.0,0.0,0.0,0.0
5708,0.9033333333333334,1.0,0.0,0.0,0.0,0.0
5709,1.0,1.0,0.0,0.0,0.0,0.0
5710,0.9966666666666667,1.0,0.0,0.0,0.0,0.0
5711,0.9966666666666667,1.0,0.0,0.0,0.0,0.0
5712,1.0,1.0,0.0,0.0,0.0,0.0
5713,0.9983333333333334,1.0,0.0,0.0,0.0,0.0
5714,1.0,1.0,0.0,0.0,0.0,0.0
5715,0.995,1.0,0.0,0.0,0.0,0.0
5716,1.0,1.0,0.0,0.0,0.0,0.0
5717,0.9966666666666666,0.99,0.0,0.01,0.0,0.0
5718,1.0,1.0,0.0,0.0,0.0,0.0
5719,0.9033333333333333,1.0,0.0,0.0,0.0,0.0
5720,0.8766666666666666,1.0,0.0,0.0,0.0,0.0
5721,0.8466666666666667,1.0,0.0,0.0,0.0,0.0
5722,0.8783333333333333,1.0,0.0,0.0,0.0,0.0
5723,0.8966666666666667,1.0,0.0,0.0,0.0,0.0
5724,0.8949999999999999,1.0,0.0,0.0,0.0,0.0
5725,0.8933333333333333,1.0,0.0,0.0,0.0,0.0
5726,0.9066666666666666,1.0,0.0,0.0,0.0,0.0
5727,0.8866666666666667,1.0,0.0,0.0,0.0,0.0
5728,0.91519103669699,1.0,0.0,0.0,0.0,0.0
5729,0.9966666666666667,1.0,0.0,0.0,0.0,0.0
5730,1.0,1.0,0.0,0.0,0.0,0.0
5731,1.0,1.0,0.0,0.0,0.0,0.0
5732,0.9966666666666667,1.0,0.0,0.0,0.0,0.0
5733,0.9966666666666667,1.0,0.0,0.0,0.0,0.0
5734,0.9933333333333334,1.0,0.0,0.0,0.0,0.0
5735,0.995,1.0,0.0,0.0,0.0,0.0
5736,1.0,1.0,0.0,0.0,0.0,0.0
5737,0.9966666666666666,1.0,0.0,0.0,0.0,0.0
5738,1.0,1.0,0.0,0.0,0.0,0.0
5739,0.9216666666666667,0.99,0.0,0.01,0.0,0.0
5740,0.8833333333333334,1.0,0.0,0.0,0.0,0.0
5741,0.9300000000000002,1.0,0.0,0.0,0.0,0.0
5742,0.9283333333333332,0.98,0.0,0.02,0.0,0.0
5743,0.93,0.96,0.0,0.04,0.0,0.0
5744,0.9183333333333333,0.95,0.0,0.04,0.01,0.0
5745,0.9100000000000001,0.96,0.0,0.04,0.0,0.0
5746,0.9033333333333333,0.99,0.0,0.01,0.0,0.0
5747,0.8983333333333333,1.0,0.0,0.0,0.0,0.0
5748,0.8883333333333334,1.0,0.0,0.0,0.0,0.0
5749,0.9983333333333333,1.0,0.0,0.0,0.0,0.0
5750,0.9933333333333333,1.0,0.0,0.0,0.0,0.0
5751,1.0,1.0,0.0,0.0,0.0,0.0
5752,1.0,1.0,0.0,0.0,0.0,0.0
5753,0.9966666666666666,1.0,0.0,0.0,0.0,0.0
5754,0.9966666666666666,1.0,0.0,0.0,0.0,0.0
5755,0.9983333333333334,1.0,0.0,0.0,0.0,0.0
5756,0.9966666666666666,0.99,0.0,0.01,0.0,0.0
5757,1.0,1.0,0.0,0.0,0.0,0.0
5758,1.0,1.0,0.0,0.0,0.0,0.0
5759,0.9166666666666667,1.0,0.0,0.0,0.0,0.0
5760,0.9,1.0,0.0,0.0,0.0,0.0
5761,0.9116666666666667,1.0,0.0,0.0,0.0,0.0
5762,0.9183333333333334,1.0,0.0,0.0,0.0,0.0
5763,0.9066666666666668,0.99,0.0,0.0,0.01,0.0
5764,0.8983333333333334,0.99,0.0,0.0,0.01,0.0
5765,0.9050000000000001,0.99,0.0,0.0,0.01,0.0
5766,0.9366666666666665,0.99,0.0,0.0,0.01,0.0
5767,0.9166666666666667,0.97,0.0,0.0,0.03,0.0
5768,0.9316666666666665,0.97,0.0,0.0,0.03,0.0
5769,0.9833333333333333,0.96,0.0,0.0,0.04,0.0
5770,0.9933333333333334,0.98,0.0,0.0,0.02,0.0
5771,0.9966666666666666,1.0,0.0,0.0,0.0,0.0
5772,1.0,1.0,0.0,0.0,0.0,0.0
5773,0.9966666666666666,1.0,0.0,0.0,0.0,0.0
5774,0.9966666666666666,1.0,0.0,0.0,0.0,0.0
5775,1.0,1.0,0.0,0.0,0.0,0.0
5776,0.9966666666666667,0.99,0.0,0.01,0.0,0.0
5777,0.9966666666666667,1.0,0.0,0.0,0.0,0.0
5778,0.9983333333333333,1.0,0.0,0.0,0.0,0.0
5779,0.9033333333333334,1.0,0.0,0.0,0.0,0.0
5780,0.9016666666666668,1.0,0.0,0.0,0.0,0.0
5781,0.9,1.0,0.0,0.0,0.0,0.0
5782,0.9333333333333332,1.0,0.0,0.0,0.0,0.0
5783,0.9233333333333333,0.99,0.0,0.01,0.0,0.0
5784,0.9233333333333333,0.99,0.0,0.01,0.0,0.0
5785,0.9033333333333334,0.99,0.0,0.01,0.0,0.0
5786,0.8783333333333333,0.99,0.0,0.01,0.0,0.0
5787,0.895,0.99,0.0,0.0,0.01,0.0
5788,0.925,1.0,0.0,0.0,0.0,0.0
5789,1.0,1.0,0.0,0.0,0.0,0.0
5790,1.0,1.0,0.0,0.0,0.0,0.0
5791,1.0,1.0,0.0,0.0,0.0,0.0
5792,1.0,1.0,0.0,0.0,0.0,0.0
5793,0.9966666666666667,1.0,0.0,0.0,0.0,0.0
5794,0.9983333333333333,1.0,0.0,0.0,0.0,0.0
5795,1.0,1.0,0.0,0.0,0.0,0.0
5796,0.9966666666666666,1.0,0.0,0.0,0.0,0.0
5797,0.9950000000000001,1.0,0.0,0.0,0.0,0.0
5798,0.9966666666666667,1.0,0.0,0.0,0.0,0.0
5799,0.8916666666666667,1.0,0.0,0.0,0.0,0.0
5800,0.9266666666666667,1.0,0.0,0.0,0.0,0.0
5801,0.8983333333333334,1.0,0.0,0.0,0.0,0.0
5802,0.8883333333333333,1.0,0.0,0.0,0.0,0.0
5803,0.9483333333333331,1.0,0.0,0.0,0.0,0.0
5804,0.9283333333333332,1.0,0.0,0.0,0.0,0.0
5805,0.915,1.0,0.0,0.0,0.0,0.0
5806,0.9216666666666667,1.0,0.0,0.0,0.0,0.0
5807,0.8900000000000001,1.0,0.0,0.0,0.0,0.0
5808,0.9049999999999998,1.0,0.0,0.0,0.0,0.0
5809,1.0,1.0,0.0,0.0,0.0,0.0
5810,1.0,1.0,0.0,0.0,0.0,0.0
5811,1.0,1.0,0.0,0.0,0.0,0.0
5812,1.0,1.0,0.0,0.0,0.0,0.0
5813,0.9966666666666666,0.99,0.0,0.01,0.0,0.0
5814,1.0,0.99,0.0,0.01,0.0,0.0
5815,1.0,1.0,0.0,0.0,0.0,0.0
5816,1.0,1.0,0.0,0.0,0.0,0.0
5817,1.0,1.0,0.0,0.0,0.0,0.0
5818,1.0,1.0,0.0,0.0,0.0,0.0
5819,0.9450000000000002,1.0,0.0,0.0,0.0,0.0
5820,0.9183333333333333,1.0,0.0,0.0,0.0,0.0
5821,0.8850000000000001,1.0,0.0,0.0,0.0,0.0
5822,0.9083333333333333,1.0,0.0,0.0,0.0,0.0
5823,0.925,1.0,0.0,0.0,0.0,0.0
5824,0.9366666666666668,1.0,0.0,0.0,0.0,0.0
5825,0.9316666666666668,0.99,0.0,0.0,0.01,0.0
5826,0.895,1.0,0.0,0.0,0.0,0.0
5827,0.91,1.0,0.0,0.0,0.0,0.0
5828,0.8866666666666667,1.0,0.0,0.0,0.0,0.0
5829,0.9933333333333333,1.0,0.0,0.0,0.0,0.0
5830,0.9966666666666666,1.0,0.0,0.0,0.0,0.0
5831,1.0,1.0,0.0,0.0,0.0,0.0
5832,1.0,1.0,0.0,0.0,0.0,0.0
5833,1.0,1.0,0.0,0.0,0.0,0.0
5834,1.0,1.0,0.0,0.0,0.0,0.0
5835,0.9983333333333333,1.0,0.0,0.0,0.0,0.0
5836,0.99,1.0,0.0,0.0,0.0,0.0
5837,1.0,1.0,0.0,0.0,0.0,0.0
5838,1.0,0.99,0.0,0.01,0.0,0.0
5839,0.9400000000000002,1.0,0.0,0.0,0.0,0.0
5840,0.9266666666666665,1.0,0.0,0.0,0.0,0.0
5841,0.9183333333333334,1.0,0.0,0.0,0.0,0.0
5842,0.885,1.0,0.0,0.0,0.0,0.0
5843,0.8799999999999999,1.0,0.0,0.0,0.0,0.0
5844,0.9433333333333332,0.99,0.0,0.0,0.01,0.0
5845,0.8983333333333333,0.99,0.0,0.0,0.01,0.0
5846,0.905,0.98,0.0,0.0,0.02,0.0
5847,0.9266666666666665,0.96,0.0,0.0,0.04,0.0
5848,0.9383333333333335,0.93,0.0,0.0,0.07,0.0
5849,0.9833333333333333,0.95,0.0,0.0,0.05,0.0
5850,0.9933333333333334,0.98,0.0,0.0,0.02,0.0
5851,0.9933333333333334,0.99,0.0,0.0,0.01,0.0
5852,0.9966666666666667,1.0,0.0,0.0,0.0,0.0
5853,0.9966666666666666,0.99,0.0,0.0,0.01,0.0
5854,1.0,1.0,0.0,0.0,0.0,0.0
5855,1.0,1.0,0.0,0.0,0.0,0.0
5856,1.0,1.0,0.0,0.0,0.0,0.0
5857,1.0,1.0,0.0,0.0,0.0,0.0
5858,0.9983333333333333,1.0,0.0,0.0,0.0,0.0
5859,0.9016666666666667,0.99,0.0,0.01,0.0,0.0
5860,0.9149999999999998,1.0,0.0,0.0,0.0,0.0
5861,0.9416666666666665,1.0,0.0,0.0,0.0,0.0
5862,0.9216666666666667,1.0,0.0,0.0,0.0,0.0
5863,0.94,0.99,0.0,0.01,0.0,0.0
5864,0.9266666666666665,0.99,0.0,0.01,0.0,0.0
5865,0.8983333333333333,1.0,0.0,0.0,0.0,0.0
5866,0.9083333333333334,0.99,0.0,0.01,0.0,0.0
5867,0.9016666666666668,1.0,0.0,0.0,0.0,0.0
5868,0.9133333333333333,1.0,0.0,0.0,0.0,0.0
5869,0.9966666666666666,1.0,0.0,0.0,0.0,0.0
5870,0.9983333333333333,1.0,0.0,0.0,0.0,0.0
5871,1.0,1.0,0.0,0.0,0.0,0.0
5872,0.9966666666666667,1.0,0.0,0.0,0.0,0.0
5873,0.9966666666666667,1.0,0.0,0.0,0.0,0.0
5874,1.0,1.0,0.0,0.0,0.0,0.0
5875,0.9933333333333333,1.0,0.0,0.0,0.0,0.0
5876,0.9983333333333333,1.0,0.0,0.0,0.0,0.0
5877,1.0,1.0,0.0,0.0,0.0,0.0
5878,1.0,1.0,0.0,0.0,0.0,0.0
5879,0.9116666666666667,1.0,0.0,0.0,0.0,0.0
5880,0.8983333333333334,1.0,0.0,0.0,0.0,0.0
5881,0.9266666666666667,1.0,0.0,0.0,0.0,0.0
5882,0.895,1.0,0.0,0.0,0.0,0.0
5883,0.8950000000000001,1.0,0.0,0.0,0.0,0.0
5884,0.9200000000000002,1.0,0.0,0.0,0.0,0.0
5885,0.9433333333333332,1.0,0.0,0.0,0.0,0.0
5886,0.9166666666666665,1.0,0.0,0.0,0.0,0.0
5887,0.9066666666666667,0.99,0.0,0.01,0.0,0.0
5888,0.9186947749291265,0.99,0.0,0.01,0.0,0.0
5889,1.0,0.99,0.0,0.01,0.0,0.0
5890,1.0,0.99,0.0,0.01,0.0,0.0
5891,0.99,0.98,0.0,0.02,0.0,0.0
5892,1.0,0.96,0.0,0.04,0.0,0.0
5893,0.9897241641458634,0.98,0.0,0.02,0.0,0.0
5894,0.9980574974791966,0.99,0.0,0.01,0.0,0.0
5895,0.9908391591042566,0.98,0.0,0.02,0.0,0.0
5896,0.9864024823543764,1.0,0.0,0.0,0.0,0.0
5897,0.9836208207293164,1.0,0.0,0.0,0.0,0.0
5898,0.9816783182085131,1.0,0.0,0.0,0.0,0.0
5899,0.875,1.0,0.0,0.0,0.0,0.0
5900,0.8916666666666666,1.0,0.0,0.0,0.0,0.0
5901,0.9116666666666667,1.0,0.0,0.0,0.0,0.0
5902,0.9186858875094437,1.0,0.0,0.0,0.0,0.0
5903,0.8666666666666667,1.0,0.0,0.0,0.0,0.0
5904,0.897019220842777,0.99,0.0,0.01,0.0,0.0
5905,0.8866666666666667,0.99,0.0,0.01,0.0,0.0
5906,0.885,1.0,0.0,0.0,0.0,0.0
5907,0.9333333333333335,1.0,0.0,0.0,0.0,0.0
5908,0.9216666666666669,1.0,0.0,0.0,0.0,0.0
5909,0.9300000000000002,1.0,0.0,0.0,0.0,0.0
5910,0.9633333333333334,1.0,0.0,0.0,0.0,0.0
5911,0.9833333333333333,1.0,0.0,0.0,0.0,0.0
5912,0.9833333333333333,1.0,0.0,0.0,0.0,0.0
5913,0.9850000000000001,1.0,0.0,0.0,0.0,0.0
5914,0.99,1.0,0.0,0.0,0.0,0.0
5915,0.99,1.0,0.0,0.0,0.0,0.0
5916,0.9916666666666666,0.99,0.0,0.0,0.01,0.0
5917,0.9983333333333333,1.0,0.0,0.0,0.0,0.0
5918,1.0,1.0,0.0,0.0,0.0,0.0
5919,0.9083333333333333,1.0,0.0,0.0,0.0,0.0
5920,0.91,1.0,0.0,0.0,0.0,0.0
5921,0.8916666666666666,1.0,0.0,0.0,0.0,0.0
5922,0.8983333333333333,1.0,0.0,0.0,0.0,0.0
5923,0.925,1.0,0.0,0.0,0.0,0.0
5924,0.9083333333333333,1.0,0.0,0.0,0.0,0.0
5925,0.925,1.0,0.0,0.0,0.0,0.0
5926,0.9016666666666666,1.0,0.0,0.0,0.0,0.0
5927,0.9166666666666669,1.0,0.0,0.0,0.0,0.0
5928,0.9066666666666666,1.0,0.0,0.0,0.0,0.0
5929,0.9983333333333333,1.0,0.0,0.0,0.0,0.0
5930,1.0,1.0,0.0,0.0,0.0,0.0
5931,0.9933333333333333,1.0,0.0,0.0,0.0,0.0
5932,0.9933333333333334,1.0,0.0,0.0,0.0,0.0
5933,0.9933333333333334,1.0,0.0,0.0,0.0,0.0
5934,1.0,1.0,0.0,0.0,0.0,0.0
5935,1.0,1.0,0.0,0.0,0.0,0.0
5936,0.9966666666666667,1.0,0.0,0.0,0.0,0.0
5937,0.995,1.0,0.0,0.0,0.0,0.0
5938,0.9983333333333334,1.0,0.0,0.0,0.0,0.0
5939,0.8933333333333333,1.0,0.0,0.0,0.0,0.0
5940,0.9183333333333331,1.0,0.0,0.0,0.0,0.0
5941,0.9300000000000002,1.0,0.0,0.0,0.0,0.0
5942,0.89,1.0,0.0,0.0,0.0,0.0
5943,0.92,1.0,0.0,0.0,0.0,0.0
5944,0.915,1.0,0.0,0.0,0.0,0.0
5945,0.9199999999999998,1.0,0.0,0.0,0.0,0.0
5946,0.91,1.0,0.0,0.0,0.0,0.0
5947,0.9500000000000002,1.0,0.0,0.0,0.0,0.0
5948,0.9400000000000002,1.0,0.0,0.0,0.0,0.0
5949,0.9983333333333334,0.99,0.0,0.0,0.01,0.0
5950,0.9966666666666666,0.98,0.0,0.0,0.02,0.0
5951,0.995,0.97,0.0,0.0,0.03,0.0
5952,0.9883333333333333,0.96,0.0,0.0,0.04,0.0
5953,0.9916666666666666,0.95,0.0,0.0,0.05,0.0
5954,0.9899999999999999,0.96,0.0,0.0,0.04,0.0
5955,0.995,0.97,0.0,0.0,0.03,0.0
5956,0.9933333333333333,0.96,0.0,0.0,0.04,0.0
5957,0.9899999999999999,0.96,0.0,0.0,0.04,0.0
5958,0.99,0.96,0.0,0.0,0.04,0.0
5959,0.9183333333333334,0.96,0.0,0.0,0.04,0.0
5960,0.8983333333333333,0.94,0.0,0.0,0.06,0.0
5961,0.9183333333333336,0.92,0.0,0.0,0.08,0.0
5962,0.925,0.89,0.0,0.0,0.11,0.0
5963,0.8616666666666667,0.84,0.0,0.0,0.16,0.0
5964,0.9116666666666667,0.9,0.0,0.0,0.1,0.0
5965,0.9233333333333335,0.94,0.0,0.0,0.06,0.0
5966,0.9066666666666667,0.92,0.0,0.0,0.08,0.0
5967,0.9233333333333333,0.92,0.0,0.0,0.08,0.0
5968,0.9,0.92,0.0,0.0,0.08,0.0
5969,0.9866666666666666,0.96,0.0,0.0,0.04,0.0
5970,0.985,0.96,0.0,0.0,0.04,0.0
5971,0.9907534495950187,0.96,0.0,0.0,0.04,0.0
5972,0.99,0.98,0.0,0.0,0.02,0.0
5973,0.9966666666666667,1.0,0.0,0.0,0.0,0.0
5974,1.0,1.0,0.0,0.0,0.0,0.0
5975,1.0,1.0,0.0,0.0,0.0,0.0
5976,1.0,1.0,0.0,0.0,0.0,0.0
5977,0.9966666666666667,1.0,0.0,0.0,0.0,0.0
5978,0.9983333333333334,1.0,0.0,0.0,0.0,0.0
5979,0.9150000000000001,1.0,0.0,0.0,0.0,0.0
5980,0.91,1.0,0.0,0.0,0.0,0.0
5981,0.9116666666666667,1.0,0.0,0.0,0.0,0.0
5982,0.8616666666666667,1.0,0.0,0.0,0.0,0.0
5983,0.8916666666666667,1.0,0.0,0.0,0.0,0.0
5984,0.9166666666666665,1.0,0.0,0.0,0.0,0.0
5985,0.9216666666666667,1.0,0.0,0.0,0.0,0.0
5986,0.9183333333333333,1.0,0.0,0.0,0.0,0.0
5987,0.9100000000000001,1.0,0.0,0.0,0.0,0.0
5988,0.9116666666666667,1.0,0.0,0.0,0.0,0.0
5989,0.9983333333333333,1.0,0.0,0.0,0.0,0.0
5990,0.9966666666666666,1.0,0.0,0.0,0.0,0.0
5991,1.0,1.0,0.0,0.0,0.0,0.0
5992,0.9966666666666667,1.0,0.0,0.0,0.0,0.0
5993,0.9916666666666666,1.0,0.0,0.0,0.0,0.0
5994,1.0,1.0,0.0,0.0,0.0,0.0
5995,1.0,0.99,0.0,0.01,0.0,0.0
5996,1.0,0.98,0.0,0.02,0.0,0.0
5997,0.9966666666666667,0.99,0.0,0.01,0.0,0.0
5998,0.9966666666666667,0.98,0.0,0.02,0.0,0.0
5999,0.915,0.97,0.0,0.03,0.0,0.0
6000,0.8983333333333333,1.0,0.0,0.0,0.0,0.0
6001,0.905,1.0,0.0,0.0,0.0,0.0
6002,0.9116666666666667,1.0,0.0,0.0,0.0,0.0
6003,0.92,1.0,0.0,0.0,0.0,0.0
6004,0.9033333333333331,1.0,0.0,0.0,0.0,0.0
6005,0.9133333333333334,1.0,0.0,0.0,0.0,0.0
6006,0.915,1.0,0.0,0.0,0.0,0.0
6007,0.8850000000000001,1.0,0.0,0.0,0.0,0.0
6008,0.8933333333333333,1.0,0.0,0.0,0.0,0.0
6009,0.9966666666666667,1.0,0.0,0.0,0.0,0.0
6010,1.0,1.0,0.0,0.0,0.0,0.0
6011,1.0,1.0,0.0,0.0,0.0,0.0
6012,0.9983333333333333,1.0,0.0,0.0,0.0,0.0
6013,1.0,1.0,0.0,0.0,0.0,0.0
6014,0.9966666666666667,1.0,0.0,0.0,0.0,0.0
6015,1.0,1.0,0.0,0.0,0.0,0.0
6016,1.0,1.0,0.0,0.0,0.0,0.0
6017,0.99,1.0,0.0,0.0,0.0,0.0
6018,0.9966666666666667,1.0,0.0,0.0,0.0,0.0
6019,0.8983333333333334,1.0,0.0,0.0,0.0,0.0
6020,0.9,1.0,0.0,0.0,0.0,0.0
6021,0.9233333333333335,1.0,0.0,0.0,0.0,0.0
6022,0.92,1.0,0.0,0.0,0.0,0.0
6023,0.8950000000000001,1.0,0.0,0.0,0.0,0.0
6024,0.9116666666666667,1.0,0.0,0.0,0.0,0.0
6025,0.94,1.0,0.0,0.0,0.0,0.0
6026,0.9033333333333334,1.0,0.0,0.0,0.0,0.0
6027,0.91,1.0,0.0,0.0,0.0,0.0
6028,0.9216666666666667,1.0,0.0,0.0,0.0,0.0
6029,0.9966666666666667,1.0,0.0,0.0,0.0,0.0
6030,0.9966666666666666,1.0,0.0,0.0,0.0,0.0
6031,1.0,1.0,0.0,0.0,0.0,0.0
6032,0.9933333333333334,1.0,0.0,0.0,0.0,0.0
6033,0.995,1.0,0.0,0.0,0.0,0.0
6034,1.0,1.0,0.0,0.0,0.0,0.0
6035,1.0,1.0,0.0,0.0,0.0,0.0
6036,1.0,1.0,0.0,0.0,0.0,0.0
6037,0.9916666666666667,1.0,0.0,0.0,0.0,0.0
6038,0.9966666666666666,1.0,0.0,0.0,0.0,0.0
6039,0.9066666666666667,1.0,0.0,0.0,0.0,0.0
6040,0.8900000000000002,1.0,0.0,0.0,0.0,0.0
6041,0.9516666666666667,1.0,0.0,0.0,0.0,0.0
6042,0.9266666666666667,1.0,0.0,0.0,0.0,0.0
6043,0.8883333333333334,1.0,0.0,0.0,0.0,0.0
6044,0.9,0.99,0.0,0.0,0.01,0.0
6045,0.9016666666666667,0.98,0.0,0.0,0.02,0.0
6046,0.9033333333333333,0.99,0.0,0.0,0.01,0.0
6047,0.9222723918920518,0.95,0.0,0.0,0.05,0.0
6048,0.915,0.96,0.0,0.0,0.04,0.0
6049,0.9866666666666666,0.94,0.0,0.01,0.05,0.0
6050,0.9933333333333334,0.94,0.0,0.04,0.02,0.0
6051,0.9900000000000001,0.97,0.0,0.02,0.01,0.0
6052,1.0,0.98,0.0,0.02,0.0,0.0
6053,0.9916666666666666,1.0,0.0,0.0,0.0,0.0
6054,1.0,1.0,0.0,0.0,0.0,0.0
6055,1.0,0.99,0.0,0.01,0.0,0.0
6056,0.9983333333333333,0.97,0.0,0.03,0.0,0.0
6057,0.9966666666666667,1.0,0.0,0.0,0.0,0.0
6058,0.995,1.0,0.0,0.0,0.0,0.0
6059,0.9116666666666667,1.0,0.0,0.0,0.0,0.0
6060,0.9216666666666667,1.0,0.0,0.0,0.0,0.0
6061,0.8866666666666668,1.0,0.0,0.0,0.0,0.0
6062,0.9283333333333332,1.0,0.0,0.0,0.0,0.0
6063,0.9533333333333333,1.0,0.0,0.0,0.0,0.0
6064,0.9266666666666665,1.0,0.0,0.0,0.0,0.0
6065,0.89,1.0,0.0,0.0,0.0,0.0
6066,0.8950000000000001,1.0,0.0,0.0,0.0,0.0
6067,0.8966666666666666,1.0,0.0,0.0,0.0,0.0
6068,0.9183333333333333,1.0,0.0,0.0,0.0,0.0
6069,1.0,1.0,0.0,0.0,0.0,0.0
6070,1.0,1.0,0.0,0.0,0.0,0.0
6071,0.995,0.99,0.0,0.01,0.0,0.0
6072,1.0,1.0,0.0,0.0,0.0,0.0
6073,0.9983333333333334,1.0,0.0,0.0,0.0,0.0
6074,1.0,1.0,0.0,0.0,0.0,0.0
6075,0.9966666666666666,1.0,0.0,0.0,0.0,0.0
6076,0.9936906065093173,1.0,0.0,0.0,0.0,0.0
6077,0.985535909763976,1.0,0.0,0.0,0.0,0.0
6078,0.9936906065093172,1.0,0.0,0.0,0.0,0.0
6079,0.9183333333333334,1.0,0.0,0.0,0.0,0.0
6080,0.9483333333333333,1.0,0.0,0.0,0.0,0.0
6081,0.905,1.0,0.0,0.0,0.0,0.0
6082,0.9233333333333335,1.0,0.0,0.0,0.0,0.0
6083,0.8883333333333333,1.0,0.0,0.0,0.0,0.0
6084,0.9383333333333332,1.0,0.0,0.0,0.0,0.0
6085,0.8699999999999999,0.99,0.0,0.01,0.0,0.0
6086,0.9166666666666669,0.99,0.0,0.01,0.0,0.0
6087,0.9049999999999998,0.99,0.0,0.01,0.0,0.0
6088,0.9133333333333334,1.0,0.0,0.0,0.0,0.0
6089,0.8933333333333334,1.0,0.0,0.0,0.0,0.0
6090,0.9400000000000002,1.0,0.0,0.0,0.0,0.0
6091,0.9500000000000003,1.0,0.0,0.0,0.0,0.0
6092,0.9783333333333333,1.0,0.0,0.0,0.0,0.0
6093,0.98,1.0,0.0,0.0,0.0,0.0
6094,0.9933333333333333,1.0,0.0,0.0,0.0,0.0
6095,0.99,1.0,0.0,0.0,0.0,0.0
6096,0.9916666666666666,1.0,0.0,0.0,0.0,0.0
6097,0.9949999999999999,1.0,0.0,0.0,0.0,0.0
6098,0.9966666666666667,1.0,0.0,0.0,0.0,0.0
6099,0.8816666666666667,1.0,0.0,0.0,0.0,0.0
6100,0.9200000000000002,1.0,0.0,0.0,0.0,0.0
6101,0.9,1.0,0.0,0.0,0.0,0.0
6102,0.8816666666666666,1.0,0.0,0.0,0.0,0.0
6103,0.9000000000000001,1.0,0.0,0.0,0.0,0.0
6104,0.9099999999999998,1.0,0.0,0.0,0.0,0.0
6105,0.8666666666666667,1.0,0.0,0.0,0.0,0.0
6106,0.9,1.0,0.0,0.0,0.0,0.0
6107,0.93,1.0,0.0,0.0,0.0,0.0
6108,0.9366666666666665,1.0,0.0,0.0,0.0,0.0
6109,0.9966666666666667,1.0,0.0,0.0,0.0,0.0
6110,0.9950000000000001,1.0,0.0,0.0,0.0,0.0
6111,1.0,1.0,0.0,0.0,0.0,0.0
6112,1.0,1.0,0.0,0.0,0.0,0.0
6113,1.0,1.0,0.0,0.0,0.0,0.0
6114,0.9933333333333334,1.0,0.0,0.0,0.0,0.0
6115,1.0,1.0,0.0,0.0,0.0,0.0
6116,0.9983333333333334,1.0,0.0,0.0,0.0,0.0
6117,0.9916666666666667,1.0,0.0,0.0,0.0,0.0
6118,1.0,1.0,0.0,0.0,0.0,0.0
6119,0.9183333333333334,1.0,0.0,0.0,0.0,0.0
6120,0.9166666666666667,1.0,0.0,0.0,0.0,0.0
6121,0.9166666666666667,1.0,0.0,0.0,0.0,0.0
6122,0.9200000000000002,1.0,0.0,0.0,0.0,0.0
6123,0.9149999999999998,1.0,0.0,0.0,0.0,0.0
6124,0.9083333333333333,0.99,0.0,0.01,0.0,0.0
6125,0.8816666666666667,1.0,0.0,0.0,0.0,0.0
6126,0.875,1.0,0.0,0.0,0.0,0.0
6127,0.8666666666666666,0.99,0.0,0.01,0.0,0.0
6128,0.91,1.0,0.0,0.0,0.0,0.0
6129,1.0,1.0,0.0,0.0,0.0,0.0
6130,1.0,1.0,0.0,0.0,0.0,0.0
6131,0.9966666666666667,1.0,0.0,0.0,0.0,0.0
6132,1.0,1.0,0.0,0.0,0.0,0.0
6133,0.9966666666666667,1.0,0.0,0.0,0.0,0.0
6134,0.9983333333333333,1.0,0.0,0.0,0.0,0.0
6135,0.9966666666666667,1.0,0.0,0.0,0.0,0.0
6136,1.0,1.0,0.0,0.0,0.0,0.0
6137,1.0,1.0,0.0,0.0,0.0,0.0
6138,0.9933333333333334,0.99,0.0,0.0,0.01,0.0
6139,0.9133333333333334,0.99,0.0,0.0,0.01,0.0
6140,0.8583333333333334,1.0,0.0,0.0,0.0,0.0
6141,0.9033333333333333,1.0,0.0,0.0,0.0,0.0
6142,0.94,1.0,0.0,0.0,0.0,0.0
6143,0.9150000000000001,1.0,0.0,0.0,0.0,0.0
6144,0.8766666666666668,1.0,0.0,0.0,0.0,0.0
6145,0.92,1.0,0.0,0.0,0.0,0.0
6146,0.9244036673310886,1.0,0.0,0.0,0.0,0.0
6147,0.895,1.0,0.0,0.0,0.0,0.0
6148,0.915,1.0,0.0,0.0,0.0,0.0
6149,1.0,1.0,0.0,0.0,0.0,0.0
6150,0.9983333333333334,1.0,0.0,0.0,0.0,0.0
6151,1.0,1.0,0.0,0.0,0.0,0.0
6152,1.0,1.0,0.0,0.0,0.0,0.0
6153,0.9966666666666666,1.0,0.0,0.0,0.0,0.0
6154,1.0,1.0,0.0,0.0,0.0,0.0
6155,1.0,1.0,0.0,0.0,0.0,0.0
6156,0.9916666666666667,1.0,0.0,0.0,0.0,0.0
6157,1.0,1.0,0.0,0.0,0.0,0.0
6158,1.0,1.0,0.0,0.0,0.0,0.0
6159,0.8900000000000001,1.0,0.0,0.0,0.0,0.0
6160,0.9083333333333333,1.0,0.0,0.0,0.0,0.0
6161,0.8983333333333333,1.0,0.0,0.0,0.0,0.0
6162,0.9216666666666665,1.0,0.0,0.0,0.0,0.0
6163,0.8966666666666667,1.0,0.0,0.0,0.0,0.0
6164,0.9316666666666668,0.99,0.0,0.01,0.0,0.0
6165,0.9083333333333333,0.99,0.0,0.01,0.0,0.0
6166,0.9004816690119821,0.97,0.0,0.03,0.0,0.0
6167,0.9138150023453154,0.99,0.0,0.01,0.0,0.0
6168,0.9000000000000001,1.0,0.0,0.0,0.0,0.0
6169,1.0,1.0,0.0,0.0,0.0,0.0
6170,1.0,1.0,0.0,0.0,0.0,0.0
6171,1.0,1.0,0.0,0.0,0.0,0.0
6172,0.9966666666666666,1.0,0.0,0.0,0.0,0.0
6173,0.9966666666666667,1.0,0.0,0.0,0.0,0.0
6174,1.0,1.0,0.0,0.0,0.0,0.0
6175,0.9966666666666667,0.99,0.0,0.0,0.01,0.0
6176,0.9997441052996254,1.0,0.0,0.0,0.0,0.0
6177,0.996410771966292,1.0,0.0,0.0,0.0,0.0
6178,1.0,1.0,0.0,0.0,0.0,0.0
6179,0.9166666666666667,1.0,0.0,0.0,0.0,0.0
6180,0.9,0.99,0.0,0.01,0.0,0.0
6181,0.9383333333333332,1.0,0.0,0.0,0.0,0.0
6182,0.9416666666666665,0.99,0.0,0.0,0.01,0.0
6183,0.93,1.0,0.0,0.0,0.0,0.0
6184,0.8641634210494327,1.0,0.0,0.0,0.0,0.0
6185,0.877496754382766,1.0,0.0,0.0,0.0,0.0
6186,0.887496754382766,0.98,0.0,0.01,0.01,0.0
6187,0.8949999999999999,0.99,0.0,0.0,0.01,0.0
6188,0.9215641455803711,0.98,0.0,0.0,0.02,0.0
6189,0.99,1.0,0.0,0.0,0.0,0.0
6190,0.9916666666666667,1.0,0.0,0.0,0.0,0.0
6191,0.995,1.0,0.0,0.0,0.0,0.0
6192,0.9933333333333334,1.0,0.0,0.0,0.0,0.0
6193,0.9966666666666666,1.0,0.0,0.0,0.0,0.0
6194,1.0,1.0,0.0,0.0,0.0,0.0
6195,0.9950000000000001,1.0,0.0,0.0,0.0,0.0
6196,0.9966666666666666,0.99,0.0,0.0,0.01,0.0
6197,0.9966666666666667,1.0,0.0,0.0,0.0,0.0
6198,1.0,1.0,0.0,0.0,0.0,0.0
6199,0.92,1.0,0.0,0.0,0.0,0.0
6200,0.9250000000000002,1.0,0.0,0.0,0.0,0.0
6201,0.9333333333333335,1.0,0.0,0.0,0.0,0.0
6202,0.8799999999999999,1.0,0.0,0.0,0.0,0.0
6203,0.9333333333333335,0.99,0.0,0.01,0.0,0.0
6204,0.885,1.0,0.0,0.0,0.0,0.0
6205,0.8783333333333333,1.0,0.0,0.0,0.0,0.0
6206,0.9116666666666667,1.0,0.0,0.0,0.0,0.0
6207,0.9416666666666668,1.0,0.0,0.0,0.0,0.0
6208,0.9183333333333333,1.0,0.0,0.0,0.0,0.0
6209,0.9933333333333334,1.0,0.0,0.0,0.0,0.0
6210,0.9966666666666667,1.0,0.0,0.0,0.0,0.0
6211,1.0,1.0,0.0,0.0,0.0,0.0
6212,1.0,1.0,0.0,0.0,0.0,0.0
6213,1.0,1.0,0.0,0.0,0.0,0.0
6214,1.0,1.0,0.0,0.0,0.0,0.0
6215,0.995,1.0,0.0,0.0,0.0,0.0
6216,0.9983333333333334,1.0,0.0,0.0,0.0,0.0
6217,0.9966666666666667,1.0,0.0,0.0,0.0,0.0
6218,0.9966666666666667,1.0,0.0,0.0,0.0,0.0
6219,0.9133333333333333,1.0,0.0,0.0,0.0,0.0
6220,0.8983333333333334,1.0,0.0,0.0,0.0,0.0
6221,0.88,1.0,0.0,0.0,0.0,0.0
6222,0.9366666666666668,1.0,0.0,0.0,0.0,0.0
6223,0.9050000000000001,1.0,0.0,0.0,0.0,0.0
6224,0.9166666666666665,1.0,0.0,0.0,0.0,0.0
6225,0.9116666666666667,1.0,0.0,0.0,0.0,0.0
6226,0.9116666666666667,1.0,0.0,0.0,0.0,0.0
6227,0.9166666666666667,1.0,0.0,0.0,0.0,0.0
6228,0.9133333333333333,1.0,0.0,0.0,0.0,0.0
6229,0.9983333333333333,1.0,0.0,0.0,0.0,0.0
6230,0.995,1.0,0.0,0.0,0.0,0.0
6231,1.0,1.0,0.0,0.0,0.0,0.0
6232,1.0,1.0,0.0,0.0,0.0,0.0
6233,0.9966666666666667,1.0,0.0,0.0,0.0,0.0
6234,0.9983333333333333,1.0,0.0,0.0,0.0,0.0
6235,1.0,1.0,0.0,0.0,0.0,0.0
6236,1.0,1.0,0.0,0.0,0.0,0.0
6237,0.9933333333333333,1.0,0.0,0.0,0.0,0.0
6238,0.9966666666666667,1.0,0.0,0.0,0.0,0.0
6239,0.9166666666666667,1.0,0.0,0.0,0.0,0.0
6240,0.8866666666666666,1.0,0.0,0.0,0.0,0.0
6241,0.905,1.0,0.0,0.0,0.0,0.0
6242,0.9400000000000002,1.0,0.0,0.0,0.0,0.0
6243,0.9183333333333334,1.0,0.0,0.0,0.0,0.0
6244,0.9066666666666666,0.99,0.0,0.0,0.01,0.0
6245,0.9466666666666668,0.98,0.0,0.0,0.02,0.0
6246,0.9083333333333331,0.99,0.0,0.0,0.01,0.0
6247,0.9249999999999998,1.0,0.0,0.0,0.0,0.0
6248,0.9183333333333333,1.0,0.0,0.0,0.0,0.0
6249,0.9966666666666667,1.0,0.0,0.0,0.0,0.0
6250,0.9916666666666667,1.0,0.0,0.0,0.0,0.0
6251,0.9916666666666667,1.0,0.0,0.0,0.0,0.0
6252,0.9983333333333334,1.0,0.0,0.0,0.0,0.0
6253,0.9983333333333333,1.0,0.0,0.0,0.0,0.0
6254,0.9983333333333334,1.0,0.0,0.0,0.0,0.0
6255,0.9966666666666666,1.0,0.0,0.0,0.0,0.0
6256,0.9966666666666666,1.0,0.0,0.0,0.0,0.0
6257,0.9966666666666667,1.0,0.0,0.0,0.0,0.0
6258,1.0,1.0,0.0,0.0,0.0,0.0
6259,0.9216666666666667,1.0,0.0,0.0,0.0,0.0
6260,0.915,1.0,0.0,0.0,0.0,0.0
6261,0.9333333333333332,1.0,0.0,0.0,0.0,0.0
6262,0.9116666666666667,1.0,0.0,0.0,0.0,0.0
6263,0.9033333333333331,1.0,0.0,0.0,0.0,0.0
6264,0.8916666666666664,1.0,0.0,0.0,0.0,0.0
6265,0.9433333333333332,1.0,0.0,0.0,0.0,0.0
6266,0.9366666666666668,1.0,0.0,0.0,0.0,0.0
6267,0.9016666666666668,1.0,0.0,0.0,0.0,0.0
6268,0.8833333333333333,1.0,0.0,0.0,0.0,0.0
6269,0.9983333333333334,1.0,0.0,0.0,0.0,0.0
6270,1.0,1.0,0.0,0.0,0.0,0.0
6271,0.9933333333333334,1.0,0.0,0.0,0.0,0.0
6272,1.0,1.0,0.0,0.0,0.0,0.0
6273,0.9966666666666666,1.0,0.0,0.0,0.0,0.0
6274,1.0,1.0,0.0,0.0,0.0,0.0
6275,0.9966666666666667,1.0,0.0,0.0,0.0,0.0
6276,1.0,1.0,0.0,0.0,0.0,0.0
6277,0.9983333333333333,1.0,0.0,0.0,0.0,0.0
6278,0.9916666666666667,1.0,0.0,0.0,0.0,0.0
6279,0.8966666666666667,1.0,0.0,0.0,0.0,0.0
6280,0.91,1.0,0.0,0.0,0.0,0.0
6281,0.9283333333333332,1.0,0.0,0.0,0.0,0.0
6282,0.91,1.0,0.0,0.0,0.0,0.0
6283,0.92,1.0,0.0,0.0,0.0,0.0
6284,0.9100000000000001,1.0,0.0,0.0,0.0,0.0
6285,0.9333333333333335,1.0,0.0,0.0,0.0,0.0
6286,0.8883333333333333,1.0,0.0,0.0,0.0,0.0
6287,0.9049999999999998,1.0,0.0,0.0,0.0,0.0
6288,0.8916666666666667,1.0,0.0,0.0,0.0,0.0
6289,1.0,0.99,0.0,0.01,0.0,0.0
6290,1.0,1.0,0.0,0.0,0.0,0.0
6291,0.9966666666666667,1.0,0.0,0.0,0.0,0.0
6292,1.0,1.0,0.0,0.0,0.0,0.0
6293,1.0,1.0,0.0,0.0,0.0,0.0
6294,0.9983333333333334,1.0,0.0,0.0,0.0,0.0
6295,1.0,1.0,0.0,0.0,0.0,0.0
6296,1.0,1.0,0.0,0.0,0.0,0.0
6297,0.9983333333333334,1.0,0.0,0.0,0.0,0.0
6298,1.0,1.0,0.0,0.0,0.0,0.0
6299,0.9066666666666666,1.0,0.0,0.0,0.0,0.0
6300,0.9133333333333334,1.0,0.0,0.0,0.0,0.0
6301,0.885,1.0,0.0,0.0,0.0,0.0
6302,0.9166666666666667,1.0,0.0,0.0,0.0,0.0
6303,0.9366666666666668,1.0,0.0,0.0,0.0,0.0
6304,0.955,1.0,0.0,0.0,0.0,0.0
6305,0.9266666666666667,1.0,0.0,0.0,0.0,0.0
6306,0.9099999999999998,1.0,0.0,0.0,0.0,0.0
6307,0.9166666666666665,1.0,0.0,0.0,0.0,0.0
6308,0.9133333333333334,1.0,0.0,0.0,0.0,0.0
6309,1.0,1.0,0.0,0.0,0.0,0.0
6310,0.9949999999999999,1.0,0.0,0.0,0.0,0.0
6311,0.9983333333333334,1.0,0.0,0.0,0.0,0.0
6312,1.0,1.0,0.0,0.0,0.0,0.0
6313,0.995,1.0,0.0,0.0,0.0,0.0
6314,0.9933333333333334,1.0,0.0,0.0,0.0,0.0
6315,0.9933333333333334,1.0,0.0,0.0,0.0,0.0
6316,0.9966666666666667,1.0,0.0,0.0,0.0,0.0
6317,0.9966666666666667,1.0,0.0,0.0,0.0,0.0
6318,0.9983333333333334,0.99,0.0,0.0,0.01,0.0
6319,0.8950000000000001,0.98,0.0,0.0,0.02,0.0
6320,0.855,0.95,0.0,0.0,0.05,0.0
6321,0.9033333333333333,0.91,0.0,0.0,0.09,0.0
6322,0.9383333333333332,0.91,0.0,0.0,0.09,0.0
6323,0.9116666666666666,0.88,0.0,0.0,0.12,0.0
6324,0.9033333333333331,0.86,0.0,0.0,0.14,0.0
6325,0.9466666666666665,0.87,0.0,0.0,0.13,0.0
6326,0.8883333333333333,0.86,0.0,0.0,0.14,0.0
6327,0.888180765469468,0.89,0.0,0.0,0.11,0.0
6328,0.931267710795254,0.9,0.0,0.0,0.1,0.0
6329,0.9816666666666667,0.92,0.0,0.0,0.08,0.0
6330,0.9866666666666667,0.93,0.0,0.0,0.07,0.0
6331,0.9849999999999999,0.94,0.0,0.01,0.05,0.0
6332,0.9899999999999999,0.93,0.0,0.02,0.05,0.0
6333,0.995,0.98,0.0,0.01,0.01,0.0
6334,0.9916666666666667,0.99,0.0,0.0,0.01,0.0
6335,0.9983333333333333,1.0,0.0,0.0,0.0,0.0
6336,1.0,1.0,0.0,0.0,0.0,0.0
6337,0.9966666666666667,1.0,0.0,0.0,0.0,0.0
6338,0.9966666666666667,0.99,0.0,0.01,0.0,0.0
6339,0.8983333333333333,1.0,0.0,0.0,0.0,0.0
6340,0.9216666666666665,1.0,0.0,0.0,0.0,0.0
6341,0.9083333333333333,1.0,0.0,0.0,0.0,0.0
6342,0.9316666666666669,1.0,0.0,0.0,0.0,0.0
6343,0.9066666666666667,1.0,0.0,0.0,0.0,0.0
6344,0.9233333333333331,1.0,0.0,0.0,0.0,0.0
6345,0.915,0.99,0.0,0.01,0.0,0.0
6346,0.9066666666666667,1.0,0.0,0.0,0.0,0.0
6347,0.8966666666666666,0.98,0.0,0.02,0.0,0.0
6348,0.9233333333333333,0.99,0.0,0.01,0.0,0.0
6349,1.0,0.99,0.0,0.01,0.0,0.0
6350,0.9966666666666667,1.0,0.0,0.0,0.0,0.0
6351,0.9966666666666667,1.0,0.0,0.0,0.0,0.0
6352,0.9966666666666667,1.0,0.0,0.0,0.0,0.0
6353,0.9966666666666667,1.0,0.0,0.0,0.0,0.0
6354,0.9933333333333333,1.0,0.0,0.0,0.0,0.0
6355,0.995,1.0,0.0,0.0,0.0,0.0
6356,0.9983333333333333,1.0,0.0,0.0,0.0,0.0
6357,0.9966666666666667,1.0,0.0,0.0,0.0,0.0
6358,0.9966666666666666,1.0,0.0,0.0,0.0,0.0
6359,0.92,1.0,0.0,0.0,0.0,0.0
6360,0.8966666666666667,1.0,0.0,0.0,0.0,0.0
6361,0.9049999999999998,1.0,0.0,0.0,0.0,0.0
6362,0.9266666666666667,1.0,0.0,0.0,0.0,0.0
6363,0.9049999999999998,1.0,0.0,0.0,0.0,0.0
6364,0.9266666666666665,0.99,0.0,0.01,0.0,0.0
6365,0.9233333333333335,1.0,0.0,0.0,0.0,0.0
6366,0.9216666666666665,1.0,0.0,0.0,0.0,0.0
6367,0.9166666666666667,1.0,0.0,0.0,0.0,0.0
6368,0.9183333333333334,1.0,0.0,0.0,0.0,0.0
6369,0.995,1.0,0.0,0.0,0.0,0.0
6370,0.9966666666666666,1.0,0.0,0.0,0.0,0.0
6371,0.9933333333333334,1.0,0.0,0.0,0.0,0.0
6372,0.9966666666666667,1.0,0.0,0.0,0.0,0.0
6373,1.0,1.0,0.0,0.0,0.0,0.0
6374,0.9933333333333334,1.0,0.0,0.0,0.0,0.0
6375,0.9983333333333333,1.0,0.0,0.0,0.0,0.0
6376,0.9983333333333333,1.0,0.0,0.0,0.0,0.0
6377,0.9933333333333333,1.0,0.0,0.0,0.0,0.0
6378,0.9983333333333334,1.0,0.0,0.0,0.0,0.0
6379,0.9216666666666667,1.0,0.0,0.0,0.0,0.0
6380,0.9133333333333334,1.0,0.0,0.0,0.0,0.0
6381,0.9016666666666666,1.0,0.0,0.0,0.0,0.0
6382,0.9166666666666667,1.0,0.0,0.0,0.0,0.0
6383,0.8983333333333331,1.0,0.0,0.0,0.0,0.0
6384,0.9133333333333334,1.0,0.0,0.0,0.0,0.0
6385,0.9166666666666667,1.0,0.0,0.0,0.0,0.0
6386,0.915,1.0,0.0,0.0,0.0,0.0
6387,0.9066666666666666,1.0,0.0,0.0,0.0,0.0
6388,0.92,1.0,0.0,0.0,0.0,0.0
6389,1.0,1.0,0.0,0.0,0.0,0.0
6390,0.9933333333333333,1.0,0.0,0.0,0.0,0.0
6391,0.9866666666666666,1.0,0.0,0.0,0.0,0.0
6392,1.0,1.0,0.0,0.0,0.0,0.0
6393,1.0,0.99,0.0,0.01,0.0,0.0
6394,0.9983333333333334,0.99,0.0,0.01,0.0,0.0
6395,0.9984437346233399,0.99,0.0,0.0,0.01,0.0
6396,0.9984437346233399,0.99,0.0,0.0,0.01,0.0
6397,0.9984437346233399,0.99,0.0,0.0,0.01,0.0
6398,0.995,1.0,0.0,0.0,0.0,0.0
6399,0.9099999999999998,1.0,0.0,0.0,0.0,0.0
6400,0.9066666666666667,1.0,0.0,0.0,0.0,0.0
6401,0.8699999999999999,1.0,0.0,0.0,0.0,0.0
6402,0.9150000000000001,1.0,0.0,0.0,0.0,0.0
6403,0.855,1.0,0.0,0.0,0.0,0.0
6404,0.8933333333333334,1.0,0.0,0.0,0.0,0.0
6405,0.8816666666666667,1.0,0.0,0.0,0.0,0.0
6406,0.8883333333333333,1.0,0.0,0.0,0.0,0.0
6407,0.915,1.0,0.0,0.0,0.0,0.0
6408,0.9233333333333333,1.0,0.0,0.0,0.0,0.0
6409,0.9949999999999999,1.0,0.0,0.0,0.0,0.0
6410,1.0,0.99,0.0,0.01,0.0,0.0
6411,1.0,0.97,0.0,0.03,0.0,0.0
6412,0.9983333333333333,0.96,0.0,0.04,0.0,0.0
6413,1.0,0.97,0.0,0.03,0.0,0.0
6414,0.9983333333333334,0.98,0.0,0.02,0.0,0.0
6415,1.0,0.97,0.0,0.03,0.0,0.0
6416,1.0,0.98,0.0,0.02,0.0,0.0
6417,0.9966666666666666,0.97,0.0,0.03,0.0,0.0
6418,1.0,0.99,0.0,0.01,0.0,0.0
6419,0.8866666666666668,0.99,0.0,0.01,0.0,0.0
6420,0.8916666666666667,0.98,0.0,0.02,0.0,0.0
6421,0.8750000000000001,0.96,0.0,0.04,0.0,0.0
6422,0.9216666666666667,0.99,0.0,0.01,0.0,0.0
6423,0.9349999999999998,1.0,0.0,0.0,0.0,0.0
6424,0.9283333333333335,1.0,0.0,0.0,0.0,0.0
6425,0.9300000000000002,1.0,0.0,0.0,0.0,0.0
6426,0.9133333333333333,1.0,0.0,0.0,0.0,0.0
6427,0.9066666666666667,1.0,0.0,0.0,0.0,0.0
6428,0.9250000000000002,1.0,0.0,0.0,0.0,0.0
6429,0.9983333333333333,1.0,0.0,0.0,0.0,0.0
6430,0.9966666666666667,1.0,0.0,0.0,0.0,0.0
6431,1.0,1.0,0.0,0.0,0.0,0.0
6432,1.0,1.0,0.0,0.0,0.0,0.0
6433,0.9966666666666666,1.0,0.0,0.0,0.0,0.0
6434,0.9916666666666667,0.99,0.0,0.0,0.01,0.0
6435,1.0,1.0,0.0,0.0,0.0,0.0
6436,0.9966666666666667,1.0,0.0,0.0,0.0,0.0
6437,1.0,1.0,0.0,0.0,0.0,0.0
6438,1.0,1.0,0.0,0.0,0.0,0.0
6439,0.8766666666666667,1.0,0.0,0.0,0.0,0.0
6440,0.9199999999999998,1.0,0.0,0.0,0.0,0.0
6441,0.9383333333333332,1.0,0.0,0.0,0.0,0.0
6442,0.9133333333333333,1.0,0.0,0.0,0.0,0.0
6443,0.9116666666666667,1.0,0.0,0.0,0.0,0.0
6444,0.9066666666666668,0.99,0.0,0.01,0.0,0.0
6445,0.9416666666666668,0.99,0.0,0.01,0.0,0.0
6446,0.9183333333333334,0.98,0.0,0.02,0.0,0.0
6447,0.9066666666666668,0.98,0.0,0.02,0.0,0.0
6448,0.9166666666666667,1.0,0.0,0.0,0.0,0.0
6449,1.0,1.0,0.0,0.0,0.0,0.0
6450,0.9983333333333333,1.0,0.0,0.0,0.0,0.0
6451,1.0,1.0,0.0,0.0,0.0,0.0
6452,0.9966666666666667,1.0,0.0,0.0,0.0,0.0
6453,0.9916666666666667,1.0,0.0,0.0,0.0,0.0
6454,0.995,1.0,0.0,0.0,0.0,0.0
6455,1.0,1.0,0.0,0.0,0.0,0.0
6456,1.0,1.0,0.0,0.0,0.0,0.0
6457,1.0,1.0,0.0,0.0,0.0,0.0
6458,1.0,1.0,0.0,0.0,0.0,0.0
6459,0.8933333333333335,1.0,0.0,0.0,0.0,0.0
6460,0.8983333333333334,1.0,0.0,0.0,0.0,0.0
6461,0.9166666666666667,1.0,0.0,0.0,0.0,0.0
6462,0.9350000000000002,1.0,0.0,0.0,0.0,0.0
6463,0.9183333333333331,1.0,0.0,0.0,0.0,0.0
6464,0.8983333333333333,1.0,0.0,0.0,0.0,0.0
6465,0.9016666666666666,1.0,0.0,0.0,0.0,0.0
6466,0.9016666666666667,1.0,0.0,0.0,0.0,0.0
6467,0.9033333333333333,1.0,0.0,0.0,0.0,0.0
6468,0.9033333333333333,1.0,0.0,0.0,0.0,0.0
6469,0.995,1.0,0.0,0.0,0.0,0.0
6470,0.9939045180469289,1.0,0.0,0.0,0.0,0.0
6471,0.9966666666666666,1.0,0.0,0.0,0.0,0.0
6472,0.9955711847135957,1.0,0.0,0.0,0.0,0.0
6473,0.9966666666666666,1.0,0.0,0.0,0.0,0.0
6474,0.9966666666666667,1.0,0.0,0.0,0.0,0.0
6475,0.9933333333333334,1.0,0.0,0.0,0.0,0.0
6476,1.0,1.0,0.0,0.0,0.0,0.0
6477,0.995,0.99,0.0,0.0,0.01,0.0
6478,0.9916666666666666,1.0,0.0,0.0,0.0,0.0
6479,0.9133333333333334,1.0,0.0,0.0,0.0,0.0
6480,0.9166666666666667,1.0,0.0,0.0,0.0,0.0
6481,0.8899999999999999,1.0,0.0,0.0,0.0,0.0
6482,0.92,1.0,0.0,0.0,0.0,0.0
6483,0.9183333333333333,1.0,0.0,0.0,0.0,0.0
6484,0.9150000000000001,1.0,0.0,0.0,0.0,0.0
6485,0.8983333333333333,1.0,0.0,0.0,0.0,0.0
6486,0.8800000000000001,0.99,0.0,0.01,0.0,0.0
6487,0.8766666666666667,1.0,0.0,0.0,0.0,0.0
6488,0.9016666666666666,1.0,0.0,0.0,0.0,0.0
6489,0.9966666666666666,1.0,0.0,0.0,0.0,0.0
6490,0.9933333333333334,1.0,0.0,0.0,0.0,0.0
6491,1.0,1.0,0.0,0.0,0.0,0.0
6492,1.0,1.0,0.0,0.0,0.0,0.0
6493,0.9983333333333333,1.0,0.0,0.0,0.0,0.0
6494,1.0,1.0,0.0,0.0,0.0,0.0
6495,0.9966666666666667,1.0,0.0,0.0,0.0,0.0
6496,0.9966666666666667,0.99,0.0,0.0,0.01,0.0
6497,0.9979863067417368,0.99,0.0,0.0,0.01,0.0
6498,0.9944710931661878,0.97,0.0,0.0,0.03,0.0
6499,0.9199999999999998,0.99,0.0,0.0,0.01,0.0
6500,0.9033333333333333,1.0,0.0,0.0,0.0,0.0
6501,0.9433333333333332,1.0,0.0,0.0,0.0,0.0
6502,0.9000000000000001,0.99,0.0,0.0,0.01,0.0
6503,0.9283333333333335,0.97,0.0,0.0,0.03,0.0
6504,0.906666666666667,0.97,0.0,0.0,0.03,0.0
6505,0.9250000000000002,0.93,0.0,0.0,0.07,0.0
6506,0.9333333333333335,0.94,0.0,0.0,0.06,0.0
6507,0.8983333333333334,0.96,0.0,0.0,0.04,0.0
6508,0.8933333333333333,0.97,0.0,0.0,0.03,0.0
6509,0.9966666666666667,0.98,0.0,0.0,0.02,0.0
6510,0.9966666666666667,1.0,0.0,0.0,0.0,0.0
6511,0.9933333333333333,1.0,0.0,0.0,0.0,0.0
6512,0.9983333333333334,1.0,0.0,0.0,0.0,0.0
6513,1.0,1.0,0.0,0.0,0.0,0.0
6514,1.0,1.0,0.0,0.0,0.0,0.0
6515,1.0,1.0,0.0,0.0,0.0,0.0
6516,0.9933333333333334,1.0,0.0,0.0,0.0,0.0
6517,1.0,1.0,0.0,0.0,0.0,0.0
6518,0.9966666666666667,1.0,0.0,0.0,0.0,0.0
6519,0.9283333333333332,1.0,0.0,0.0,0.0,0.0
6520,0.9033333333333333,1.0,0.0,0.0,0.0,0.0
6521,0.9333333333333332,1.0,0.0,0.0,0.0,0.0
6522,0.8933333333333334,0.99,0.0,0.0,0.01,0.0
6523,0.9116666666666667,0.97,0.0,0.0,0.03,0.0
6524,0.9333333333333332,0.95,0.0,0.0,0.05,0.0
6525,0.9400000000000002,0.93,0.0,0.0,0.07,0.0
6526,0.9266666666666665,0.96,0.0,0.0,0.04,0.0
6527,0.91,0.96,0.0,0.0,0.04,0.0
6528,0.92,0.96,0.0,0.0,0.04,0.0
6529,0.9949999999999999,0.98,0.0,0.0,0.02,0.0
6530,1.0,1.0,0.0,0.0,0.0,0.0
6531,0.997458966704844,0.99,0.0,0.0,0.01,0.0
6532,0.9966666666666667,1.0,0.0,0.0,0.0,0.0
6533,0.9966666666666666,0.99,0.0,0.0,0.01,0.0
6534,0.9966666666666666,0.99,0.0,0.01,0.0,0.0
6535,1.0,0.99,0.0,0.01,0.0,0.0
6536,1.0,0.99,0.0,0.01,0.0,0.0
6537,1.0,1.0,0.0,0.0,0.0,0.0
6538,0.9983333333333334,1.0,0.0,0.0,0.0,0.0
6539,0.9283333333333332,1.0,0.0,0.0,0.0,0.0
6540,0.9266666666666669,1.0,0.0,0.0,0.0,0.0
6541,0.9161379475480111,1.0,0.0,0.0,0.0,0.0
6542,0.9539425617626892,1.0,0.0,0.0,0.0,0.0
6543,0.9272758950960227,1.0,0.0,0.0,0.0,0.0
6544,0.8983333333333334,1.0,0.0,0.0,0.0,0.0
6545,0.905,1.0,0.0,0.0,0.0,0.0
6546,0.9083333333333334,1.0,0.0,0.0,0.0,0.0
6547,0.9016666666666667,1.0,0.0,0.0,0.0,0.0
6548,0.895,1.0,0.0,0.0,0.0,0.0
6549,0.995,0.99,0.0,0.01,0.0,0.0
6550,0.9983333333333334,0.98,0.0,0.02,0.0,0.0
6551,0.9983333333333333,0.99,0.0,0.01,0.0,0.0
6552,1.0,0.98,0.0,0.02,0.0,0.0
6553,1.0,0.96,0.0,0.04,0.0,0.0
6554,0.9933333333333334,0.96,0.0,0.04,0.0,0.0
6555,0.9983333333333333,0.98,0.0,0.02,0.0,0.0
6556,0.9916666666666667,0.96,0.0,0.04,0.0,0.0
6557,1.0,0.95,0.0,0.05,0.0,0.0
6558,0.9866666666666667,0.92,0.0,0.08,0.0,0.0
6559,0.8383333333333333,0.95,0.0,0.05,0.0,0.0
6560,0.88,0.95,0.0,0.05,0.0,0.0
6561,0.865,0.96,0.0,0.04,0.0,0.0
6562,0.875,0.96,0.0,0.04,0.0,0.0
6563,0.9166666666666667,0.98,0.0,0.02,0.0,0.0
6564,0.9333333333333335,0.98,0.0,0.02,0.0,0.0
6565,0.9066666666666667,0.99,0.0,0.01,0.0,0.0
6566,0.9283333333333335,0.97,0.0,0.03,0.0,0.0
6567,0.8833333333333333,0.96,0.0,0.04,0.0,0.0
6568,0.9466666666666664,1.0,0.0,0.0,0.0,0.0
6569,0.9983333333333333,1.0,0.0,0.0,0.0,0.0
6570,0.9933333333333334,1.0,0.0,0.0,0.0,0.0
6571,0.9916666666666666,1.0,0.0,0.0,0.0,0.0
6572,0.9966666666666667,1.0,0.0,0.0,0.0,0.0
6573,1.0,0.99,0.0,0.01,0.0,0.0
6574,1.0,0.99,0.0,0.01,0.0,0.0
6575,1.0,0.98,0.0,0.02,0.0,0.0
6576,1.0,0.96,0.0,0.04,0.0,0.0
6577,1.0,0.96,0.0,0.04,0.0,0.0
6578,0.9966666666666667,0.98,0.0,0.02,0.0,0.0
6579,0.8833333333333333,0.95,0.0,0.05,0.0,0.0
6580,0.8916666666666666,0.97,0.0,0.03,0.0,0.0
6581,0.9116666666666666,0.97,0.0,0.03,0.0,0.0
6582,0.9133333333333333,0.98,0.0,0.02,0.0,0.0
6583,0.8766666666666667,0.97,0.0,0.03,0.0,0.0
6584,0.9033333333333333,0.99,0.0,0.01,0.0,0.0
6585,0.9116666666666666,1.0,0.0,0.0,0.0,0.0
6586,0.9121879303995594,0.99,0.0,0.0,0.01,0.0
6587,0.9333333333333331,1.0,0.0,0.0,0.0,0.0
6588,0.9366666666666668,0.99,0.0,0.01,0.0,0.0
6589,0.9983333333333334,1.0,0.0,0.0,0.0,0.0
6590,0.9966666666666667,1.0,0.0,0.0,0.0,0.0
6591,0.995,1.0,0.0,0.0,0.0,0.0
6592,0.9933333333333334,1.0,0.0,0.0,0.0,0.0
6593,0.9983333333333333,0.99,0.0,0.01,0.0,0.0
6594,1.0,1.0,0.0,0.0,0.0,0.0
6595,0.9966666666666667,1.0,0.0,0.0,0.0,0.0
6596,0.9983333333333333,1.0,0.0,0.0,0.0,0.0
6597,1.0,1.0,0.0,0.0,0.0,0.0
6598,1.0,1.0,0.0,0.0,0.0,0.0
6599,0.88,1.0,0.0,0.0,0.0,0.0
6600,0.8983333333333334,1.0,0.0,0.0,0.0,0.0
6601,0.8950000000000001,0.99,0.0,0.01,0.0,0.0
6602,0.8883333333333333,1.0,0.0,0.0,0.0,0.0
6603,0.91,1.0,0.0,0.0,0.0,0.0
6604,0.9083333333333331,1.0,0.0,0.0,0.0,0.0
6605,0.905,1.0,0.0,0.0,0.0,0.0
6606,0.9416666666666668,1.0,0.0,0.0,0.0,0.0
6607,0.9133333333333333,1.0,0.0,0.0,0.0,0.0
6608,0.8966666666666666,1.0,0.0,0.0,0.0,0.0
6609,1.0,1.0,0.0,0.0,0.0,0.0
6610,1.0,1.0,0.0,0.0,0.0,0.0
6611,1.0,1.0,0.0,0.0,0.0,0.0
6612,0.9983333333333333,1.0,0.0,0.0,0.0,0.0
6613,1.0,1.0,0.0,0.0,0.0,0.0
6614,0.9983333333333333,1.0,0.0,0.0,0.0,0.0
6615,1.0,1.0,0.0,0.0,0.0,0.0
6616,0.9966666666666666,1.0,0.0,0.0,0.0,0.0
6617,0.9916666666666667,1.0,0.0,0.0,0.0,0.0
6618,0.9983333333333334,1.0,0.0,0.0,0.0,0.0
6619,0.8866666666666666,1.0,0.0,0.0,0.0,0.0
6620,0.9166666666666669,1.0,0.0,0.0,0.0,0.0
6621,0.9133333333333333,1.0,0.0,0.0,0.0,0.0
6622,0.9166666666666665,1.0,0.0,0.0,0.0,0.0
6623,0.8766666666666667,0.99,0.0,0.01,0.0,0.0
6624,0.9200000000000002,0.99,0.0,0.01,0.0,0.0
6625,0.9433333333333335,1.0,0.0,0.0,0.0,0.0
6626,0.8833333333333332,0.99,0.0,0.0,0.01,0.0
6627,0.9066666666666666,0.97,0.0,0.0,0.03,0.0
6628,0.9166666666666667,0.94,0.0,0.0,0.06,0.0
6629,0.995,0.99,0.0,0.0,0.01,0.0
6630,0.9966666666666666,0.99,0.0,0.0,0.01,0.0
6631,0.9966666666666666,1.0,0.0,0.0,0.0,0.0
6632,1.0,1.0,0.0,0.0,0.0,0.0
6633,0.9966666666666667,1.0,0.0,0.0,0.0,0.0
6634,1.0,1.0,0.0,0.0,0.0,0.0
6635,0.9966666666666666,1.0,0.0,0.0,0.0,0.0
6636,0.9916666666666667,1.0,0.0,0.0,0.0,0.0
6637,0.9966666666666666,1.0,0.0,0.0,0.0,0.0
6638,0.9983333333333333,1.0,0.0,0.0,0.0,0.0
6639,0.9266666666666667,1.0,0.0,0.0,0.0,0.0
6640,0.9183333333333333,1.0,0.0,0.0,0.0,0.0
6641,0.9333333333333332,1.0,0.0,0.0,0.0,0.0
6642,0.9283333333333332,1.0,0.0,0.0,0.0,0.0
6643,0.9166666666666665,1.0,0.0,0.0,0.0,0.0
6644,0.9416666666666665,1.0,0.0,0.0,0.0,0.0
6645,0.8983333333333334,1.0,0.0,0.0,0.0,0.0
6646,0.8916666666666668,1.0,0.0,0.0,0.0,0.0
6647,0.915,1.0,0.0,0.0,0.0,0.0
6648,0.9083333333333334,1.0,0.0,0.0,0.0,0.0
6649,1.0,1.0,0.0,0.0,0.0,0.0
6650,1.0,1.0,0.0,0.0,0.0,0.0
6651,0.9933333333333333,1.0,0.0,0.0,0.0,0.0
6652,0.9966666666666666,1.0,0.0,0.0,0.0,0.0
6653,0.9966666666666666,1.0,0.0,0.0,0.0,0.0
6654,1.0,1.0,0.0,0.0,0.0,0.0
6655,1.0,1.0,0.0,0.0,0.0,0.0
6656,0.9966666666666666,0.99,0.0,0.0,0.01,0.0
6657,0.9933333333333334,0.98,0.0,0.0,0.02,0.0
6658,0.9966666666666666,0.98,0.0,0.01,0.01,0.0
6659,0.9183333333333333,0.97,0.0,0.01,0.02,0.0
6660,0.8883333333333333,0.99,0.0,0.0,0.01,0.0
6661,0.895,1.0,0.0,0.0,0.0,0.0
6662,0.9083333333333334,1.0,0.0,0.0,0.0,0.0
6663,0.9183333333333336,1.0,0.0,0.0,0.0,0.0
6664,0.9416666666666668,1.0,0.0,0.0,0.0,0.0
6665,0.9483333333333335,1.0,0.0,0.0,0.0,0.0
6666,0.945,1.0,0.0,0.0,0.0,0.0
6667,0.8933333333333333,1.0,0.0,0.0,0.0,0.0
6668,0.8883333333333334,0.99,0.0,0.0,0.01,0.0
6669,0.995,0.99,0.0,0.0,0.01,0.0
6670,1.0,1.0,0.0,0.0,0.0,0.0
6671,0.9983333333333333,1.0,0.0,0.0,0.0,0.0
6672,0.9933333333333334,1.0,0.0,0.0,0.0,0.0
6673,0.9966666666666666,1.0,0.0,0.0,0.0,0.0
6674,0.9983333333333334,1.0,0.0,0.0,0.0,0.0
6675,0.9983333333333333,1.0,0.0,0.0,0.0,0.0
6676,1.0,1.0,0.0,0.0,0.0,0.0
6677,0.9916666666666666,0.99,0.0,0.0,0.01,0.0
6678,1.0,1.0,0.0,0.0,0.0,0.0
6679,0.9133333333333334,1.0,0.0,0.0,0.0,0.0
6680,0.8833333333333333,1.0,0.0,0.0,0.0,0.0
6681,0.9133333333333333,1.0,0.0,0.0,0.0,0.0
6682,0.9116666666666667,1.0,0.0,0.0,0.0,0.0
6683,0.915,1.0,0.0,0.0,0.0,0.0
6684,0.8916666666666667,1.0,0.0,0.0,0.0,0.0
6685,0.8716666666666667,1.0,0.0,0.0,0.0,0.0
6686,0.9133333333333333,1.0,0.0,0.0,0.0,0.0
6687,0.9116666666666667,1.0,0.0,0.0,0.0,0.0
6688,0.9266666666666665,1.0,0.0,0.0,0.0,0.0
6689,1.0,1.0,0.0,0.0,0.0,0.0
6690,0.9983333333333334,1.0,0.0,0.0,0.0,0.0
6691,0.9966666666666666,1.0,0.0,0.0,0.0,0.0
6692,1.0,1.0,0.0,0.0,0.0,0.0
6693,1.0,1.0,0.0,0.0,0.0,0.0
6694,0.9966666666666666,1.0,0.0,0.0,0.0,0.0
6695,0.9966666666666666,1.0,0.0,0.0,0.0,0.0
6696,1.0,1.0,0.0,0.0,0.0,0.0
6697,1.0,1.0,0.0,0.0,0.0,0.0
6698,0.9983333333333334,1.0,0.0,0.0,0.0,0.0
6699,0.9433333333333335,1.0,0.0,0.0,0.0,0.0
6700,0.9016666666666666,1.0,0.0,0.0,0.0,0.0
6701,0.9000000000000001,1.0,0.0,0.0,0.0,0.0
6702,0.9066666666666668,1.0,0.0,0.0,0.0,0.0
6703,0.9033333333333334,1.0,0.0,0.0,0.0,0.0
6704,0.8816666666666667,1.0,0.0,0.0,0.0,0.0
6705,0.9050000000000001,1.0,0.0,0.0,0.0,0.0
6706,0.905,1.0,0.0,0.0,0.0,0.0
6707,0.92,1.0,0.0,0.0,0.0,0.0
6708,0.91,1.0,0.0,0.0,0.0,0.0
6709,1.0,1.0,0.0,0.0,0.0,0.0
6710,0.9966666666666667,1.0,0.0,0.0,0.0,0.0
6711,0.9966666666666667,1.0,0.0,0.0,0.0,0.0
6712,0.9952359352540023,1.0,0.0,0.0,0.0,0.0
6713,0.9971385371746712,1.0,0.0,0.0,0.0,0.0
6714,0.996902601920669,1.0,0.0,0.0,0.0,0.0
6715,0.9985692685873356,1.0,0.0,0.0,0.0,0.0
6716,0.9857078057620069,0.99,0.0,0.0,0.01,0.0
6717,0.9881338597430878,0.97,0.0,0.0,0.03,0.0
6718,0.9933333333333334,1.0,0.0,0.0,0.0,0.0
6719,0.91,1.0,0.0,0.0,0.0,0.0
6720,0.9033333333333333,1.0,0.0,0.0,0.0,0.0
6721,0.8933333333333331,1.0,0.0,0.0,0.0,0.0
6722,0.8733333333333332,1.0,0.0,0.0,0.0,0.0
6723,0.8783333333333333,1.0,0.0,0.0,0.0,0.0
6724,0.88,1.0,0.0,0.0,0.0,0.0
6725,0.93,1.0,0.0,0.0,0.0,0.0
6726,0.9333333333333335,1.0,0.0,0.0,0.0,0.0
6727,0.91,1.0,0.0,0.0,0.0,0.0
6728,0.9233333333333335,1.0,0.0,0.0,0.0,0.0
6729,0.9883333333333333,1.0,0.0,0.0,0.0,0.0
6730,0.9966666666666667,0.99,0.0,0.01,0.0,0.0
6731,0.9966666666666667,0.99,0.0,0.01,0.0,0.0
6732,0.9966666666666666,0.99,0.0,0.01,0.0,0.0
6733,1.0,0.99,0.0,0.01,0.0,0.0
6734,1.0,1.0,0.0,0.0,0.0,0.0
6735,0.9980213862663515,0.99,0.0,0.0,0.01,0.0
6736,0.9993761058660362,0.97,0.0,0.01,0.02,0.0
6737,0.9923974921323878,0.96,0.0,0.01,0.03,0.0
6738,0.9954188783987392,0.96,0.0,0.0,0.04,0.0
6739,0.9133333333333334,0.97,0.0,0.0,0.03,0.0
6740,0.9466666666666665,0.96,0.0,0.0,0.04,0.0
6741,0.9133333333333333,0.98,0.0,0.01,0.01,0.0
6742,0.8983333333333334,0.99,0.0,0.0,0.01,0.0
6743,0.8966666666666666,0.99,0.0,0.0,0.01,0.0
6744,0.895,1.0,0.0,0.0,0.0,0.0
6745,0.905,1.0,0.0,0.0,0.0,0.0
6746,0.8983333333333333,1.0,0.0,0.0,0.0,0.0
6747,0.8983333333333333,1.0,0.0,0.0,0.0,0.0
6748,0.9383333333333332,1.0,0.0,0.0,0.0,0.0
6749,0.9983333333333334,1.0,0.0,0.0,0.0,0.0
6750,1.0,1.0,0.0,0.0,0.0,0.0
6751,1.0,0.99,0.0,0.01,0.0,0.0
6752,1.0,0.99,0.0,0.01,0.0,0.0
6753,0.995,0.97,0.0,0.03,0.0,0.0
6754,0.9966666666666667,0.98,0.0,0.02,0.0,0.0
6755,0.9966666666666666,0.97,0.0,0.03,0.0,0.0
6756,0.9966666666666666,0.96,0.0,0.04,0.0,0.0
6757,0.9933333333333334,0.91,0.0,0.09,0.0,0.0
6758,1.0,0.93,0.0,0.07,0.0,0.0
6759,0.8533333333333333,0.88,0.0,0.12,0.0,0.0
6760,0.8783333333333333,0.96,0.0,0.04,0.0,0.0
6761,0.9183333333333334,0.99,0.0,0.0,0.01,0.0
6762,0.9583333333333333,0.99,0.0,0.0,0.01,0.0
6763,0.925,0.99,0.0,0.0,0.01,0.0
6764,0.9216666666666665,1.0,0.0,0.0,0.0,0.0
6765,0.8550000000000001,1.0,0.0,0.0,0.0,0.0
6766,0.9416666666666668,1.0,0.0,0.0,0.0,0.0
6767,0.8966666666666667,1.0,0.0,0.0,0.0,0.0
6768,0.9400000000000002,1.0,0.0,0.0,0.0,0.0
6769,1.0,1.0,0.0,0.0,0.0,0.0
6770,0.9983333333333333,1.0,0.0,0.0,0.0,0.0
6771,0.9983333333333333,1.0,0.0,0.0,0.0,0.0
6772,1.0,1.0,0.0,0.0,0.0,0.0
6773,1.0,1.0,0.0,0.0,0.0,0.0
6774,0.9949999999999999,1.0,0.0,0.0,0.0,0.0
6775,0.9966666666666666,1.0,0.0,0.0,0.0,0.0
6776,1.0,0.99,0.0,0.01,0.0,0.0
6777,0.9966666666666667,0.98,0.0,0.02,0.0,0.0
6778,0.9966666666666666,0.99,0.0,0.01,0.0,0.0
6779,0.9233333333333333,0.98,0.0,0.02,0.0,0.0
6780,0.9366666666666668,0.98,0.0,0.02,0.0,0.0
6781,0.8900000000000001,1.0,0.0,0.0,0.0,0.0
6782,0.91,0.99,0.0,0.01,0.0,0.0
6783,0.91,0.99,0.0,0.01,0.0,0.0
6784,0.9277151617503168,0.98,0.0,0.02,0.0,0.0
6785,0.8977151617503167,0.99,0.0,0.01,0.0,0.0
6786,0.9443818284169835,0.98,0.0,0.02,0.0,0.0
6787,0.9327151617503168,0.99,0.0,0.01,0.0,0.0
6788,0.8866666666666666,0.98,0.0,0.02,0.0,0.0
6789,1.0,1.0,0.0,0.0,0.0,0.0
6790,1.0,1.0,0.0,0.0,0.0,0.0
6791,0.9966666666666667,0.99,0.0,0.01,0.0,0.0
6792,0.995,1.0,0.0,0.0,0.0,0.0
6793,0.9966666666666667,1.0,0.0,0.0,0.0,0.0
6794,1.0,1.0,0.0,0.0,0.0,0.0
6795,0.9966666666666666,1.0,0.0,0.0,0.0,0.0
6796,1.0,1.0,0.0,0.0,0.0,0.0
6797,1.0,1.0,0.0,0.0,0.0,0.0
6798,0.99,1.0,0.0,0.0,0.0,0.0
6799,0.9033333333333333,1.0,0.0,0.0,0.0,0.0
6800,0.8866666666666667,1.0,0.0,0.0,0.0,0.0
6801,0.895,1.0,0.0,0.0,0.0,0.0
6802,0.9066666666666668,1.0,0.0,0.0,0.0,0.0
6803,0.9183333333333334,1.0,0.0,0.0,0.0,0.0
6804,0.9366666666666668,1.0,0.0,0.0,0.0,0.0
6805,0.9066666666666666,1.0,0.0,0.0,0.0,0.0
6806,0.9016666666666666,1.0,0.0,0.0,0.0,0.0
6807,0.9050000000000001,1.0,0.0,0.0,0.0,0.0
6808,0.9100000000000001,1.0,0.0,0.0,0.0,0.0
6809,0.9983333333333334,1.0,0.0,0.0,0.0,0.0
6810,1.0,1.0,0.0,0.0,0.0,0.0
6811,0.995,1.0,0.0,0.0,0.0,0.0
6812,1.0,1.0,0.0,0.0,0.0,0.0
6813,0.9949999999999999,1.0,0.0,0.0,0.0,0.0
6814,0.9966666666666666,1.0,0.0,0.0,0.0,0.0
6815,1.0,1.0,0.0,0.0,0.0,0.0
6816,0.9966666666666666,1.0,0.0,0.0,0.0,0.0
6817,1.0,1.0,0.0,0.0,0.0,0.0
6818,1.0,1.0,0.0,0.0,0.0,0.0
6819,0.9066666666666666,1.0,0.0,0.0,0.0,0.0
6820,0.9266666666666667,1.0,0.0,0.0,0.0,0.0
6821,0.8800000000000001,1.0,0.0,0.0,0.0,0.0
6822,0.9116666666666666,1.0,0.0,0.0,0.0,0.0
6823,0.9066666666666667,1.0,0.0,0.0,0.0,0.0
6824,0.9083333333333334,1.0,0.0,0.0,0.0,0.0
6825,0.9033333333333333,0.99,0.0,0.0,0.01,0.0
6826,0.9366666666666665,1.0,0.0,0.0,0.0,0.0
6827,0.8883333333333333,1.0,0.0,0.0,0.0,0.0
6828,0.9316666666666665,1.0,0.0,0.0,0.0,0.0
6829,0.9983333333333333,1.0,0.0,0.0,0.0,0.0
6830,1.0,1.0,0.0,0.0,0.0,0.0
6831,1.0,1.0,0.0,0.0,0.0,0.0
6832,0.995,1.0,0.0,0.0,0.0,0.0
6833,0.995,1.0,0.0,0.0,0.0,0.0
6834,1.0,1.0,0.0,0.0,0.0,0.0
6835,1.0,1.0,0.0,0.0,0.0,0.0
6836,1.0,1.0,0.0,0.0,0.0,0.0
6837,1.0,1.0,0.0,0.0,0.0,0.0
6838,1.0,1.0,0.0,0.0,0.0,0.0
6839,0.885,0.98,0.0,0.02,0.0,0.0
6840,0.8883333333333333,0.99,0.0,0.01,0.0,0.0
6841,0.9,1.0,0.0,0.0,0.0,0.0
6842,0.8866666666666667,1.0,0.0,0.0,0.0,0.0
6843,0.9466666666666665,1.0,0.0,0.0,0.0,0.0
6844,0.9133333333333334,1.0,0.0,0.0,0.0,0.0
6845,0.9000000000000001,1.0,0.0,0.0,0.0,0.0
6846,0.9083333333333334,1.0,0.0,0.0,0.0,0.0
6847,0.9466666666666668,1.0,0.0,0.0,0.0,0.0
6848,0.91,1.0,0.0,0.0,0.0,0.0
6849,0.9966666666666666,1.0,0.0,0.0,0.0,0.0
6850,0.9966666666666666,1.0,0.0,0.0,0.0,0.0
6851,0.995,0.99,0.0,0.01,0.0,0.0
6852,0.9983333333333333,0.99,0.0,0.01,0.0,0.0
6853,0.995,0.98,0.0,0.02,0.0,0.0
6854,0.9833333333333333,0.95,0.0,0.05,0.0,0.0
6855,0.9766666666666667,0.93,0.0,0.07,0.0,0.0
6856,0.9816666666666667,0.95,0.0,0.05,0.0,0.0
6857,0.9900000000000001,0.96,0.0,0.04,0.0,0.0
6858,0.9816666666666667,0.95,0.0,0.04,0.01,0.0
6859,0.91,0.99,0.0,0.01,0.0,0.0
6860,0.8950000000000001,1.0,0.0,0.0,0.0,0.0
6861,0.9083333333333333,1.0,0.0,0.0,0.0,0.0
6862,0.9316666666666665,1.0,0.0,0.0,0.0,0.0
6863,0.8899999999999999,1.0,0.0,0.0,0.0,0.0
6864,0.9599999999999999,0.99,0.0,0.0,0.01,0.0
6865,0.9233333333333335,0.97,0.0,0.0,0.03,0.0
6866,0.9233333333333333,0.96,0.0,0.0,0.04,0.0
6867,0.8883333333333334,0.95,0.0,0.0,0.05,0.0
6868,0.9283333333333335,0.96,0.0,0.0,0.04,0.0
6869,0.9883333333333334,0.95,0.0,0.0,0.05,0.0
6870,0.985,0.96,0.0,0.0,0.04,0.0
6871,0.9933333333333334,0.97,0.0,0.0,0.03,0.0
6872,0.9983333333333333,0.99,0.0,0.0,0.01,0.0
6873,1.0,1.0,0.0,0.0,0.0,0.0
6874,1.0,1.0,0.0,0.0,0.0,0.0
6875,0.9983333333333334,1.0,0.0,0.0,0.0,0.0
6876,1.0,1.0,0.0,0.0,0.0,0.0
6877,1.0,1.0,0.0,0.0,0.0,0.0
6878,1.0,1.0,0.0,0.0,0.0,0.0
6879,0.895,1.0,0.0,0.0,0.0,0.0
6880,0.9200000000000002,1.0,0.0,0.0,0.0,0.0
6881,0.93,1.0,0.0,0.0,0.0,0.0
6882,0.9133333333333334,1.0,0.0,0.0,0.0,0.0
6883,0.9183333333333333,1.0,0.0,0.0,0.0,0.0
6884,0.9033333333333333,1.0,0.0,0.0,0.0,0.0
6885,0.8983333333333335,1.0,0.0,0.0,0.0,0.0
6886,0.9066666666666667,1.0,0.0,0.0,0.0,0.0
6887,0.8716666666666666,0.99,0.0,0.01,0.0,0.0
6888,0.8916666666666667,0.99,0.0,0.01,0.0,0.0
6889,0.995,0.98,0.0,0.02,0.0,0.0
6890,0.9983333333333333,0.98,0.0,0.02,0.0,0.0
6891,1.0,0.99,0.0,0.01,0.0,0.0
6892,1.0,0.99,0.0,0.01,0.0,0.0
6893,1.0,0.99,0.0,0.01,0.0,0.0
6894,0.9983333333333333,1.0,0.0,0.0,0.0,0.0
6895,1.0,1.0,0.0,0.0,0.0,0.0
6896,1.0,1.0,0.0,0.0,0.0,0.0
6897,1.0,1.0,0.0,0.0,0.0,0.0
6898,1.0,1.0,0.0,0.0,0.0,0.0
6899,0.9266666666666667,1.0,0.0,0.0,0.0,0.0
6900,0.9333333333333335,1.0,0.0,0.0,0.0,0.0
6901,0.925,0.99,0.0,0.01,0.0,0.0
6902,0.8633333333333333,1.0,0.0,0.0,0.0,0.0
6903,0.9116666666666667,1.0,0.0,0.0,0.0,0.0
6904,0.9066666666666667,1.0,0.0,0.0,0.0,0.0
6905,0.9033333333333331,1.0,0.0,0.0,0.0,0.0
6906,0.9116666666666667,1.0,0.0,0.0,0.0,0.0
6907,0.9049999999999998,1.0,0.0,0.0,0.0,0.0
6908,0.89,1.0,0.0,0.0,0.0,0.0
6909,1.0,1.0,0.0,0.0,0.0,0.0
6910,0.9983333333333333,1.0,0.0,0.0,0.0,0.0
6911,0.9933333333333334,1.0,0.0,0.0,0.0,0.0
6912,0.9966666666666666,1.0,0.0,0.0,0.0,0.0
6913,1.0,1.0,0.0,0.0,0.0,0.0
6914,0.9966666666666667,1.0,0.0,0.0,0.0,0.0
6915,1.0,1.0,0.0,0.0,0.0,0.0
6916,0.9983333333333334,1.0,0.0,0.0,0.0,0.0
6917,0.9983333333333334,1.0,0.0,0.0,0.0,0.0
6918,1.0,1.0,0.0,0.0,0.0,0.0
6919,0.9199999999999997,1.0,0.0,0.0,0.0,0.0
6920,0.9033333333333333,1.0,0.0,0.0,0.0,0.0
6921,0.9183333333333333,1.0,0.0,0.0,0.0,0.0
6922,0.8966666666666667,1.0,0.0,0.0,0.0,0.0
6923,0.9033333333333333,1.0,0.0,0.0,0.0,0.0
6924,0.9066666666666666,1.0,0.0,0.0,0.0,0.0
6925,0.8583333333333333,1.0,0.0,0.0,0.0,0.0
6926,0.895,1.0,0.0,0.0,0.0,0.0
6927,0.9266666666666665,1.0,0.0,0.0,0.0,0.0
6928,0.8816666666666667,1.0,0.0,0.0,0.0,0.0
6929,0.995,0.99,0.0,0.0,0.01,0.0
6930,0.9966666666666666,1.0,0.0,0.0,0.0,0.0
6931,0.9933333333333333,0.99,0.0,0.01,0.0,0.0
6932,1.0,0.99,0.0,0.01,0.0,0.0
6933,0.995,0.99,0.0,0.01,0.0,0.0
6934,0.9966666666666667,0.99,0.0,0.01,0.0,0.0
6935,0.9966666666666667,0.98,0.0,0.02,0.0,0.0
6936,1.0,0.99,0.0,0.01,0.0,0.0
6937,0.9983333333333333,0.97,0.0,0.03,0.0,0.0
6938,1.0,0.99,0.0,0.01,0.0,0.0
6939,0.9483333333333335,1.0,0.0,0.0,0.0,0.0
6940,0.9116666666666667,1.0,0.0,0.0,0.0,0.0
6941,0.9050000000000001,1.0,0.0,0.0,0.0,0.0
6942,0.885,1.0,0.0,0.0,0.0,0.0
6943,0.9233333333333331,1.0,0.0,0.0,0.0,0.0
6944,0.9083333333333334,1.0,0.0,0.0,0.0,0.0
6945,0.8849999999999999,1.0,0.0,0.0,0.0,0.0
6946,0.9133333333333333,1.0,0.0,0.0,0.0,0.0
6947,0.8933333333333334,0.99,0.0,0.01,0.0,0.0
6948,0.915,0.98,0.0,0.02,0.0,0.0
6949,1.0,1.0,0.0,0.0,0.0,0.0
6950,0.9983333333333333,1.0,0.0,0.0,0.0,0.0
6951,0.9933333333333334,1.0,0.0,0.0,0.0,0.0
6952,0.9983333333333333,1.0,0.0,0.0,0.0,0.0
6953,1.0,1.0,0.0,0.0,0.0,0.0
6954,1.0,1.0,0.0,0.0,0.0,0.0
6955,1.0,1.0,0.0,0.0,0.0,0.0
6956,0.9983333333333333,1.0,0.0,0.0,0.0,0.0
6957,0.9966666666666667,0.99,0.0,0.0,0.01,0.0
6958,0.9949999999999999,0.98,0.0,0.0,0.02,0.0
6959,0.895,0.98,0.0,0.0,0.02,0.0
6960,0.8866666666666668,0.97,0.0,0.0,0.03,0.0
6961,0.9233333333333335,0.96,0.0,0.0,0.04,0.0
6962,0.8933333333333334,0.99,0.0,0.0,0.01,0.0
6963,0.9383333333333332,0.99,0.0,0.0,0.01,0.0
6964,0.9366666666666665,0.95,0.0,0.0,0.05,0.0
6965,0.9250000000000002,0.96,0.0,0.0,0.04,0.0
6966,0.9283333333333332,0.97,0.0,0.0,0.03,0.0
6967,0.915,0.96,0.0,0.0,0.04,0.0
6968,0.9366666666666668,0.95,0.0,0.0,0.05,0.0
6969,0.9983333333333333,0.99,0.0,0.0,0.01,0.0
6970,0.9983333333333333,0.99,0.0,0.0,0.01,0.0
6971,0.9933333333333333,1.0,0.0,0.0,0.0,0.0
6972,0.9983333333333333,0.99,0.0,0.01,0.0,0.0
6973,0.9949999999999999,1.0,0.0,0.0,0.0,0.0
6974,1.0,1.0,0.0,0.0,0.0,0.0
6975,1.0,1.0,0.0,0.0,0.0,0.0
6976,1.0,1.0,0.0,0.0,0.0,0.0
6977,1.0,1.0,0.0,0.0,0.0,0.0
6978,1.0,1.0,0.0,0.0,0.0,0.0
6979,0.9033333333333333,1.0,0.0,0.0,0.0,0.0
6980,0.895,0.99,0.0,0.01,0.0,0.0
6981,0.9116666666666666,1.0,0.0,0.0,0.0,0.0
6982,0.925,1.0,0.0,0.0,0.0,0.0
6983,0.8949999999999999,1.0,0.0,0.0,0.0,0.0
6984,0.9116666666666666,1.0,0.0,0.0,0.0,0.0
6985,0.8883333333333333,1.0,0.0,0.0,0.0,0.0
6986,0.88,1.0,0.0,0.0,0.0,0.0
6987,0.9,0.99,0.0,0.01,0.0,0.0
6988,0.9066666666666666,0.98,0.0,0.02,0.0,0.0
6989,1.0,0.98,0.0,0.02,0.0,0.0
6990,0.9966666666666666,0.97,0.0,0.03,0.0,0.0
6991,1.0,0.97,0.0,0.03,0.0,0.0
6992,1.0,0.97,0.0,0.03,0.0,0.0
6993,1.0,1.0,0.0,0.0,0.0,0.0
6994,0.9966666666666666,1.0,0.0,0.0,0.0,0.0
6995,0.9983333333333333,1.0,0.0,0.0,0.0,0.0
6996,0.9966666666666666,1.0,0.0,0.0,0.0,0.0
6997,1.0,1.0,0.0,0.0,0.0,0.0
6998,1.0,1.0,0.0,0.0,0.0,0.0
6999,0.9249999999999998,0.99,0.0,0.01,0.0,0.0
7000,0.9333333333333335,1.0,0.0,0.0,0.0,0.0
7001,0.9116666666666666,1.0,0.0,0.0,0.0,0.0
7002,0.8916666666666666,1.0,0.0,0.0,0.0,0.0
7003,0.935,1.0,0.0,0.0,0.0,0.0
7004,0.8650000000000001,1.0,0.0,0.0,0.0,0.0
7005,0.9000000000000001,1.0,0.0,0.0,0.0,0.0
7006,0.92,1.0,0.0,0.0,0.0,0.0
7007,0.925,1.0,0.0,0.0,0.0,0.0
7008,0.8983333333333333,0.99,0.0,0.01,0.0,0.0
7009,1.0,0.99,0.0,0.01,0.0,0.0
7010,0.9983333333333333,0.99,0.0,0.01,0.0,0.0
7011,0.9966666666666666,0.99,0.0,0.01,0.0,0.0
7012,0.9983333333333333,1.0,0.0,0.0,0.0,0.0
7013,0.9983333333333334,1.0,0.0,0.0,0.0,0.0
7014,1.0,1.0,0.0,0.0,0.0,0.0
7015,1.0,1.0,0.0,0.0,0.0,0.0
7016,0.9966666666666667,1.0,0.0,0.0,0.0,0.0
7017,1.0,1.0,0.0,0.0,0.0,0.0
7018,0.9966666666666667,1.0,0.0,0.0,0.0,0.0
7019,0.925,1.0,0.0,0.0,0.0,0.0
7020,0.9066666666666667,1.0,0.0,0.0,0.0,0.0
7021,0.9174353639927301,0.99,0.0,0.01,0.0,0.0
7022,0.8566666666666667,1.0,0.0,0.0,0.0,0.0
7023,0.8833333333333335,1.0,0.0,0.0,0.0,0.0
7024,0.9149999999999998,1.0,0.0,0.0,0.0,0.0
7025,0.8666666666666667,1.0,0.0,0.0,0.0,0.0
7026,0.9166666666666667,1.0,0.0,0.0,0.0,0.0
7027,0.9383333333333332,1.0,0.0,0.0,0.0,0.0
7028,0.9133333333333334,1.0,0.0,0.0,0.0,0.0
7029,0.9983333333333333,1.0,0.0,0.0,0.0,0.0
7030,1.0,1.0,0.0,0.0,0.0,0.0
7031,0.995,1.0,0.0,0.0,0.0,0.0
7032,0.9933333333333333,1.0,0.0,0.0,0.0,0.0
7033,0.9983333333333333,1.0,0.0,0.0,0.0,0.0
7034,0.9983333333333333,1.0,0.0,0.0,0.0,0.0
7035,0.9983333333333334,1.0,0.0,0.0,0.0,0.0
7036,0.9950000000000001,1.0,0.0,0.0,0.0,0.0
7037,0.9933333333333334,1.0,0.0,0.0,0.0,0.0
7038,1.0,1.0,0.0,0.0,0.0,0.0
7039,0.8983333333333333,0.99,0.0,0.01,0.0,0.0
7040,0.93,1.0,0.0,0.0,0.0,0.0
7041,0.9316666666666668,1.0,0.0,0.0,0.0,0.0
7042,0.9183333333333333,1.0,0.0,0.0,0.0,0.0
7043,0.9033333333333334,0.99,0.0,0.01,0.0,0.0
7044,0.9116666666666667,0.99,0.0,0.01,0.0,0.0
7045,0.9316666666666665,1.0,0.0,0.0,0.0,0.0
7046,0.8883333333333333,1.0,0.0,0.0,0.0,0.0
7047,0.9316666666666669,1.0,0.0,0.0,0.0,0.0
7048,0.9516666666666667,1.0,0.0,0.0,0.0,0.0
7049,0.9916666666666667,1.0,0.0,0.0,0.0,0.0
7050,1.0,1.0,0.0,0.0,0.0,0.0
7051,0.9983333333333334,1.0,0.0,0.0,0.0,0.0
7052,0.9949999999999999,1.0,0.0,0.0,0.0,0.0
7053,0.9949999999999999,1.0,0.0,0.0,0.0,0.0
7054,0.9966666666666666,1.0,0.0,0.0,0.0,0.0
7055,1.0,1.0,0.0,0.0,0.0,0.0
7056,0.9983333333333333,1.0,0.0,0.0,0.0,0.0
7057,0.9966666666666666,1.0,0.0,0.0,0.0,0.0
7058,1.0,1.0,0.0,0.0,0.0,0.0
7059,0.8916666666666667,1.0,0.0,0.0,0.0,0.0
7060,0.9099999999999998,1.0,0.0,0.0,0.0,0.0
7061,0.9216666666666667,1.0,0.0,0.0,0.0,0.0
7062,0.925,0.99,0.0,0.01,0.0,0.0
7063,0.935,1.0,0.0,0.0,0.0,0.0
7064,0.895,1.0,0.0,0.0,0.0,0.0
7065,0.9066666666666667,1.0,0.0,0.0,0.0,0.0
7066,0.9,1.0,0.0,0.0,0.0,0.0
7067,0.9100000000000001,1.0,0.0,0.0,0.0,0.0
7068,0.9116666666666666,1.0,0.0,0.0,0.0,0.0
7069,0.9933333333333334,1.0,0.0,0.0,0.0,0.0
7070,0.9966666666666667,1.0,0.0,0.0,0.0,0.0
7071,1.0,1.0,0.0,0.0,0.0,0.0
7072,0.9966666666666666,1.0,0.0,0.0,0.0,0.0
7073,0.9983333333333334,1.0,0.0,0.0,0.0,0.0
7074,1.0,1.0,0.0,0.0,0.0,0.0
7075,0.9966666666666666,1.0,0.0,0.0,0.0,0.0
7076,1.0,1.0,0.0,0.0,0.0,0.0
7077,1.0,1.0,0.0,0.0,0.0,0.0
7078,0.9933333333333334,1.0,0.0,0.0,0.0,0.0
7079,0.9350000000000002,1.0,0.0,0.0,0.0,0.0
7080,0.9016666666666667,1.0,0.0,0.0,0.0,0.0
7081,0.94,1.0,0.0,0.0,0.0,0.0
7082,0.8983333333333333,1.0,0.0,0.0,0.0,0.0
7083,0.9316666666666665,1.0,0.0,0.0,0.0,0.0
7084,0.9166666666666667,1.0,0.0,0.0,0.0,0.0
7085,0.915,0.99,0.0,0.01,0.0,0.0
7086,0.9133333333333333,1.0,0.0,0.0,0.0,0.0
7087,0.9383333333333332,1.0,0.0,0.0,0.0,0.0
7088,0.8933333333333334,1.0,0.0,0.0,0.0,0.0
7089,0.995,1.0,0.0,0.0,0.0,0.0
7090,0.9966666666666667,1.0,0.0,0.0,0.0,0.0
7091,0.9966666666666667,1.0,0.0,0.0,0.0,0.0
7092,1.0,1.0,0.0,0.0,0.0,0.0
7093,0.9966666666666667,1.0,0.0,0.0,0.0,0.0
7094,1.0,1.0,0.0,0.0,0.0,0.0
7095,0.9966666666666667,1.0,0.0,0.0,0.0,0.0
7096,0.9983333333333333,1.0,0.0,0.0,0.0,0.0
7097,0.9983333333333334,1.0,0.0,0.0,0.0,0.0
7098,0.9966666666666667,1.0,0.0,0.0,0.0,0.0
7099,0.8833333333333334,0.99,0.0,0.01,0.0,0.0
7100,0.8891469822783806,0.97,0.0,0.03,0.0,0.0
7101,0.9,0.98,0.0,0.02,0.0,0.0
7102,0.9283333333333332,0.97,0.0,0.03,0.0,0.0
7103,0.8883333333333333,0.98,0.0,0.02,0.0,0.0
7104,0.8699999999999999,1.0,0.0,0.0,0.0,0.0
7105,0.9216666666666667,1.0,0.0,0.0,0.0,0.0
7106,0.8983333333333334,1.0,0.0,0.0,0.0,0.0
7107,0.9099999999999998,1.0,0.0,0.0,0.0,0.0
7108,0.8833333333333334,0.99,0.0,0.01,0.0,0.0
7109,0.9966666666666667,0.99,0.0,0.01,0.0,0.0
7110,1.0,1.0,0.0,0.0,0.0,0.0
7111,1.0,1.0,0.0,0.0,0.0,0.0
7112,1.0,1.0,0.0,0.0,0.0,0.0
7113,0.9950000000000001,1.0,0.0,0.0,0.0,0.0
7114,0.9966666666666667,1.0,0.0,0.0,0.0,0.0
7115,0.9983333333333333,1.0,0.0,0.0,0.0,0.0
7116,1.0,1.0,0.0,0.0,0.0,0.0
7117,0.9966666666666667,0.99,0.0,0.01,0.0,0.0
7118,0.9983333333333333,1.0,0.0,0.0,0.0,0.0
7119,0.8933333333333334,1.0,0.0,0.0,0.0,0.0
7120,0.8933333333333334,1.0,0.0,0.0,0.0,0.0
7121,0.8933333333333334,0.99,0.0,0.01,0.0,0.0
7122,0.9366666666666668,0.99,0.0,0.01,0.0,0.0
7123,0.9100000000000001,1.0,0.0,0.0,0.0,0.0
7124,0.9133333333333333,1.0,0.0,0.0,0.0,0.0
7125,0.925,1.0,0.0,0.0,0.0,0.0
7126,0.9411340691380772,1.0,0.0,0.0,0.0,0.0
7127,0.9316666666666669,1.0,0.0,0.0,0.0,0.0
7128,0.8933333333333333,1.0,0.0,0.0,0.0,0.0
7129,0.9966666666666666,0.99,0.0,0.01,0.0,0.0
7130,0.995,0.97,0.0,0.03,0.0,0.0
7131,0.9900000000000001,0.96,0.0,0.04,0.0,0.0
7132,0.9933333333333333,0.97,0.0,0.03,0.0,0.0
7133,0.9966666666666666,0.95,0.0,0.05,0.0,0.0
7134,0.995,0.98,0.0,0.02,0.0,0.0
7135,0.9966666666666667,1.0,0.0,0.0,0.0,0.0
7136,1.0,1.0,0.0,0.0,0.0,0.0
7137,0.9983333333333333,1.0,0.0,0.0,0.0,0.0
7138,1.0,1.0,0.0,0.0,0.0,0.0
7139,0.9283333333333335,1.0,0.0,0.0,0.0,0.0
7140,0.915,1.0,0.0,0.0,0.0,0.0
7141,0.895,1.0,0.0,0.0,0.0,0.0
7142,0.8733333333333334,1.0,0.0,0.0,0.0,0.0
7143,0.9066666666666666,1.0,0.0,0.0,0.0,0.0
7144,0.9266666666666667,1.0,0.0,0.0,0.0,0.0
7145,0.9266666666666667,1.0,0.0,0.0,0.0,0.0
7146,0.915,1.0,0.0,0.0,0.0,0.0
7147,0.9166666666666667,1.0,0.0,0.0,0.0,0.0
7148,0.9333333333333335,1.0,0.0,0.0,0.0,0.0
7149,0.9983333333333333,0.99,0.0,0.01,0.0,0.0
7150,0.9966666666666667,0.99,0.0,0.01,0.0,0.0
7151,1.0,0.98,0.0,0.02,0.0,0.0
7152,0.9949999999999999,0.99,0.0,0.01,0.0,0.0
7153,0.9983333333333334,0.99,0.0,0.01,0.0,0.0
7154,0.9933333333333333,0.99,0.0,0.01,0.0,0.0
7155,1.0,0.98,0.0,0.02,0.0,0.0
7156,1.0,1.0,0.0,0.0,0.0,0.0
7157,0.995,1.0,0.0,0.0,0.0,0.0
7158,1.0,1.0,0.0,0.0,0.0,0.0
7159,0.8816666666666666,1.0,0.0,0.0,0.0,0.0
7160,0.8966666666666667,1.0,0.0,0.0,0.0,0.0
7161,0.8983333333333333,1.0,0.0,0.0,0.0,0.0
7162,0.8750000000000001,0.99,0.0,0.0,0.01,0.0
7163,0.9,1.0,0.0,0.0,0.0,0.0
7164,0.8830717309090912,0.99,0.0,0.0,0.01,0.0
7165,0.9183333333333333,1.0,0.0,0.0,0.0,0.0
7166,0.9283333333333332,1.0,0.0,0.0,0.0,0.0
7167,0.9183333333333334,1.0,0.0,0.0,0.0,0.0
7168,0.915,1.0,0.0,0.0,0.0,0.0
7169,1.0,1.0,0.0,0.0,0.0,0.0
7170,0.9850000000000001,0.98,0.0,0.01,0.01,0.0
7171,0.9866666666666666,0.95,0.0,0.02,0.03,0.0
7172,0.9933333333333334,0.99,0.0,0.0,0.01,0.0
7173,0.9983333333333333,1.0,0.0,0.0,0.0,0.0
7174,0.9983333333333333,1.0,0.0,0.0,0.0,0.0
7175,1.0,1.0,0.0,0.0,0.0,0.0
7176,0.9983333333333333,0.99,0.0,0.01,0.0,0.0
7177,0.9933333333333332,0.99,0.0,0.01,0.0,0.0
7178,1.0,1.0,0.0,0.0,0.0,0.0
7179,0.9083333333333333,1.0,0.0,0.0,0.0,0.0
7180,0.915,1.0,0.0,0.0,0.0,0.0
7181,0.8950000000000001,1.0,0.0,0.0,0.0,0.0
7182,0.9149999999999998,1.0,0.0,0.0,0.0,0.0
7183,0.9233333333333333,0.99,0.0,0.01,0.0,0.0
7184,0.9316666666666665,1.0,0.0,0.0,0.0,0.0
7185,0.9016666666666668,0.99,0.0,0.01,0.0,0.0
7186,0.91,1.0,0.0,0.0,0.0,0.0
7187,0.9049999999999998,1.0,0.0,0.0,0.0,0.0
7188,0.9233333333333335,1.0,0.0,0.0,0.0,0.0
7189,0.9983333333333334,1.0,0.0,0.0,0.0,0.0
7190,1.0,1.0,0.0,0.0,0.0,0.0
7191,1.0,1.0,0.0,0.0,0.0,0.0
7192,1.0,1.0,0.0,0.0,0.0,0.0
7193,0.9933333333333333,1.0,0.0,0.0,0.0,0.0
7194,0.995,1.0,0.0,0.0,0.0,0.0
7195,1.0,1.0,0.0,0.0,0.0,0.0
7196,0.9966666666666667,1.0,0.0,0.0,0.0,0.0
7197,1.0,1.0,0.0,0.0,0.0,0.0
7198,0.9966666666666667,1.0,0.0,0.0,0.0,0.0
7199,0.905,1.0,0.0,0.0,0.0,0.0
7200,0.93,1.0,0.0,0.0,0.0,0.0
7201,0.94,1.0,0.0,0.0,0.0,0.0
7202,0.9266666666666667,1.0,0.0,0.0,0.0,0.0
7203,0.9166666666666669,1.0,0.0,0.0,0.0,0.0
7204,0.9283333333333335,1.0,0.0,0.0,0.0,0.0
7205,0.925,1.0,0.0,0.0,0.0,0.0
7206,0.9533333333333333,1.0,0.0,0.0,0.0,0.0
7207,0.9066666666666666,1.0,0.0,0.0,0.0,0.0
7208,0.8816666666666667,0.99,0.0,0.01,0.0,0.0
7209,0.9966666666666666,0.99,0.0,0.0,0.01,0.0
7210,0.9983333333333333,0.99,0.0,0.0,0.01,0.0
7211,1.0,1.0,0.0,0.0,0.0,0.0
7212,1.0,1.0,0.0,0.0,0.0,0.0
7213,1.0,1.0,0.0,0.0,0.0,0.0
7214,0.9903846124466057,0.99,0.0,0.0,0.01,0.0
7215,0.9983333333333334,1.0,0.0,0.0,0.0,0.0
7216,0.9916666666666667,1.0,0.0,0.0,0.0,0.0
7217,1.0,1.0,0.0,0.0,0.0,0.0
7218,0.9966666666666666,1.0,0.0,0.0,0.0,0.0
7219,0.9033333333333333,1.0,0.0,0.0,0.0,0.0
7220,0.8850000000000001,1.0,0.0,0.0,0.0,0.0
7221,0.9033333333333334,1.0,0.0,0.0,0.0,0.0
7222,0.9250000000000002,1.0,0.0,0.0,0.0,0.0
7223,0.9000000000000001,1.0,0.0,0.0,0.0,0.0
7224,0.9416666666666665,1.0,0.0,0.0,0.0,0.0
7225,0.9416666666666669,1.0,0.0,0.0,0.0,0.0
7226,0.8866666666666666,1.0,0.0,0.0,0.0,0.0
7227,0.865,1.0,0.0,0.0,0.0,0.0
7228,0.915,1.0,0.0,0.0,0.0,0.0
7229,0.9983333333333333,1.0,0.0,0.0,0.0,0.0
7230,1.0,1.0,0.0,0.0,0.0,0.0
7231,1.0,1.0,0.0,0.0,0.0,0.0
7232,1.0,1.0,0.0,0.0,0.0,0.0
7233,0.9966666666666666,1.0,0.0,0.0,0.0,0.0
7234,0.9966666666666667,1.0,0.0,0.0,0.0,0.0
7235,0.9966666666666667,1.0,0.0,0.0,0.0,0.0
7236,0.9966666666666666,1.0,0.0,0.0,0.0,0.0
7237,0.9966666666666667,1.0,0.0,0.0,0.0,0.0
7238,1.0,1.0,0.0,0.0,0.0,0.0
7239,0.9233333333333333,1.0,0.0,0.0,0.0,0.0
7240,0.935,1.0,0.0,0.0,0.0,0.0
7241,0.8983333333333333,1.0,0.0,0.0,0.0,0.0
7242,0.8866666666666666,1.0,0.0,0.0,0.0,0.0
7243,0.9233333333333333,1.0,0.0,0.0,0.0,0.0
7244,0.9083333333333334,1.0,0.0,0.0,0.0,0.0
7245,0.91,1.0,0.0,0.0,0.0,0.0
7246,0.8799999999999999,1.0,0.0,0.0,0.0,0.0
7247,0.9200000000000002,1.0,0.0,0.0,0.0,0.0
7248,0.9216666666666667,1.0,0.0,0.0,0.0,0.0
7249,1.0,1.0,0.0,0.0,0.0,0.0
7250,1.0,1.0,0.0,0.0,0.0,0.0
7251,0.9916666666666667,1.0,0.0,0.0,0.0,0.0
7252,0.9933333333333334,1.0,0.0,0.0,0.0,0.0
7253,0.9933333333333333,0.99,0.0,0.0,0.01,0.0
7254,0.9983333333333333,1.0,0.0,0.0,0.0,0.0
7255,0.9966666666666666,1.0,0.0,0.0,0.0,0.0
7256,0.9966666666666666,0.99,0.0,0.0,0.01,0.0
7257,0.9966666666666667,1.0,0.0,0.0,0.0,0.0
7258,0.995,0.99,0.0,0.0,0.01,0.0
7259,0.9183333333333334,0.97,0.0,0.0,0.03,0.0
7260,0.9266666666666665,0.95,0.0,0.0,0.05,0.0
7261,0.9399999999999998,0.95,0.0,0.0,0.05,0.0
7262,0.8650000000000001,0.95,0.0,0.0,0.05,0.0
7263,0.91,0.94,0.0,0.0,0.06,0.0
7264,0.9366666666666668,0.91,0.0,0.0,0.09,0.0
7265,0.9216666666666667,0.92,0.0,0.0,0.08,0.0
7266,0.8900000000000001,0.92,0.0,0.0,0.08,0.0
7267,0.92,0.92,0.0,0.0,0.08,0.0
7268,0.935,0.88,0.0,0.0,0.12,0.0
7269,0.95,0.84,0.0,0.0,0.16,0.0
7270,0.9333333333333335,0.8,0.0,0.0,0.2,0.0
7271,0.9416666666666665,0.81,0.0,0.0,0.19,0.0
7272,0.9600000000000002,0.88,0.0,0.01,0.11,0.0
7273,0.9633333333333336,0.9,0.0,0.0,0.1,0.0
7274,0.9550000000000003,0.88,0.0,0.01,0.11,0.0
7275,0.965,0.91,0.0,0.0,0.09,0.0
7276,0.9833333333333336,0.95,0.0,0.0,0.05,0.0
7277,0.9933333333333334,0.99,0.0,0.0,0.01,0.0
7278,0.9900000000000001,0.98,0.0,0.0,0.02,0.0
7279,0.9033333333333334,1.0,0.0,0.0,0.0,0.0
7280,0.9066666666666667,1.0,0.0,0.0,0.0,0.0
7281,0.9183333333333334,1.0,0.0,0.0,0.0,0.0
7282,0.9233333333333333,1.0,0.0,0.0,0.0,0.0
7283,0.9016666666666667,1.0,0.0,0.0,0.0,0.0
7284,0.9283333333333335,1.0,0.0,0.0,0.0,0.0
7285,0.9366666666666669,1.0,0.0,0.0,0.0,0.0
7286,0.8866666666666667,1.0,0.0,0.0,0.0,0.0
7287,0.9033333333333333,1.0,0.0,0.0,0.0,0.0
7288,0.9233333333333335,1.0,0.0,0.0,0.0,0.0
7289,1.0,1.0,0.0,0.0,0.0,0.0
7290,0.9983333333333333,1.0,0.0,0.0,0.0,0.0
7291,1.0,1.0,0.0,0.0,0.0,0.0
7292,1.0,1.0,0.0,0.0,0.0,0.0
7293,0.995,1.0,0.0,0.0,0.0,0.0
7294,0.9966666666666666,1.0,0.0,0.0,0.0,0.0
7295,1.0,1.0,0.0,0.0,0.0,0.0
7296,1.0,1.0,0.0,0.0,0.0,0.0
7297,1.0,0.99,0.0,0.01,0.0,0.0
7298,0.9933333333333334,1.0,0.0,0.0,0.0,0.0
7299,0.8766666666666667,1.0,0.0,0.0,0.0,0.0
7300,0.915,1.0,0.0,0.0,0.0,0.0
7301,0.925,0.99,0.0,0.0,0.01,0.0
7302,0.89,0.99,0.0,0.0,0.01,0.0
7303,0.8783333333333334,1.0,0.0,0.0,0.0,0.0
7304,0.9216666666666665,1.0,0.0,0.0,0.0,0.0
7305,0.9166666666666665,1.0,0.0,0.0,0.0,0.0
7306,0.9283333333333332,1.0,0.0,0.0,0.0,0.0
7307,0.9183333333333334,1.0,0.0,0.0,0.0,0.0
7308,0.8983333333333333,1.0,0.0,0.0,0.0,0.0
7309,1.0,1.0,0.0,0.0,0.0,0.0
7310,0.995,1.0,0.0,0.0,0.0,0.0
7311,0.9933333333333333,1.0,0.0,0.0,0.0,0.0
7312,0.9966666666666667,1.0,0.0,0.0,0.0,0.0
7313,1.0,1.0,0.0,0.0,0.0,0.0
7314,1.0,1.0,0.0,0.0,0.0,0.0
7315,1.0,1.0,0.0,0.0,0.0,0.0
7316,1.0,1.0,0.0,0.0,0.0,0.0
7317,0.9966666666666667,1.0,0.0,0.0,0.0,0.0
7318,0.9966666666666667,1.0,0.0,0.0,0.0,0.0
7319,0.9033333333333333,1.0,0.0,0.0,0.0,0.0
7320,0.9483333333333333,1.0,0.0,0.0,0.0,0.0
7321,0.8916666666666668,1.0,0.0,0.0,0.0,0.0
7322,0.8983333333333333,0.98,0.0,0.02,0.0,0.0
7323,0.915,0.99,0.0,0.01,0.0,0.0
7324,0.9049999999999998,0.97,0.0,0.03,0.0,0.0
7325,0.91,0.98,0.0,0.02,0.0,0.0
7326,0.9033333333333333,0.98,0.0,0.02,0.0,0.0
7327,0.915,0.98,0.0,0.02,0.0,0.0
7328,0.8966666666666666,0.99,0.0,0.01,0.0,0.0
7329,1.0,0.99,0.0,0.01,0.0,0.0
7330,1.0,0.98,0.0,0.02,0.0,0.0
7331,0.9983333333333333,0.97,0.0,0.03,0.0,0.0
7332,0.9966666666666667,0.96,0.0,0.04,0.0,0.0
7333,0.9966666666666667,0.92,0.0,0.08,0.0,0.0
7334,0.9916666666666667,0.88,0.0,0.12,0.0,0.0
7335,0.995,0.9,0.0,0.1,0.0,0.0
7336,0.995,0.94,0.0,0.06,0.0,0.0
7337,0.9966666666666666,0.97,0.0,0.03,0.0,0.0
7338,0.9933333333333333,0.95,0.0,0.05,0.0,0.0
7339,0.9,0.92,0.0,0.08,0.0,0.0
7340,0.86,0.95,0.0,0.05,0.0,0.0
7341,0.9216666666666667,0.96,0.0,0.04,0.0,0.0
7342,0.9116666666666667,0.98,0.0,0.02,0.0,0.0
7343,0.9266666666666665,0.99,0.0,0.01,0.0,0.0
7344,0.935,0.98,0.0,0.02,0.0,0.0
7345,0.9116666666666666,0.98,0.0,0.02,0.0,0.0
7346,0.9433333333333335,0.98,0.0,0.02,0.0,0.0
7347,0.9266666666666667,1.0,0.0,0.0,0.0,0.0
7348,0.9133333333333334,1.0,0.0,0.0,0.0,0.0
7349,1.0,1.0,0.0,0.0,0.0,0.0
7350,1.0,1.0,0.0,0.0,0.0,0.0
7351,0.995,1.0,0.0,0.0,0.0,0.0
7352,1.0,1.0,0.0,0.0,0.0,0.0
7353,0.9983333333333334,1.0,0.0,0.0,0.0,0.0
7354,1.0,1.0,0.0,0.0,0.0,0.0
7355,0.9990401123937257,0.99,0.0,0.0,0.01,0.0
7356,0.9966666666666667,1.0,0.0,0.0,0.0,0.0
7357,0.9983333333333333,1.0,0.0,0.0,0.0,0.0
7358,0.9966666666666667,1.0,0.0,0.0,0.0,0.0
7359,0.9,1.0,0.0,0.0,0.0,0.0
7360,0.9233333333333333,1.0,0.0,0.0,0.0,0.0
7361,0.8983333333333334,1.0,0.0,0.0,0.0,0.0
7362,0.9183333333333334,1.0,0.0,0.0,0.0,0.0
7363,0.9316666666666668,1.0,0.0,0.0,0.0,0.0
7364,0.92,1.0,0.0,0.0,0.0,0.0
7365,0.9133333333333334,1.0,0.0,0.0,0.0,0.0
7366,0.92,1.0,0.0,0.0,0.0,0.0
7367,0.9216666666666667,1.0,0.0,0.0,0.0,0.0
7368,0.8983333333333334,1.0,0.0,0.0,0.0,0.0
7369,0.9983333333333334,1.0,0.0,0.0,0.0,0.0
7370,0.9966666666666667,0.99,0.0,0.01,0.0,0.0
7371,1.0,0.99,0.0,0.01,0.0,0.0
7372,0.9966666666666667,0.97,0.0,0.03,0.0,0.0
7373,0.995,0.98,0.0,0.02,0.0,0.0
7374,0.9966666666666667,0.98,0.0,0.01,0.01,0.0
7375,1.0,0.99,0.0,0.01,0.0,0.0
7376,1.0,0.97,0.0,0.03,0.0,0.0
7377,1.0,0.95,0.0,0.05,0.0,0.0
7378,1.0,0.98,0.0,0.02,0.0,0.0
7379,0.8633333333333333,0.95,0.0,0.05,0.0,0.0
7380,0.9516666666666665,0.98,0.0,0.02,0.0,0.0
7381,0.9100000000000001,1.0,0.0,0.0,0.0,0.0
7382,0.9016666666666667,1.0,0.0,0.0,0.0,0.0
7383,0.92,1.0,0.0,0.0,0.0,0.0
7384,0.9016666666666667,1.0,0.0,0.0,0.0,0.0
7385,0.9066666666666666,1.0,0.0,0.0,0.0,0.0
7386,0.94,1.0,0.0,0.0,0.0,0.0
7387,0.9333333333333332,1.0,0.0,0.0,0.0,0.0
7388,0.9283333333333335,1.0,0.0,0.0,0.0,0.0
7389,0.9966666666666666,1.0,0.0,0.0,0.0,0.0
7390,0.9983333333333334,1.0,0.0,0.0,0.0,0.0
7391,1.0,1.0,0.0,0.0,0.0,0.0
7392,0.9983333333333334,1.0,0.0,0.0,0.0,0.0
7393,1.0,1.0,0.0,0.0,0.0,0.0
7394,0.9966666666666667,1.0,0.0,0.0,0.0,0.0
7395,1.0,1.0,0.0,0.0,0.0,0.0
7396,0.9966666666666667,1.0,0.0,0.0,0.0,0.0
7397,1.0,1.0,0.0,0.0,0.0,0.0
7398,0.995,1.0,0.0,0.0,0.0,0.0
7399,0.9299999999999998,1.0,0.0,0.0,0.0,0.0
7400,0.91,1.0,0.0,0.0,0.0,0.0
7401,0.8933333333333333,1.0,0.0,0.0,0.0,0.0
7402,0.9049999999999998,1.0,0.0,0.0,0.0,0.0
7403,0.9116666666666668,1.0,0.0,0.0,0.0,0.0
7404,0.91,1.0,0.0,0.0,0.0,0.0
7405,0.915,1.0,0.0,0.0,0.0,0.0
7406,0.9183333333333333,1.0,0.0,0.0,0.0,0.0
7407,0.9216666666666665,1.0,0.0,0.0,0.0,0.0
7408,0.9266666666666665,1.0,0.0,0.0,0.0,0.0
7409,0.995,1.0,0.0,0.0,0.0,0.0
7410,0.995,1.0,0.0,0.0,0.0,0.0
7411,0.995,1.0,0.0,0.0,0.0,0.0
7412,0.9966666666666667,1.0,0.0,0.0,0.0,0.0
7413,1.0,1.0,0.0,0.0,0.0,0.0
7414,1.0,1.0,0.0,0.0,0.0,0.0
7415,0.9983333333333333,1.0,0.0,0.0,0.0,0.0
7416,0.9950000000000001,1.0,0.0,0.0,0.0,0.0
7417,1.0,1.0,0.0,0.0,0.0,0.0
7418,0.9966666666666667,1.0,0.0,0.0,0.0,0.0
7419,0.9116666666666668,1.0,0.0,0.0,0.0,0.0
7420,0.885,0.99,0.0,0.01,0.0,0.0
7421,0.8916666666666667,1.0,0.0,0.0,0.0,0.0
7422,0.9566666666666666,1.0,0.0,0.0,0.0,0.0
7423,0.9183333333333333,1.0,0.0,0.0,0.0,0.0
7424,0.9033333333333334,1.0,0.0,0.0,0.0,0.0
7425,0.91,1.0,0.0,0.0,0.0,0.0
7426,0.9233333333333335,1.0,0.0,0.0,0.0,0.0
7427,0.9316666666666668,1.0,0.0,0.0,0.0,0.0
7428,0.895,1.0,0.0,0.0,0.0,0.0
7429,1.0,1.0,0.0,0.0,0.0,0.0
7430,1.0,1.0,0.0,0.0,0.0,0.0
7431,0.9983333333333333,1.0,0.0,0.0,0.0,0.0
7432,1.0,1.0,0.0,0.0,0.0,0.0
7433,0.9966666666666667,1.0,0.0,0.0,0.0,0.0
7434,1.0,1.0,0.0,0.0,0.0,0.0
7435,1.0,1.0,0.0,0.0,0.0,0.0
7436,1.0,1.0,0.0,0.0,0.0,0.0
7437,0.9916666666666667,1.0,0.0,0.0,0.0,0.0
7438,0.9966666666666666,0.99,0.0,0.0,0.01,0.0
7439,0.955,0.99,0.0,0.0,0.01,0.0
7440,0.8666666666666667,1.0,0.0,0.0,0.0,0.0
7441,0.9133333333333333,1.0,0.0,0.0,0.0,0.0
7442,0.92,1.0,0.0,0.0,0.0,0.0
7443,0.9183333333333331,1.0,0.0,0.0,0.0,0.0
7444,0.9016666666666666,1.0,0.0,0.0,0.0,0.0
7445,0.885,1.0,0.0,0.0,0.0,0.0
7446,0.9083333333333334,1.0,0.0,0.0,0.0,0.0
7447,0.895,1.0,0.0,0.0,0.0,0.0
7448,0.86,1.0,0.0,0.0,0.0,0.0
7449,1.0,1.0,0.0,0.0,0.0,0.0
7450,0.9983333333333333,1.0,0.0,0.0,0.0,0.0
7451,1.0,1.0,0.0,0.0,0.0,0.0
7452,0.9966666666666666,1.0,0.0,0.0,0.0,0.0
7453,1.0,1.0,0.0,0.0,0.0,0.0
7454,0.9949999999999999,1.0,0.0,0.0,0.0,0.0
7455,0.9966666666666667,1.0,0.0,0.0,0.0,0.0
7456,0.9966666666666666,1.0,0.0,0.0,0.0,0.0
7457,1.0,1.0,0.0,0.0,0.0,0.0
7458,0.9983333333333333,1.0,0.0,0.0,0.0,0.0
7459,0.92,1.0,0.0,0.0,0.0,0.0
7460,0.9233333333333335,1.0,0.0,0.0,0.0,0.0
7461,0.915,1.0,0.0,0.0,0.0,0.0
7462,0.9083333333333334,1.0,0.0,0.0,0.0,0.0
7463,0.875,1.0,0.0,0.0,0.0,0.0
7464,0.9116666666666667,1.0,0.0,0.0,0.0,0.0
7465,0.9016666666666668,1.0,0.0,0.0,0.0,0.0
7466,0.9183333333333333,1.0,0.0,0.0,0.0,0.0
7467,0.955,1.0,0.0,0.0,0.0,0.0
7468,0.8833333333333334,1.0,0.0,0.0,0.0,0.0
7469,1.0,1.0,0.0,0.0,0.0,0.0
7470,0.9983333333333333,1.0,0.0,0.0,0.0,0.0
7471,0.9966666666666667,1.0,0.0,0.0,0.0,0.0
7472,1.0,1.0,0.0,0.0,0.0,0.0
7473,0.9966666666666667,1.0,0.0,0.0,0.0,0.0
7474,1.0,1.0,0.0,0.0,0.0,0.0
7475,1.0,1.0,0.0,0.0,0.0,0.0
7476,1.0,1.0,0.0,0.0,0.0,0.0
7477,1.0,1.0,0.0,0.0,0.0,0.0
7478,1.0,1.0,0.0,0.0,0.0,0.0
7479,0.885,1.0,0.0,0.0,0.0,0.0
7480,0.9266666666666667,1.0,0.0,0.0,0.0,0.0
7481,0.9150000000000001,1.0,0.0,0.0,0.0,0.0
7482,0.9266666666666669,1.0,0.0,0.0,0.0,0.0
7483,0.9216666666666667,1.0,0.0,0.0,0.0,0.0
7484,0.9383333333333332,1.0,0.0,0.0,0.0,0.0
7485,0.92,1.0,0.0,0.0,0.0,0.0
7486,0.9333333333333335,0.99,0.0,0.01,0.0,0.0
7487,0.88,1.0,0.0,0.0,0.0,0.0
7488,0.925,1.0,0.0,0.0,0.0,0.0
7489,0.9966666666666666,1.0,0.0,0.0,0.0,0.0
7490,1.0,1.0,0.0,0.0,0.0,0.0
7491,1.0,1.0,0.0,0.0,0.0,0.0
7492,1.0,1.0,0.0,0.0,0.0,0.0
7493,0.9933333333333334,1.0,0.0,0.0,0.0,0.0
7494,1.0,1.0,0.0,0.0,0.0,0.0
7495,0.9983333333333334,1.0,0.0,0.0,0.0,0.0
7496,0.9933333333333334,1.0,0.0,0.0,0.0,0.0
7497,1.0,1.0,0.0,0.0,0.0,0.0
7498,1.0,1.0,0.0,0.0,0.0,0.0
7499,0.9,1.0,0.0,0.0,0.0,0.0
7500,0.9216666666666665,1.0,0.0,0.0,0.0,0.0
7501,0.9133333333333334,0.99,0.0,0.01,0.0,0.0
7502,0.9000000000000001,1.0,0.0,0.0,0.0,0.0
7503,0.9049999999999998,1.0,0.0,0.0,0.0,0.0
7504,0.8816666666666667,1.0,0.0,0.0,0.0,0.0
7505,0.925,0.99,0.0,0.01,0.0,0.0
7506,0.9083333333333333,1.0,0.0,0.0,0.0,0.0
7507,0.9000000000000001,0.99,0.0,0.0,0.01,0.0
7508,0.9183333333333333,0.97,0.0,0.0,0.03,0.0
7509,0.995,0.98,0.0,0.0,0.02,0.0
7510,0.9866666666666668,0.97,0.0,0.0,0.03,0.0
7511,0.9916666666666667,0.98,0.0,0.0,0.02,0.0
7512,0.9983333333333333,0.99,0.0,0.0,0.01,0.0
7513,0.9966666666666667,1.0,0.0,0.0,0.0,0.0
7514,0.9983333333333333,1.0,0.0,0.0,0.0,0.0
7515,0.995,1.0,0.0,0.0,0.0,0.0
7516,1.0,1.0,0.0,0.0,0.0,0.0
7517,1.0,1.0,0.0,0.0,0.0,0.0
7518,1.0,1.0,0.0,0.0,0.0,0.0
7519,0.885,1.0,0.0,0.0,0.0,0.0
7520,0.8933333333333333,1.0,0.0,0.0,0.0,0.0
7521,0.9216666666666665,1.0,0.0,0.0,0.0,0.0
7522,0.9016666666666667,1.0,0.0,0.0,0.0,0.0
7523,0.9133333333333334,1.0,0.0,0.0,0.0,0.0
7524,0.8966666666666667,1.0,0.0,0.0,0.0,0.0
7525,0.9049999999999998,1.0,0.0,0.0,0.0,0.0
7526,0.8866666666666667,1.0,0.0,0.0,0.0,0.0
7527,0.905,1.0,0.0,0.0,0.0,0.0
7528,0.9016666666666667,1.0,0.0,0.0,0.0,0.0
7529,1.0,0.99,0.0,0.01,0.0,0.0
7530,0.995,1.0,0.0,0.0,0.0,0.0
7531,0.9983333333333333,1.0,0.0,0.0,0.0,0.0
7532,0.9983333333333333,1.0,0.0,0.0,0.0,0.0
7533,1.0,1.0,0.0,0.0,0.0,0.0
7534,0.9983333333333333,1.0,0.0,0.0,0.0,0.0
7535,0.9933333333333333,0.99,0.0,0.0,0.01,0.0
7536,0.9983333333333333,1.0,0.0,0.0,0.0,0.0
7537,0.9983333333333334,1.0,0.0,0.0,0.0,0.0
7538,0.9983333333333334,1.0,0.0,0.0,0.0,0.0
7539,0.9033333333333334,1.0,0.0,0.0,0.0,0.0
7540,0.93,1.0,0.0,0.0,0.0,0.0
7541,0.9216666666666667,1.0,0.0,0.0,0.0,0.0
7542,0.9216666666666667,0.99,0.0,0.01,0.0,0.0
7543,0.9083333333333334,1.0,0.0,0.0,0.0,0.0
7544,0.9166666666666667,1.0,0.0,0.0,0.0,0.0
7545,0.935,1.0,0.0,0.0,0.0,0.0
7546,0.9200000000000002,1.0,0.0,0.0,0.0,0.0
7547,0.89,1.0,0.0,0.0,0.0,0.0
7548,0.9066666666666666,1.0,0.0,0.0,0.0,0.0
7549,0.9966666666666666,1.0,0.0,0.0,0.0,0.0
7550,1.0,1.0,0.0,0.0,0.0,0.0
7551,1.0,1.0,0.0,0.0,0.0,0.0
7552,1.0,1.0,0.0,0.0,0.0,0.0
7553,0.9966666666666666,0.99,0.0,0.0,0.01,0.0
7554,0.9950000000000001,0.99,0.0,0.0,0.01,0.0
7555,0.995,0.99,0.0,0.0,0.01,0.0
7556,0.9966666666666667,0.99,0.0,0.0,0.01,0.0
7557,0.9916666666666667,0.98,0.0,0.0,0.02,0.0
7558,0.9966666666666667,0.99,0.0,0.0,0.01,0.0
7559,0.9116666666666667,1.0,0.0,0.0,0.0,0.0
7560,0.92,1.0,0.0,0.0,0.0,0.0
7561,0.8850000000000001,1.0,0.0,0.0,0.0,0.0
7562,0.8983333333333334,1.0,0.0,0.0,0.0,0.0
7563,0.9049999999999998,1.0,0.0,0.0,0.0,0.0
7564,0.8983333333333334,1.0,0.0,0.0,0.0,0.0
7565,0.9166666666666665,1.0,0.0,0.0,0.0,0.0
7566,0.9083333333333333,1.0,0.0,0.0,0.0,0.0
7567,0.9216666666666669,1.0,0.0,0.0,0.0,0.0
7568,0.9083333333333333,1.0,0.0,0.0,0.0,0.0
7569,0.9966666666666667,1.0,0.0,0.0,0.0,0.0
7570,0.9950000000000001,1.0,0.0,0.0,0.0,0.0
7571,0.9966666666666667,1.0,0.0,0.0,0.0,0.0
7572,0.9983333333333334,1.0,0.0,0.0,0.0,0.0
7573,0.9983333333333333,1.0,0.0,0.0,0.0,0.0
7574,1.0,1.0,0.0,0.0,0.0,0.0
7575,1.0,1.0,0.0,0.0,0.0,0.0
7576,0.9966666666666666,1.0,0.0,0.0,0.0,0.0
7577,0.995,1.0,0.0,0.0,0.0,0.0
7578,1.0,1.0,0.0,0.0,0.0,0.0
7579,0.9416666666666668,1.0,0.0,0.0,0.0,0.0
7580,0.8883333333333333,1.0,0.0,0.0,0.0,0.0
7581,0.8916666666666666,1.0,0.0,0.0,0.0,0.0
7582,0.9350000000000002,1.0,0.0,0.0,0.0,0.0
7583,0.8905200918533813,0.99,0.0,0.0,0.01,0.0
7584,0.9188534251867145,0.98,0.0,0.0,0.02,0.0
7585,0.8755200918533812,0.99,0.0,0.0,0.01,0.0
7586,0.9105200918533811,0.98,0.0,0.0,0.02,0.0
7587,0.9050000000000001,1.0,0.0,0.0,0.0,0.0
7588,0.9016666666666667,1.0,0.0,0.0,0.0,0.0
7589,1.0,1.0,0.0,0.0,0.0,0.0
7590,1.0,1.0,0.0,0.0,0.0,0.0
7591,1.0,1.0,0.0,0.0,0.0,0.0
7592,0.9916666666666667,1.0,0.0,0.0,0.0,0.0
7593,1.0,1.0,0.0,0.0,0.0,0.0
7594,1.0,1.0,0.0,0.0,0.0,0.0
7595,1.0,1.0,0.0,0.0,0.0,0.0
7596,0.9933333333333334,1.0,0.0,0.0,0.0,0.0
7597,1.0,1.0,0.0,0.0,0.0,0.0
7598,0.995,1.0,0.0,0.0,0.0,0.0
7599,0.9116666666666666,1.0,0.0,0.0,0.0,0.0
7600,0.9016666666666667,1.0,0.0,0.0,0.0,0.0
7601,0.885,1.0,0.0,0.0,0.0,0.0
7602,0.9199999999999998,1.0,0.0,0.0,0.0,0.0
7603,0.9233333333333333,1.0,0.0,0.0,0.0,0.0
7604,0.93,0.99,0.0,0.01,0.0,0.0
7605,0.9283333333333335,1.0,0.0,0.0,0.0,0.0
7606,0.9133333333333331,1.0,0.0,0.0,0.0,0.0
7607,0.9216666666666669,1.0,0.0,0.0,0.0,0.0
7608,0.9266666666666667,1.0,0.0,0.0,0.0,0.0
7609,1.0,1.0,0.0,0.0,0.0,0.0
7610,1.0,1.0,0.0,0.0,0.0,0.0
7611,1.0,1.0,0.0,0.0,0.0,0.0
7612,0.9983333333333333,1.0,0.0,0.0,0.0,0.0
7613,1.0,1.0,0.0,0.0,0.0,0.0
7614,1.0,1.0,0.0,0.0,0.0,0.0
7615,0.9933333333333334,1.0,0.0,0.0,0.0,0.0
7616,0.9933333333333333,1.0,0.0,0.0,0.0,0.0
7617,0.9966666666666667,1.0,0.0,0.0,0.0,0.0
7618,1.0,1.0,0.0,0.0,0.0,0.0
7619,0.86,1.0,0.0,0.0,0.0,0.0
7620,0.8800000000000001,1.0,0.0,0.0,0.0,0.0
7621,0.9216666666666667,1.0,0.0,0.0,0.0,0.0
7622,0.93,1.0,0.0,0.0,0.0,0.0
7623,0.9233333333333333,1.0,0.0,0.0,0.0,0.0
7624,0.9516666666666665,1.0,0.0,0.0,0.0,0.0
7625,0.9083333333333333,1.0,0.0,0.0,0.0,0.0
7626,0.9116666666666667,1.0,0.0,0.0,0.0,0.0
7627,0.915,1.0,0.0,0.0,0.0,0.0
7628,0.8900000000000001,1.0,0.0,0.0,0.0,0.0
7629,0.9983333333333333,1.0,0.0,0.0,0.0,0.0
7630,1.0,0.99,0.0,0.01,0.0,0.0
7631,0.9933333333333333,0.99,0.0,0.01,0.0,0.0
7632,1.0,1.0,0.0,0.0,0.0,0.0
7633,1.0,1.0,0.0,0.0,0.0,0.0
7634,0.9950000000000001,1.0,0.0,0.0,0.0,0.0
7635,1.0,1.0,0.0,0.0,0.0,0.0
7636,0.9966666666666666,1.0,0.0,0.0,0.0,0.0
7637,1.0,1.0,0.0,0.0,0.0,0.0
7638,1.0,1.0,0.0,0.0,0.0,0.0
7639,0.8900000000000001,1.0,0.0,0.0,0.0,0.0
7640,0.9333333333333335,1.0,0.0,0.0,0.0,0.0
7641,0.9400000000000002,1.0,0.0,0.0,0.0,0.0
7642,0.8616666666666666,1.0,0.0,0.0,0.0,0.0
7643,0.8733333333333333,1.0,0.0,0.0,0.0,0.0
7644,0.9149999999999997,1.0,0.0,0.0,0.0,0.0
7645,0.9383333333333332,1.0,0.0,0.0,0.0,0.0
7646,0.9150000000000001,1.0,0.0,0.0,0.0,0.0
7647,0.8933333333333333,1.0,0.0,0.0,0.0,0.0
7648,0.9133333333333333,1.0,0.0,0.0,0.0,0.0
7649,1.0,1.0,0.0,0.0,0.0,0.0
7650,0.9983333333333333,1.0,0.0,0.0,0.0,0.0
7651,0.9983333333333333,0.99,0.0,0.01,0.0,0.0
7652,0.995,0.98,0.0,0.02,0.0,0.0
7653,1.0,1.0,0.0,0.0,0.0,0.0
7654,0.9966666666666667,1.0,0.0,0.0,0.0,0.0
7655,1.0,0.99,0.0,0.01,0.0,0.0
7656,1.0,0.99,0.0,0.01,0.0,0.0
7657,0.9933333333333333,0.99,0.0,0.01,0.0,0.0
7658,1.0,1.0,0.0,0.0,0.0,0.0
7659,0.9083333333333335,1.0,0.0,0.0,0.0,0.0
7660,0.9450000000000002,1.0,0.0,0.0,0.0,0.0
7661,0.9016666666666667,1.0,0.0,0.0,0.0,0.0
7662,0.8833333333333333,1.0,0.0,0.0,0.0,0.0
7663,0.8950000000000001,1.0,0.0,0.0,0.0,0.0
7664,0.905,1.0,0.0,0.0,0.0,0.0
7665,0.8916666666666667,1.0,0.0,0.0,0.0,0.0
7666,0.9383333333333335,1.0,0.0,0.0,0.0,0.0
7667,0.8866666666666666,1.0,0.0,0.0,0.0,0.0
7668,0.9066666666666666,1.0,0.0,0.0,0.0,0.0
7669,1.0,1.0,0.0,0.0,0.0,0.0
7670,0.9949999999999999,1.0,0.0,0.0,0.0,0.0
7671,1.0,1.0,0.0,0.0,0.0,0.0
7672,1.0,1.0,0.0,0.0,0.0,0.0
7673,0.995,1.0,0.0,0.0,0.0,0.0
7674,1.0,1.0,0.0,0.0,0.0,0.0
7675,1.0,1.0,0.0,0.0,0.0,0.0
7676,0.9966666666666667,1.0,0.0,0.0,0.0,0.0
7677,0.9966666666666667,1.0,0.0,0.0,0.0,0.0
7678,1.0,1.0,0.0,0.0,0.0,0.0
7679,0.8566666666666667,0.99,0.0,0.0,0.01,0.0
7680,0.8933333333333333,0.98,0.0,0.0,0.02,0.0
7681,0.9233333333333333,0.93,0.0,0.0,0.07,0.0
7682,0.94,0.95,0.0,0.0,0.05,0.0
7683,0.9,0.93,0.0,0.0,0.07,0.0
7684,0.8983333333333334,0.93,0.0,0.0,0.07,0.0
7685,0.9283333333333335,0.93,0.0,0.0,0.07,0.0
7686,0.925,0.85,0.0,0.0,0.15,0.0
7687,0.9190566196169949,0.8,0.0,0.01,0.19,0.0
7688,0.9240566196169948,0.76,0.0,0.01,0.23,0.0
7689,0.926666666666667,0.74,0.0,0.0,0.26,0.0
7690,0.94,0.77,0.0,0.0,0.23,0.0
7691,0.9533333333333336,0.84,0.0,0.0,0.16,0.0
7692,0.9583333333333333,0.86,0.0,0.0,0.14,0.0
7693,0.9683333333333333,0.9,0.0,0.0,0.1,0.0
7694,0.9816666666666667,0.94,0.0,0.0,0.06,0.0
7695,0.9816666666666669,0.94,0.0,0.0,0.06,0.0
7696,0.9866666666666667,0.95,0.0,0.0,0.05,0.0
7697,0.995,0.98,0.0,0.0,0.02,0.0
7698,1.0,1.0,0.0,0.0,0.0,0.0
7699,0.9233333333333335,1.0,0.0,0.0,0.0,0.0
7700,0.8883333333333333,1.0,0.0,0.0,0.0,0.0
7701,0.8883333333333333,1.0,0.0,0.0,0.0,0.0
7702,0.9366666666666668,1.0,0.0,0.0,0.0,0.0
7703,0.895,0.99,0.0,0.01,0.0,0.0
7704,0.9083333333333333,1.0,0.0,0.0,0.0,0.0
7705,0.9199999999999998,1.0,0.0,0.0,0.0,0.0
7706,0.8916666666666668,1.0,0.0,0.0,0.0,0.0
7707,0.9166666666666667,1.0,0.0,0.0,0.0,0.0
7708,0.9083333333333333,1.0,0.0,0.0,0.0,0.0
7709,1.0,1.0,0.0,0.0,0.0,0.0
7710,0.995,1.0,0.0,0.0,0.0,0.0
7711,1.0,1.0,0.0,0.0,0.0,0.0
7712,1.0,1.0,0.0,0.0,0.0,0.0
7713,0.9983333333333334,1.0,0.0,0.0,0.0,0.0
7714,0.9983333333333334,1.0,0.0,0.0,0.0,0.0
7715,0.9983333333333334,1.0,0.0,0.0,0.0,0.0
7716,0.9950000000000001,1.0,0.0,0.0,0.0,0.0
7717,1.0,1.0,0.0,0.0,0.0,0.0
7718,1.0,1.0,0.0,0.0,0.0,0.0
7719,0.8916666666666668,1.0,0.0,0.0,0.0,0.0
7720,0.9216666666666669,1.0,0.0,0.0,0.0,0.0
7721,0.925,1.0,0.0,0.0,0.0,0.0
7722,0.8866666666666667,1.0,0.0,0.0,0.0,0.0
7723,0.9066666666666667,1.0,0.0,0.0,0.0,0.0
7724,0.91,1.0,0.0,0.0,0.0,0.0
7725,0.9350000000000002,1.0,0.0,0.0,0.0,0.0
7726,0.9133333333333333,1.0,0.0,0.0,0.0,0.0
7727,0.9283333333333335,1.0,0.0,0.0,0.0,0.0
7728,0.9083333333333334,1.0,0.0,0.0,0.0,0.0
7729,1.0,1.0,0.0,0.0,0.0,0.0
7730,1.0,1.0,0.0,0.0,0.0,0.0
7731,1.0,1.0,0.0,0.0,0.0,0.0
7732,1.0,1.0,0.0,0.0,0.0,0.0
7733,0.9972078632566459,1.0,0.0,0.0,0.0,0.0
7734,0.9938745299233125,1.0,0.0,0.0,0.0,0.0
7735,0.9966666666666666,1.0,0.0,0.0,0.0,0.0
7736,0.9877490598466251,1.0,0.0,0.0,0.0,0.0
7737,0.9927490598466251,1.0,0.0,0.0,0.0,0.0
7738,0.9966666666666667,0.99,0.0,0.01,0.0,0.0
7739,0.8949999999999999,1.0,0.0,0.0,0.0,0.0
7740,0.8966666666666667,1.0,0.0,0.0,0.0,0.0
7741,0.9116666666666666,0.99,0.0,0.0,0.01,0.0
7742,0.875,0.99,0.0,0.0,0.01,0.0
7743,0.8700000000000001,0.97,0.0,0.0,0.03,0.0
7744,0.8949999999999999,0.97,0.0,0.0,0.03,0.0
7745,0.9366666666666668,0.95,0.0,0.0,0.05,0.0
7746,0.9516666666666667,0.93,0.0,0.0,0.07,0.0
7747,0.9116666666666668,0.88,0.0,0.0,0.12,0.0
7748,0.9166666666666665,0.86,0.0,0.0,0.14,0.0
7749,0.9533333333333335,0.86,0.0,0.0,0.14,0.0
7750,0.9733333333333334,0.91,0.0,0.0,0.09,0.0
7751,0.9799999999999999,0.93,0.0,0.0,0.07,0.0
7752,0.9783333333333333,0.94,0.0,0.0,0.06,0.0
7753,0.9866666666666667,0.96,0.0,0.0,0.04,0.0
7754,0.9966666666666666,0.99,0.0,0.0,0.01,0.0
7755,0.995,0.98,0.0,0.0,0.02,0.0
7756,0.9983333333333334,0.99,0.0,0.0,0.01,0.0
7757,0.9966666666666667,0.99,0.0,0.0,0.01,0.0
7758,0.9983333333333334,1.0,0.0,0.0,0.0,0.0
7759,0.9383333333333335,1.0,0.0,0.0,0.0,0.0
7760,0.915,1.0,0.0,0.0,0.0,0.0
7761,0.8999999999999999,1.0,0.0,0.0,0.0,0.0
7762,0.9266666666666667,1.0,0.0,0.0,0.0,0.0
7763,0.8683333333333334,1.0,0.0,0.0,0.0,0.0
7764,0.8999999999999999,1.0,0.0,0.0,0.0,0.0
7765,0.9133333333333333,1.0,0.0,0.0,0.0,0.0
7766,0.885,1.0,0.0,0.0,0.0,0.0
7767,0.8916666666666667,1.0,0.0,0.0,0.0,0.0
7768,0.9016666666666667,1.0,0.0,0.0,0.0,0.0
7769,0.9966666666666667,1.0,0.0,0.0,0.0,0.0
7770,0.995,1.0,0.0,0.0,0.0,0.0
7771,1.0,1.0,0.0,0.0,0.0,0.0
7772,0.9966666666666667,1.0,0.0,0.0,0.0,0.0
7773,1.0,1.0,0.0,0.0,0.0,0.0
7774,1.0,1.0,0.0,0.0,0.0,0.0
7775,0.9966666666666667,1.0,0.0,0.0,0.0,0.0
7776,0.9983333333333334,1.0,0.0,0.0,0.0,0.0
7777,0.995,1.0,0.0,0.0,0.0,0.0
7778,0.9983333333333333,1.0,0.0,0.0,0.0,0.0
7779,0.9033333333333333,1.0,0.0,0.0,0.0,0.0
7780,0.8966666666666667,1.0,0.0,0.0,0.0,0.0
7781,0.935,1.0,0.0,0.0,0.0,0.0
7782,0.8999999999999999,1.0,0.0,0.0,0.0,0.0
7783,0.9183333333333333,1.0,0.0,0.0,0.0,0.0
7784,0.9333333333333332,1.0,0.0,0.0,0.0,0.0
7785,0.8916666666666667,1.0,0.0,0.0,0.0,0.0
7786,0.94,0.99,0.0,0.01,0.0,0.0
7787,0.9200000000000002,1.0,0.0,0.0,0.0,0.0
7788,0.8966666666666667,1.0,0.0,0.0,0.0,0.0
7789,0.9966666666666666,1.0,0.0,0.0,0.0,0.0
7790,1.0,1.0,0.0,0.0,0.0,0.0
7791,0.9966666666666667,1.0,0.0,0.0,0.0,0.0
7792,1.0,1.0,0.0,0.0,0.0,0.0
7793,1.0,1.0,0.0,0.0,0.0,0.0
7794,1.0,1.0,0.0,0.0,0.0,0.0
7795,1.0,0.99,0.0,0.01,0.0,0.0
7796,1.0,0.99,0.0,0.01,0.0,0.0
7797,0.9983333333333333,0.98,0.0,0.02,0.0,0.0
7798,0.995,0.98,0.0,0.02,0.0,0.0
7799,0.895,0.97,0.0,0.02,0.01,0.0
7800,0.9083333333333334,1.0,0.0,0.0,0.0,0.0
7801,0.9003413077498941,0.99,0.0,0.01,0.0,0.0
7802,0.93,1.0,0.0,0.0,0.0,0.0
7803,0.9283333333333332,1.0,0.0,0.0,0.0,0.0
7804,0.9233333333333333,0.99,0.0,0.01,0.0,0.0
7805,0.9400000000000002,1.0,0.0,0.0,0.0,0.0
7806,0.9,1.0,0.0,0.0,0.0,0.0
7807,0.8916666666666666,1.0,0.0,0.0,0.0,0.0
7808,0.9133333333333334,0.99,0.0,0.0,0.01,0.0
7809,1.0,1.0,0.0,0.0,0.0,0.0
7810,1.0,1.0,0.0,0.0,0.0,0.0
7811,1.0,1.0,0.0,0.0,0.0,0.0
7812,1.0,1.0,0.0,0.0,0.0,0.0
7813,1.0,1.0,0.0,0.0,0.0,0.0
7814,0.995,1.0,0.0,0.0,0.0,0.0
7815,1.0,1.0,0.0,0.0,0.0,0.0
7816,1.0,1.0,0.0,0.0,0.0,0.0
7817,1.0,1.0,0.0,0.0,0.0,0.0
7818,0.995,1.0,0.0,0.0,0.0,0.0
7819,0.9116666666666667,1.0,0.0,0.0,0.0,0.0
7820,0.9183333333333334,1.0,0.0,0.0,0.0,0.0
7821,0.8916666666666667,0.99,0.0,0.01,0.0,0.0
7822,0.8883333333333333,1.0,0.0,0.0,0.0,0.0
7823,0.9333333333333331,1.0,0.0,0.0,0.0,0.0
7824,0.9283333333333335,1.0,0.0,0.0,0.0,0.0
7825,0.8816666666666667,1.0,0.0,0.0,0.0,0.0
7826,0.9266666666666667,1.0,0.0,0.0,0.0,0.0
7827,0.9116666666666666,1.0,0.0,0.0,0.0,0.0
7828,0.8833333333333333,0.99,0.0,0.01,0.0,0.0
7829,1.0,1.0,0.0,0.0,0.0,0.0
7830,1.0,1.0,0.0,0.0,0.0,0.0
7831,1.0,1.0,0.0,0.0,0.0,0.0
7832,1.0,1.0,0.0,0.0,0.0,0.0
7833,1.0,1.0,0.0,0.0,0.0,0.0
7834,0.9983333333333334,1.0,0.0,0.0,0.0,0.0
7835,1.0,1.0,0.0,0.0,0.0,0.0
7836,0.9966666666666667,1.0,0.0,0.0,0.0,0.0
7837,0.9933333333333334,0.99,0.0,0.0,0.01,0.0
7838,0.9810787080652398,0.96,0.0,0.01,0.03,0.0
7839,0.881666666666667,0.96,0.0,0.01,0.03,0.0
7840,0.91,0.97,0.0,0.01,0.02,0.0
7841,0.9266666666666665,0.97,0.0,0.0,0.03,0.0
7842,0.9133333333333333,0.96,0.0,0.0,0.04,0.0
7843,0.8866666666666667,0.94,0.0,0.0,0.06,0.0
7844,0.8850000000000001,0.91,0.0,0.0,0.09,0.0
7845,0.9466666666666669,0.87,0.0,0.0,0.13,0.0
7846,0.9283333333333336,0.87,0.0,0.0,0.13,0.0
7847,0.8883333333333333,0.9,0.0,0.0,0.1,0.0
7848,0.96,0.86,0.0,0.0,0.14,0.0
7849,0.9550000000000002,0.86,0.0,0.0,0.14,0.0
7850,0.9683333333333334,0.89,0.0,0.0,0.11,0.0
7851,0.9616666666666667,0.88,0.0,0.0,0.12,0.0
7852,0.9600000000000002,0.9,0.0,0.0,0.1,0.0
7853,0.975,0.92,0.0,0.0,0.08,0.0
7854,0.99,0.98,0.0,0.0,0.02,0.0
7855,0.99,0.98,0.0,0.0,0.02,0.0
7856,0.9933333333333334,1.0,0.0,0.0,0.0,0.0
7857,0.9933333333333333,0.99,0.0,0.0,0.01,0.0
7858,1.0,1.0,0.0,0.0,0.0,0.0
7859,0.9216666666666669,1.0,0.0,0.0,0.0,0.0
7860,0.8966666666666667,1.0,0.0,0.0,0.0,0.0
7861,0.8916666666666666,0.99,0.0,0.01,0.0,0.0
7862,0.9133333333333333,0.99,0.0,0.01,0.0,0.0
7863,0.8766666666666667,0.99,0.0,0.01,0.0,0.0
7864,0.8933333333333333,0.98,0.0,0.02,0.0,0.0
7865,0.8666666666666666,0.98,0.0,0.02,0.0,0.0
7866,0.9466666666666665,0.99,0.0,0.01,0.0,0.0
7867,0.8933333333333334,0.99,0.0,0.01,0.0,0.0
7868,0.915,1.0,0.0,0.0,0.0,0.0
7869,0.9983333333333333,1.0,0.0,0.0,0.0,0.0
7870,0.9983333333333334,1.0,0.0,0.0,0.0,0.0
7871,0.9983333333333334,1.0,0.0,0.0,0.0,0.0
7872,0.9966666666666667,1.0,0.0,0.0,0.0,0.0
7873,1.0,1.0,0.0,0.0,0.0,0.0
7874,1.0,1.0,0.0,0.0,0.0,0.0
7875,1.0,1.0,0.0,0.0,0.0,0.0
7876,0.9983333333333334,1.0,0.0,0.0,0.0,0.0
7877,0.9966666666666667,1.0,0.0,0.0,0.0,0.0
7878,0.9966666666666667,1.0,0.0,0.0,0.0,0.0
7879,0.8883333333333334,1.0,0.0,0.0,0.0,0.0
7880,0.9149999999999998,1.0,0.0,0.0,0.0,0.0
7881,0.9033333333333333,1.0,0.0,0.0,0.0,0.0
7882,0.905,1.0,0.0,0.0,0.0,0.0
7883,0.9083333333333334,1.0,0.0,0.0,0.0,0.0
7884,0.91,1.0,0.0,0.0,0.0,0.0
7885,0.8999999999999999,1.0,0.0,0.0,0.0,0.0
7886,0.92,1.0,0.0,0.0,0.0,0.0
7887,0.9066666666666667,1.0,0.0,0.0,0.0,0.0
7888,0.8883333333333333,0.99,0.0,0.01,0.0,0.0
7889,0.995,1.0,0.0,0.0,0.0,0.0
7890,1.0,1.0,0.0,0.0,0.0,0.0
7891,1.0,1.0,0.0,0.0,0.0,0.0
7892,1.0,1.0,0.0,0.0,0.0,0.0
7893,1.0,1.0,0.0,0.0,0.0,0.0
7894,0.9966666666666667,1.0,0.0,0.0,0.0,0.0
7895,0.9983333333333333,1.0,0.0,0.0,0.0,0.0
7896,0.9966666666666666,1.0,0.0,0.0,0.0,0.0
7897,0.9983333333333333,1.0,0.0,0.0,0.0,0.0
7898,0.9966666666666666,1.0,0.0,0.0,0.0,0.0
7899,0.9183333333333334,1.0,0.0,0.0,0.0,0.0
7900,0.8916666666666667,1.0,0.0,0.0,0.0,0.0
7901,0.9083333333333333,1.0,0.0,0.0,0.0,0.0
7902,0.9383333333333332,1.0,0.0,0.0,0.0,0.0
7903,0.8883333333333334,1.0,0.0,0.0,0.0,0.0
7904,0.8833333333333334,1.0,0.0,0.0,0.0,0.0
7905,0.9200000000000002,1.0,0.0,0.0,0.0,0.0
7906,0.9383333333333335,1.0,0.0,0.0,0.0,0.0
7907,0.9050000000000001,1.0,0.0,0.0,0.0,0.0
7908,0.9000000000000001,1.0,0.0,0.0,0.0,0.0
7909,1.0,1.0,0.0,0.0,0.0,0.0
7910,0.9983333333333333,1.0,0.0,0.0,0.0,0.0
7911,0.9933333333333333,1.0,0.0,0.0,0.0,0.0
7912,0.9966666666666666,1.0,0.0,0.0,0.0,0.0
7913,1.0,1.0,0.0,0.0,0.0,0.0
7914,0.9933333333333334,1.0,0.0,0.0,0.0,0.0
7915,1.0,1.0,0.0,0.0,0.0,0.0
7916,1.0,1.0,0.0,0.0,0.0,0.0
7917,1.0,1.0,0.0,0.0,0.0,0.0
7918,0.9966666666666667,1.0,0.0,0.0,0.0,0.0
7919,0.8933333333333334,1.0,0.0,0.0,0.0,0.0
7920,0.8983333333333333,1.0,0.0,0.0,0.0,0.0
7921,0.9,1.0,0.0,0.0,0.0,0.0
7922,0.9250000000000002,1.0,0.0,0.0,0.0,0.0
7923,0.9250000000000002,1.0,0.0,0.0,0.0,0.0
7924,0.9000000000000001,1.0,0.0,0.0,0.0,0.0
7925,0.9233333333333333,1.0,0.0,0.0,0.0,0.0
7926,0.8866666666666667,1.0,0.0,0.0,0.0,0.0
7927,0.87,1.0,0.0,0.0,0.0,0.0
7928,0.8866666666666668,1.0,0.0,0.0,0.0,0.0
7929,1.0,1.0,0.0,0.0,0.0,0.0
7930,0.9966666666666667,1.0,0.0,0.0,0.0,0.0
7931,0.9983333333333333,1.0,0.0,0.0,0.0,0.0
7932,1.0,1.0,0.0,0.0,0.0,0.0
7933,1.0,1.0,0.0,0.0,0.0,0.0
7934,0.9983333333333333,1.0,0.0,0.0,0.0,0.0
7935,0.9983333333333334,1.0,0.0,0.0,0.0,0.0
7936,1.0,1.0,0.0,0.0,0.0,0.0
7937,0.9983333333333334,1.0,0.0,0.0,0.0,0.0
7938,0.9966666666666666,1.0,0.0,0.0,0.0,0.0
7939,0.9233333333333335,1.0,0.0,0.0,0.0,0.0
7940,0.9,1.0,0.0,0.0,0.0,0.0
7941,0.9316666666666668,1.0,0.0,0.0,0.0,0.0
7942,0.8983333333333334,0.99,0.0,0.01,0.0,0.0
7943,0.9416666666666668,1.0,0.0,0.0,0.0,0.0
7944,0.9216666666666667,1.0,0.0,0.0,0.0,0.0
7945,0.9200000000000002,1.0,0.0,0.0,0.0,0.0
7946,0.9150000000000001,1.0,0.0,0.0,0.0,0.0
7947,0.9266666666666665,1.0,0.0,0.0,0.0,0.0
7948,0.9466666666666665,1.0,0.0,0.0,0.0,0.0
7949,1.0,1.0,0.0,0.0,0.0,0.0
7950,0.9933333333333333,0.99,0.0,0.0,0.01,0.0
7951,0.9933333333333334,0.99,0.0,0.0,0.01,0.0
7952,1.0,1.0,0.0,0.0,0.0,0.0
7953,1.0,1.0,0.0,0.0,0.0,0.0
7954,0.9933333333333334,1.0,0.0,0.0,0.0,0.0
7955,1.0,1.0,0.0,0.0,0.0,0.0
7956,1.0,1.0,0.0,0.0,0.0,0.0
7957,0.9966666666666667,1.0,0.0,0.0,0.0,0.0
7958,0.9983333333333334,1.0,0.0,0.0,0.0,0.0
7959,0.91,1.0,0.0,0.0,0.0,0.0
7960,0.905,1.0,0.0,0.0,0.0,0.0
7961,0.92,1.0,0.0,0.0,0.0,0.0
7962,0.87,1.0,0.0,0.0,0.0,0.0
7963,0.9033333333333334,1.0,0.0,0.0,0.0,0.0
7964,0.92,1.0,0.0,0.0,0.0,0.0
7965,0.9216666666666665,1.0,0.0,0.0,0.0,0.0
7966,0.8983333333333333,1.0,0.0,0.0,0.0,0.0
7967,0.8983333333333333,1.0,0.0,0.0,0.0,0.0
7968,0.9016666666666666,1.0,0.0,0.0,0.0,0.0
7969,1.0,1.0,0.0,0.0,0.0,0.0
7970,0.9966666666666667,1.0,0.0,0.0,0.0,0.0
7971,0.9966666666666667,1.0,0.0,0.0,0.0,0.0
7972,1.0,1.0,0.0,0.0,0.0,0.0
7973,0.9966666666666667,1.0,0.0,0.0,0.0,0.0
7974,0.9983333333333334,1.0,0.0,0.0,0.0,0.0
7975,1.0,1.0,0.0,0.0,0.0,0.0
7976,1.0,1.0,0.0,0.0,0.0,0.0
7977,1.0,1.0,0.0,0.0,0.0,0.0
7978,1.0,1.0,0.0,0.0,0.0,0.0
7979,0.9133333333333333,1.0,0.0,0.0,0.0,0.0
7980,0.9216666666666665,1.0,0.0,0.0,0.0,0.0
7981,0.8966666666666666,1.0,0.0,0.0,0.0,0.0
7982,0.8983333333333334,1.0,0.0,0.0,0.0,0.0
7983,0.9233333333333333,1.0,0.0,0.0,0.0,0.0
7984,0.9183333333333333,0.99,0.0,0.01,0.0,0.0
7985,0.905,0.99,0.0,0.01,0.0,0.0
7986,0.9049999999999998,1.0,0.0,0.0,0.0,0.0
7987,0.92,0.99,0.0,0.01,0.0,0.0
7988,0.9233333333333333,1.0,0.0,0.0,0.0,0.0
7989,1.0,1.0,0.0,0.0,0.0,0.0
7990,0.9983333333333334,1.0,0.0,0.0,0.0,0.0
7991,0.9983333333333334,1.0,0.0,0.0,0.0,0.0
7992,1.0,1.0,0.0,0.0,0.0,0.0
7993,1.0,1.0,0.0,0.0,0.0,0.0
7994,0.9983333333333333,1.0,0.0,0.0,0.0,0.0
7995,0.9966666666666666,1.0,0.0,0.0,0.0,0.0
7996,1.0,1.0,0.0,0.0,0.0,0.0
7997,1.0,1.0,0.0,0.0,0.0,0.0
7998,0.9950000000000001,1.0,0.0,0.0,0.0,0.0
7999,0.9083333333333333,1.0,0.0,0.0,0.0,0.0
8000,0.9333333333333335,1.0,0.0,0.0,0.0,0.0
8001,0.9116666666666666,1.0,0.0,0.0,0.0,0.0
8002,0.8766666666666665,1.0,0.0,0.0,0.0,0.0
8003,0.905,1.0,0.0,0.0,0.0,0.0
8004,0.925,1.0,0.0,0.0,0.0,0.0
8005,0.9183333333333333,1.0,0.0,0.0,0.0,0.0
8006,0.9083333333333333,0.99,0.0,0.0,0.01,0.0
8007,0.89,1.0,0.0,0.0,0.0,0.0
8008,0.905,1.0,0.0,0.0,0.0,0.0
8009,1.0,1.0,0.0,0.0,0.0,0.0
8010,0.9966666666666667,1.0,0.0,0.0,0.0,0.0
8011,1.0,1.0,0.0,0.0,0.0,0.0
8012,0.995,1.0,0.0,0.0,0.0,0.0
8013,0.9983333333333334,1.0,0.0,0.0,0.0,0.0
8014,1.0,1.0,0.0,0.0,0.0,0.0
8015,0.9966666666666667,1.0,0.0,0.0,0.0,0.0
8016,0.9966666666666666,1.0,0.0,0.0,0.0,0.0
8017,0.9933333333333333,1.0,0.0,0.0,0.0,0.0
8018,0.9933333333333334,1.0,0.0,0.0,0.0,0.0
8019,0.9066666666666667,1.0,0.0,0.0,0.0,0.0
8020,0.9366666666666668,1.0,0.0,0.0,0.0,0.0
8021,0.8666666666666667,1.0,0.0,0.0,0.0,0.0
8022,0.9083333333333333,1.0,0.0,0.0,0.0,0.0
8023,0.8983333333333333,1.0,0.0,0.0,0.0,0.0
8024,0.8916666666666667,1.0,0.0,0.0,0.0,0.0
8025,0.9033333333333333,1.0,0.0,0.0,0.0,0.0
8026,0.9283333333333332,1.0,0.0,0.0,0.0,0.0
8027,0.9133333333333333,1.0,0.0,0.0,0.0,0.0
8028,0.8966666666666668,1.0,0.0,0.0,0.0,0.0
8029,1.0,1.0,0.0,0.0,0.0,0.0
8030,0.9966666666666666,1.0,0.0,0.0,0.0,0.0
8031,0.9966666666666666,1.0,0.0,0.0,0.0,0.0
8032,1.0,1.0,0.0,0.0,0.0,0.0
8033,1.0,1.0,0.0,0.0,0.0,0.0
8034,0.9966666666666667,1.0,0.0,0.0,0.0,0.0
8035,0.9966666666666666,1.0,0.0,0.0,0.0,0.0
8036,0.9933333333333334,0.99,0.0,0.01,0.0,0.0
8037,0.9983333333333333,0.99,0.0,0.01,0.0,0.0
8038,0.995,0.99,0.0,0.01,0.0,0.0
8039,0.9083333333333334,0.99,0.0,0.01,0.0,0.0
8040,0.89,1.0,0.0,0.0,0.0,0.0
8041,0.9366666666666668,1.0,0.0,0.0,0.0,0.0
8042,0.885,0.99,0.0,0.01,0.0,0.0
8043,0.9516666666666665,1.0,0.0,0.0,0.0,0.0
8044,0.8966666666666667,1.0,0.0,0.0,0.0,0.0
8045,0.8733333333333333,1.0,0.0,0.0,0.0,0.0
8046,0.9099999999999998,0.99,0.0,0.01,0.0,0.0
8047,0.9116666666666667,1.0,0.0,0.0,0.0,0.0
8048,0.9416666666666668,1.0,0.0,0.0,0.0,0.0
8049,1.0,1.0,0.0,0.0,0.0,0.0
8050,1.0,1.0,0.0,0.0,0.0,0.0
8051,0.9983333333333333,1.0,0.0,0.0,0.0,0.0
8052,1.0,1.0,0.0,0.0,0.0,0.0
8053,0.9966666666666666,1.0,0.0,0.0,0.0,0.0
8054,1.0,1.0,0.0,0.0,0.0,0.0
8055,0.9983333333333333,1.0,0.0,0.0,0.0,0.0
8056,0.9966666666666666,1.0,0.0,0.0,0.0,0.0
8057,1.0,1.0,0.0,0.0,0.0,0.0
8058,1.0,1.0,0.0,0.0,0.0,0.0
8059,0.9316666666666665,1.0,0.0,0.0,0.0,0.0
8060,0.8950000000000002,1.0,0.0,0.0,0.0,0.0
8061,0.9316666666666665,1.0,0.0,0.0,0.0,0.0
8062,0.9166666666666669,1.0,0.0,0.0,0.0,0.0
8063,0.9283333333333332,0.98,0.0,0.01,0.01,0.0
8064,0.8991666666666667,0.99,0.0,0.01,0.0,0.0
8065,0.95,0.99,0.0,0.0,0.01,0.0
8066,0.8933333333333334,0.98,0.0,0.0,0.02,0.0
8067,0.924486020609784,0.96,0.0,0.0,0.04,0.0
8068,0.9283333333333335,0.97,0.0,0.0,0.03,0.0
8069,0.9733333333333334,0.93,0.0,0.0,0.07,0.0
8070,0.9866666666666666,0.96,0.0,0.0,0.04,0.0
8071,0.9883333333333334,0.96,0.0,0.0,0.04,0.0
8072,0.9833333333333334,0.95,0.0,0.0,0.05,0.0
8073,0.9833333333333333,0.95,0.0,0.0,0.05,0.0
8074,0.9966666666666667,0.99,0.0,0.0,0.01,0.0
8075,0.9933333333333334,0.98,0.0,0.0,0.02,0.0
8076,0.9916666666666667,0.98,0.0,0.0,0.02,0.0
8077,0.9966666666666667,0.99,0.0,0.0,0.01,0.0
8078,0.9983333333333333,0.99,0.0,0.0,0.01,0.0
8079,0.9066666666666666,0.99,0.0,0.0,0.01,0.0
8080,0.9266666666666669,1.0,0.0,0.0,0.0,0.0
8081,0.9466666666666668,1.0,0.0,0.0,0.0,0.0
8082,0.91,1.0,0.0,0.0,0.0,0.0
8083,0.9,1.0,0.0,0.0,0.0,0.0
8084,0.9283333333333332,1.0,0.0,0.0,0.0,0.0
8085,0.9099999999999998,1.0,0.0,0.0,0.0,0.0
8086,0.935,1.0,0.0,0.0,0.0,0.0
8087,0.9183333333333333,1.0,0.0,0.0,0.0,0.0
8088,0.9283333333333335,1.0,0.0,0.0,0.0,0.0
8089,0.9983333333333334,1.0,0.0,0.0,0.0,0.0
8090,1.0,1.0,0.0,0.0,0.0,0.0
8091,1.0,1.0,0.0,0.0,0.0,0.0
8092,1.0,1.0,0.0,0.0,0.0,0.0
8093,1.0,1.0,0.0,0.0,0.0,0.0
8094,0.9966666666666667,1.0,0.0,0.0,0.0,0.0
8095,1.0,1.0,0.0,0.0,0.0,0.0
8096,1.0,1.0,0.0,0.0,0.0,0.0
8097,0.9933333333333334,0.99,0.0,0.01,0.0,0.0
8098,0.995,1.0,0.0,0.0,0.0,0.0
8099,0.91,1.0,0.0,0.0,0.0,0.0
8100,0.9083333333333333,1.0,0.0,0.0,0.0,0.0
8101,0.8916666666666664,1.0,0.0,0.0,0.0,0.0
8102,0.905,1.0,0.0,0.0,0.0,0.0
8103,0.9133333333333334,1.0,0.0,0.0,0.0,0.0
8104,0.92,1.0,0.0,0.0,0.0,0.0
8105,0.9366666666666668,1.0,0.0,0.0,0.0,0.0
8106,0.9033333333333333,1.0,0.0,0.0,0.0,0.0
8107,0.9316666666666668,1.0,0.0,0.0,0.0,0.0
8108,0.8966666666666667,1.0,0.0,0.0,0.0,0.0
8109,0.9900000000000001,1.0,0.0,0.0,0.0,0.0
8110,1.0,0.99,0.0,0.01,0.0,0.0
8111,0.9966666666666667,0.99,0.0,0.01,0.0,0.0
8112,1.0,1.0,0.0,0.0,0.0,0.0
8113,0.9983333333333334,1.0,0.0,0.0,0.0,0.0
8114,1.0,1.0,0.0,0.0,0.0,0.0
8115,0.9966666666666666,1.0,0.0,0.0,0.0,0.0
8116,1.0,1.0,0.0,0.0,0.0,0.0
8117,1.0,1.0,0.0,0.0,0.0,0.0
8118,1.0,1.0,0.0,0.0,0.0,0.0
8119,0.9100000000000001,1.0,0.0,0.0,0.0,0.0
8120,0.9066666666666666,1.0,0.0,0.0,0.0,0.0
8121,0.9283333333333335,1.0,0.0,0.0,0.0,0.0
8122,0.9133333333333331,1.0,0.0,0.0,0.0,0.0
8123,0.9033333333333331,1.0,0.0,0.0,0.0,0.0
8124,0.8933333333333334,1.0,0.0,0.0,0.0,0.0
8125,0.8983333333333334,1.0,0.0,0.0,0.0,0.0
8126,0.9283333333333332,1.0,0.0,0.0,0.0,0.0
8127,0.9116666666666666,1.0,0.0,0.0,0.0,0.0
8128,0.91,1.0,0.0,0.0,0.0,0.0
8129,1.0,1.0,0.0,0.0,0.0,0.0
8130,1.0,1.0,0.0,0.0,0.0,0.0
8131,0.9933333333333333,1.0,0.0,0.0,0.0,0.0
8132,1.0,1.0,0.0,0.0,0.0,0.0
8133,0.9966666666666667,1.0,0.0,0.0,0.0,0.0
8134,0.9966666666666667,0.99,0.0,0.0,0.01,0.0
8135,1.0,1.0,0.0,0.0,0.0,0.0
8136,0.9966666666666667,1.0,0.0,0.0,0.0,0.0
8137,1.0,1.0,0.0,0.0,0.0,0.0
8138,1.0,1.0,0.0,0.0,0.0,0.0
8139,0.8966666666666668,1.0,0.0,0.0,0.0,0.0
8140,0.9133333333333334,1.0,0.0,0.0,0.0,0.0
8141,0.9116666666666667,1.0,0.0,0.0,0.0,0.0
8142,0.9166666666666669,1.0,0.0,0.0,0.0,0.0
8143,0.9116666666666666,0.99,0.0,0.01,0.0,0.0
8144,0.9183333333333334,0.99,0.0,0.01,0.0,0.0
8145,0.8933333333333333,0.99,0.0,0.01,0.0,0.0
8146,0.8866666666666668,0.99,0.0,0.01,0.0,0.0
8147,0.94,1.0,0.0,0.0,0.0,0.0
8148,0.905,1.0,0.0,0.0,0.0,0.0
8149,1.0,1.0,0.0,0.0,0.0,0.0
8150,1.0,1.0,0.0,0.0,0.0,0.0
8151,0.9983333333333334,1.0,0.0,0.0,0.0,0.0
8152,1.0,1.0,0.0,0.0,0.0,0.0
8153,1.0,1.0,0.0,0.0,0.0,0.0
8154,1.0,1.0,0.0,0.0,0.0,0.0
8155,0.9966666666666667,1.0,0.0,0.0,0.0,0.0
8156,1.0,1.0,0.0,0.0,0.0,0.0
8157,1.0,1.0,0.0,0.0,0.0,0.0
8158,1.0,1.0,0.0,0.0,0.0,0.0
8159,0.9133333333333333,1.0,0.0,0.0,0.0,0.0
8160,0.9316666666666668,1.0,0.0,0.0,0.0,0.0
8161,0.915,1.0,0.0,0.0,0.0,0.0
8162,0.8933333333333331,1.0,0.0,0.0,0.0,0.0
8163,0.8983333333333334,1.0,0.0,0.0,0.0,0.0
8164,0.9266666666666665,1.0,0.0,0.0,0.0,0.0
8165,0.9016666666666666,1.0,0.0,0.0,0.0,0.0
8166,0.9083333333333334,1.0,0.0,0.0,0.0,0.0
8167,0.9266666666666665,1.0,0.0,0.0,0.0,0.0
8168,0.9133333333333334,1.0,0.0,0.0,0.0,0.0
8169,0.9966666666666666,1.0,0.0,0.0,0.0,0.0
8170,1.0,0.99,0.0,0.01,0.0,0.0
8171,0.9966666666666666,0.99,0.0,0.01,0.0,0.0
8172,0.9966666666666667,0.99,0.0,0.01,0.0,0.0
8173,0.9966666666666667,1.0,0.0,0.0,0.0,0.0
8174,0.9966666666666667,1.0,0.0,0.0,0.0,0.0
8175,0.9983333333333333,0.99,0.0,0.01,0.0,0.0
8176,0.9983333333333334,0.99,0.0,0.01,0.0,0.0
8177,0.9983333333333333,0.98,0.0,0.01,0.01,0.0
8178,0.9983333333333334,0.98,0.0,0.01,0.01,0.0
8179,0.9283333333333335,0.99,0.0,0.0,0.01,0.0
8180,0.9,1.0,0.0,0.0,0.0,0.0
8181,0.9033333333333333,1.0,0.0,0.0,0.0,0.0
8182,0.8916666666666667,1.0,0.0,0.0,0.0,0.0
8183,0.895,1.0,0.0,0.0,0.0,0.0
8184,0.9033333333333334,1.0,0.0,0.0,0.0,0.0
8185,0.9333333333333332,1.0,0.0,0.0,0.0,0.0
8186,0.8966666666666667,1.0,0.0,0.0,0.0,0.0
8187,0.9133333333333334,1.0,0.0,0.0,0.0,0.0
8188,0.895,1.0,0.0,0.0,0.0,0.0
8189,0.995,1.0,0.0,0.0,0.0,0.0
8190,0.9983333333333333,0.99,0.0,0.01,0.0,0.0
8191,0.9983333333333333,0.98,0.0,0.02,0.0,0.0
8192,0.9983333333333334,0.98,0.0,0.02,0.0,0.0
8193,0.9966666666666667,0.97,0.0,0.03,0.0,0.0
8194,0.9966666666666666,0.96,0.0,0.04,0.0,0.0
8195,1.0,0.96,0.0,0.04,0.0,0.0
8196,1.0,0.98,0.0,0.02,0.0,0.0
8197,0.995,0.95,0.0,0.05,0.0,0.0
8198,0.9948655952223535,0.9,0.0,0.1,0.0,0.0
8199,0.84,0.9,0.0,0.1,0.0,0.0
8200,0.8649999999999999,0.94,0.0,0.06,0.0,0.0
8201,0.9233333333333335,1.0,0.0,0.0,0.0,0.0
8202,0.9333333333333332,1.0,0.0,0.0,0.0,0.0
8203,0.9200000000000002,1.0,0.0,0.0,0.0,0.0
8204,0.9166666666666667,1.0,0.0,0.0,0.0,0.0
8205,0.8683333333333333,1.0,0.0,0.0,0.0,0.0
8206,0.9116666666666667,1.0,0.0,0.0,0.0,0.0
8207,0.9383333333333332,1.0,0.0,0.0,0.0,0.0
8208,0.92,1.0,0.0,0.0,0.0,0.0
8209,0.995,1.0,0.0,0.0,0.0,0.0
8210,0.9966666666666667,1.0,0.0,0.0,0.0,0.0
8211,1.0,1.0,0.0,0.0,0.0,0.0
8212,1.0,1.0,0.0,0.0,0.0,0.0
8213,0.9933333333333333,1.0,0.0,0.0,0.0,0.0
8214,0.9966666666666666,1.0,0.0,0.0,0.0,0.0
8215,0.9983333333333333,1.0,0.0,0.0,0.0,0.0
8216,0.9966666666666666,1.0,0.0,0.0,0.0,0.0
8217,1.0,0.99,0.0,0.01,0.0,0.0
8218,0.9983333333333334,0.99,0.0,0.01,0.0,0.0
8219,0.93,1.0,0.0,0.0,0.0,0.0
8220,0.9216666666666665,1.0,0.0,0.0,0.0,0.0
8221,0.9316666666666668,1.0,0.0,0.0,0.0,0.0
8222,0.93,1.0,0.0,0.0,0.0,0.0
8223,0.9083333333333333,1.0,0.0,0.0,0.0,0.0
8224,0.9433333333333332,0.99,0.0,0.01,0.0,0.0
8225,0.9283333333333335,0.99,0.0,0.01,0.0,0.0
8226,0.87,0.99,0.0,0.01,0.0,0.0
8227,0.9249999999999998,1.0,0.0,0.0,0.0,0.0
8228,0.93,1.0,0.0,0.0,0.0,0.0
8229,0.9983333333333333,0.99,0.0,0.01,0.0,0.0
8230,1.0,0.98,0.0,0.02,0.0,0.0
8231,1.0,0.99,0.0,0.01,0.0,0.0
8232,1.0,0.97,0.0,0.03,0.0,0.0
8233,1.0,0.99,0.0,0.01,0.0,0.0
8234,1.0,0.98,0.0,0.02,0.0,0.0
8235,1.0,0.98,0.0,0.02,0.0,0.0
8236,1.0,0.98,0.0,0.02,0.0,0.0
8237,0.9983333333333334,0.94,0.0,0.06,0.0,0.0
8238,1.0,0.95,0.0,0.05,0.0,0.0
8239,0.8950000000000001,0.94,0.0,0.06,0.0,0.0
8240,0.8799999999999999,0.93,0.0,0.07,0.0,0.0
8241,0.8866666666666667,0.91,0.0,0.09,0.0,0.0
8242,0.9033333333333333,0.97,0.0,0.03,0.0,0.0
8243,0.8849999999999999,0.98,0.0,0.02,0.0,0.0
8244,0.9166666666666667,0.99,0.0,0.01,0.0,0.0
8245,0.9150000000000001,1.0,0.0,0.0,0.0,0.0
8246,0.9100000000000001,1.0,0.0,0.0,0.0,0.0
8247,0.9116666666666667,1.0,0.0,0.0,0.0,0.0
8248,0.915,1.0,0.0,0.0,0.0,0.0
8249,0.9983333333333333,1.0,0.0,0.0,0.0,0.0
8250,0.9983333333333334,1.0,0.0,0.0,0.0,0.0
8251,0.9966666666666667,1.0,0.0,0.0,0.0,0.0
8252,1.0,1.0,0.0,0.0,0.0,0.0
8253,1.0,1.0,0.0,0.0,0.0,0.0
8254,1.0,1.0,0.0,0.0,0.0,0.0
8255,1.0,0.99,0.0,0.01,0.0,0.0
8256,1.0,1.0,0.0,0.0,0.0,0.0
8257,0.9950000000000001,1.0,0.0,0.0,0.0,0.0
8258,1.0,1.0,0.0,0.0,0.0,0.0
8259,0.9266666666666667,1.0,0.0,0.0,0.0,0.0
8260,0.9466666666666665,1.0,0.0,0.0,0.0,0.0
8261,0.91,1.0,0.0,0.0,0.0,0.0
8262,0.9233333333333335,1.0,0.0,0.0,0.0,0.0
8263,0.92,1.0,0.0,0.0,0.0,0.0
8264,0.9150000000000001,1.0,0.0,0.0,0.0,0.0
8265,0.9066666666666664,1.0,0.0,0.0,0.0,0.0
8266,0.8971674958907306,1.0,0.0,0.0,0.0,0.0
8267,0.875,0.99,0.0,0.0,0.01,0.0
8268,0.9,1.0,0.0,0.0,0.0,0.0
8269,1.0,1.0,0.0,0.0,0.0,0.0
8270,0.9966666666666666,1.0,0.0,0.0,0.0,0.0
8271,1.0,1.0,0.0,0.0,0.0,0.0
8272,1.0,1.0,0.0,0.0,0.0,0.0
8273,0.9966666666666667,1.0,0.0,0.0,0.0,0.0
8274,0.9883333333333333,1.0,0.0,0.0,0.0,0.0
8275,0.9983333333333333,1.0,0.0,0.0,0.0,0.0
8276,0.9966666666666667,1.0,0.0,0.0,0.0,0.0
8277,0.995,1.0,0.0,0.0,0.0,0.0
8278,0.9966666666666667,1.0,0.0,0.0,0.0,0.0
8279,0.9166666666666667,1.0,0.0,0.0,0.0,0.0
8280,0.9249999999999998,1.0,0.0,0.0,0.0,0.0
8281,0.905,1.0,0.0,0.0,0.0,0.0
8282,0.9416666666666665,1.0,0.0,0.0,0.0,0.0
8283,0.9116666666666666,1.0,0.0,0.0,0.0,0.0
8284,0.8916666666666667,1.0,0.0,0.0,0.0,0.0
8285,0.9216666666666667,1.0,0.0,0.0,0.0,0.0
8286,0.8983333333333334,1.0,0.0,0.0,0.0,0.0
8287,0.8916666666666668,1.0,0.0,0.0,0.0,0.0
8288,0.8949999999999999,1.0,0.0,0.0,0.0,0.0
8289,0.9966666666666666,1.0,0.0,0.0,0.0,0.0
8290,0.9983333333333333,1.0,0.0,0.0,0.0,0.0
8291,0.9966666666666666,1.0,0.0,0.0,0.0,0.0
8292,0.9966666666666667,0.99,0.0,0.01,0.0,0.0
8293,0.9975808005987392,0.98,0.0,0.02,0.0,0.0
8294,0.9933333333333334,0.98,0.0,0.02,0.0,0.0
8295,1.0,0.97,0.0,0.03,0.0,0.0
8296,1.0,0.97,0.0,0.03,0.0,0.0
8297,0.9933333333333333,0.99,0.0,0.01,0.0,0.0
8298,1.0,0.99,0.0,0.01,0.0,0.0
8299,0.9316666666666668,1.0,0.0,0.0,0.0,0.0
8300,0.9233333333333335,0.99,0.0,0.01,0.0,0.0
8301,0.9016666666666667,1.0,0.0,0.0,0.0,0.0
8302,0.905,1.0,0.0,0.0,0.0,0.0
8303,0.868874239556314,1.0,0.0,0.0,0.0,0.0
8304,0.9366666666666668,1.0,0.0,0.0,0.0,0.0
8305,0.9116666666666666,1.0,0.0,0.0,0.0,0.0
8306,0.9083333333333333,1.0,0.0,0.0,0.0,0.0
8307,0.8933333333333334,1.0,0.0,0.0,0.0,0.0
8308,0.93,1.0,0.0,0.0,0.0,0.0
8309,1.0,1.0,0.0,0.0,0.0,0.0
8310,0.9966666666666667,1.0,0.0,0.0,0.0,0.0
8311,0.9966666666666666,1.0,0.0,0.0,0.0,0.0
8312,1.0,1.0,0.0,0.0,0.0,0.0
8313,0.9966666666666667,1.0,0.0,0.0,0.0,0.0
8314,0.9983333333333333,1.0,0.0,0.0,0.0,0.0
8315,1.0,1.0,0.0,0.0,0.0,0.0
8316,1.0,1.0,0.0,0.0,0.0,0.0
8317,1.0,1.0,0.0,0.0,0.0,0.0
8318,0.9983333333333333,1.0,0.0,0.0,0.0,0.0
8319,0.8933333333333333,1.0,0.0,0.0,0.0,0.0
8320,0.8866666666666668,1.0,0.0,0.0,0.0,0.0
8321,0.9049999999999998,1.0,0.0,0.0,0.0,0.0
8322,0.9033333333333333,1.0,0.0,0.0,0.0,0.0
8323,0.8983333333333331,1.0,0.0,0.0,0.0,0.0
8324,0.9283333333333335,1.0,0.0,0.0,0.0,0.0
8325,0.8966666666666666,1.0,0.0,0.0,0.0,0.0
8326,0.8966666666666666,1.0,0.0,0.0,0.0,0.0
8327,0.9083333333333334,1.0,0.0,0.0,0.0,0.0
8328,0.9083333333333334,1.0,0.0,0.0,0.0,0.0
8329,0.9983333333333334,1.0,0.0,0.0,0.0,0.0
8330,0.9966666666666667,1.0,0.0,0.0,0.0,0.0
8331,1.0,1.0,0.0,0.0,0.0,0.0
8332,0.9983333333333334,1.0,0.0,0.0,0.0,0.0
8333,0.9966666666666667,1.0,0.0,0.0,0.0,0.0
8334,1.0,1.0,0.0,0.0,0.0,0.0
8335,0.9983333333333333,1.0,0.0,0.0,0.0,0.0
8336,0.9983333333333334,1.0,0.0,0.0,0.0,0.0
8337,0.9983333333333333,1.0,0.0,0.0,0.0,0.0
8338,1.0,1.0,0.0,0.0,0.0,0.0
8339,0.92,0.99,0.0,0.01,0.0,0.0
8340,0.915,1.0,0.0,0.0,0.0,0.0
8341,0.9133333333333333,1.0,0.0,0.0,0.0,0.0
8342,0.9116666666666667,1.0,0.0,0.0,0.0,0.0
8343,0.9366666666666668,1.0,0.0,0.0,0.0,0.0
8344,0.8983333333333333,0.99,0.0,0.01,0.0,0.0
8345,0.9099999999999998,0.99,0.0,0.01,0.0,0.0
8346,0.945,1.0,0.0,0.0,0.0,0.0
8347,0.91,1.0,0.0,0.0,0.0,0.0
8348,0.935,1.0,0.0,0.0,0.0,0.0
8349,0.9933333333333333,1.0,0.0,0.0,0.0,0.0
8350,0.9966666666666666,1.0,0.0,0.0,0.0,0.0
8351,0.9983333333333333,1.0,0.0,0.0,0.0,0.0
8352,1.0,1.0,0.0,0.0,0.0,0.0
8353,1.0,1.0,0.0,0.0,0.0,0.0
8354,0.9983333333333334,1.0,0.0,0.0,0.0,0.0
8355,1.0,1.0,0.0,0.0,0.0,0.0
8356,1.0,1.0,0.0,0.0,0.0,0.0
8357,1.0,0.99,0.0,0.01,0.0,0.0
8358,0.9983333333333333,1.0,0.0,0.0,0.0,0.0
8359,0.9000000000000001,1.0,0.0,0.0,0.0,0.0
8360,0.9,1.0,0.0,0.0,0.0,0.0
8361,0.9166666666666667,1.0,0.0,0.0,0.0,0.0
8362,0.925,1.0,0.0,0.0,0.0,0.0
8363,0.9016666666666667,1.0,0.0,0.0,0.0,0.0
8364,0.8983333333333334,1.0,0.0,0.0,0.0,0.0
8365,0.895,1.0,0.0,0.0,0.0,0.0
8366,0.9,1.0,0.0,0.0,0.0,0.0
8367,0.92,1.0,0.0,0.0,0.0,0.0
8368,0.885,1.0,0.0,0.0,0.0,0.0
8369,1.0,1.0,0.0,0.0,0.0,0.0
8370,0.9983333333333333,1.0,0.0,0.0,0.0,0.0
8371,0.9983333333333333,1.0,0.0,0.0,0.0,0.0
8372,1.0,1.0,0.0,0.0,0.0,0.0
8373,1.0,1.0,0.0,0.0,0.0,0.0
8374,0.995,0.99,0.0,0.01,0.0,0.0
8375,0.9916666666666667,0.99,0.0,0.0,0.01,0.0
8376,1.0,1.0,0.0,0.0,0.0,0.0
8377,0.9933333333333333,1.0,0.0,0.0,0.0,0.0
8378,0.9983333333333333,1.0,0.0,0.0,0.0,0.0
8379,0.925,1.0,0.0,0.0,0.0,0.0
8380,0.9183333333333334,1.0,0.0,0.0,0.0,0.0
8381,0.925,1.0,0.0,0.0,0.0,0.0
8382,0.9166666666666667,1.0,0.0,0.0,0.0,0.0
8383,0.9016666666666666,1.0,0.0,0.0,0.0,0.0
8384,0.915,1.0,0.0,0.0,0.0,0.0
8385,0.92,1.0,0.0,0.0,0.0,0.0
8386,0.9116666666666667,1.0,0.0,0.0,0.0,0.0
8387,0.8633333333333334,1.0,0.0,0.0,0.0,0.0
8388,0.8883333333333333,1.0,0.0,0.0,0.0,0.0
8389,0.9766666666666669,1.0,0.0,0.0,0.0,0.0
8390,0.9866666666666667,1.0,0.0,0.0,0.0,0.0
8391,0.9833333333333333,1.0,0.0,0.0,0.0,0.0
8392,0.985,0.99,0.0,0.0,0.01,0.0
8393,0.9933333333333333,0.98,0.0,0.0,0.02,0.0
8394,0.9950000000000001,0.99,0.0,0.0,0.01,0.0
8395,0.9983333333333333,1.0,0.0,0.0,0.0,0.0
8396,1.0,1.0,0.0,0.0,0.0,0.0
8397,1.0,1.0,0.0,0.0,0.0,0.0
8398,1.0,1.0,0.0,0.0,0.0,0.0
8399,0.9266666666666667,1.0,0.0,0.0,0.0,0.0
8400,0.9066666666666666,1.0,0.0,0.0,0.0,0.0
8401,0.905,1.0,0.0,0.0,0.0,0.0
8402,0.9266666666666667,1.0,0.0,0.0,0.0,0.0
8403,0.9233333333333333,1.0,0.0,0.0,0.0,0.0
8404,0.8933333333333334,1.0,0.0,0.0,0.0,0.0
8405,0.8766666666666667,1.0,0.0,0.0,0.0,0.0
8406,0.9133333333333334,0.99,0.0,0.0,0.01,0.0
8407,0.9333333333333332,0.95,0.0,0.0,0.05,0.0
8408,0.9266666666666667,0.95,0.0,0.0,0.05,0.0
8409,0.9733333333333336,0.92,0.0,0.0,0.08,0.0
8410,0.9766666666666669,0.93,0.0,0.0,0.07,0.0
8411,0.9700000000000002,0.94,0.0,0.0,0.06,0.0
8412,0.9766666666666669,0.93,0.0,0.0,0.07,0.0
8413,0.9816666666666667,0.95,0.0,0.0,0.05,0.0
8414,0.99,0.97,0.0,0.0,0.03,0.0
8415,0.9916666666666667,0.98,0.0,0.0,0.02,0.0
8416,0.9850000000000001,0.97,0.0,0.0,0.03,0.0
8417,0.9966666666666666,0.99,0.0,0.0,0.01,0.0
8418,1.0,1.0,0.0,0.0,0.0,0.0
8419,0.9066666666666667,1.0,0.0,0.0,0.0,0.0
8420,0.9250000000000002,1.0,0.0,0.0,0.0,0.0
8421,0.91,0.99,0.0,0.01,0.0,0.0
8422,0.9266666666666667,0.99,0.0,0.01,0.0,0.0
8423,0.8983333333333334,1.0,0.0,0.0,0.0,0.0
8424,0.9316666666666669,0.99,0.0,0.0,0.01,0.0
8425,0.9183333333333336,0.99,0.0,0.0,0.01,0.0
8426,0.91,0.98,0.0,0.0,0.02,0.0
8427,0.9083333333333333,0.95,0.0,0.0,0.05,0.0
8428,0.92,0.96,0.0,0.01,0.03,0.0
8429,0.985,0.95,0.0,0.01,0.04,0.0
8430,0.9983333333333333,0.99,0.0,0.0,0.01,0.0
8431,0.995,0.97,0.0,0.0,0.03,0.0
8432,0.995,0.98,0.0,0.0,0.02,0.0
8433,0.99,0.95,0.0,0.0,0.05,0.0
8434,0.9866666666666667,0.97,0.0,0.0,0.03,0.0
8435,0.9933333333333334,1.0,0.0,0.0,0.0,0.0
8436,0.9966666666666667,1.0,0.0,0.0,0.0,0.0
8437,1.0,1.0,0.0,0.0,0.0,0.0
8438,0.995,1.0,0.0,0.0,0.0,0.0
8439,0.8983333333333333,1.0,0.0,0.0,0.0,0.0
8440,0.9116666666666666,1.0,0.0,0.0,0.0,0.0
8441,0.8900000000000001,1.0,0.0,0.0,0.0,0.0
8442,0.8933333333333335,1.0,0.0,0.0,0.0,0.0
8443,0.9033333333333333,1.0,0.0,0.0,0.0,0.0
8444,0.9166666666666667,0.99,0.0,0.01,0.0,0.0
8445,0.9133333333333333,1.0,0.0,0.0,0.0,0.0
8446,0.8683333333333333,1.0,0.0,0.0,0.0,0.0
8447,0.9183333333333333,1.0,0.0,0.0,0.0,0.0
8448,0.9066666666666667,1.0,0.0,0.0,0.0,0.0
8449,1.0,1.0,0.0,0.0,0.0,0.0
8450,1.0,0.99,0.0,0.01,0.0,0.0
8451,1.0,1.0,0.0,0.0,0.0,0.0
8452,0.9966666666666667,1.0,0.0,0.0,0.0,0.0
8453,1.0,1.0,0.0,0.0,0.0,0.0
8454,0.9983333333333333,1.0,0.0,0.0,0.0,0.0
8455,1.0,1.0,0.0,0.0,0.0,0.0
8456,0.9983333333333333,1.0,0.0,0.0,0.0,0.0
8457,0.9950000000000001,1.0,0.0,0.0,0.0,0.0
8458,0.9966666666666667,1.0,0.0,0.0,0.0,0.0
8459,0.9116666666666666,1.0,0.0,0.0,0.0,0.0
8460,0.9116666666666667,1.0,0.0,0.0,0.0,0.0
8461,0.925,1.0,0.0,0.0,0.0,0.0
8462,0.8916666666666667,1.0,0.0,0.0,0.0,0.0
8463,0.8966666666666668,1.0,0.0,0.0,0.0,0.0
8464,0.9516666666666667,1.0,0.0,0.0,0.0,0.0
8465,0.8816666666666667,1.0,0.0,0.0,0.0,0.0
8466,0.9050000000000001,1.0,0.0,0.0,0.0,0.0
8467,0.8733333333333334,1.0,0.0,0.0,0.0,0.0
8468,0.9116666666666666,1.0,0.0,0.0,0.0,0.0
8469,0.985,1.0,0.0,0.0,0.0,0.0
8470,0.9833333333333334,1.0,0.0,0.0,0.0,0.0
8471,0.9933333333333333,1.0,0.0,0.0,0.0,0.0
8472,0.995,1.0,0.0,0.0,0.0,0.0
8473,0.99,1.0,0.0,0.0,0.0,0.0
8474,0.9966666666666666,1.0,0.0,0.0,0.0,0.0
8475,0.9983333333333334,1.0,0.0,0.0,0.0,0.0
8476,0.9955411566681623,0.99,0.0,0.0,0.01,0.0
8477,0.9966666666666667,1.0,0.0,0.0,0.0,0.0
8478,1.0,1.0,0.0,0.0,0.0,0.0
8479,0.9116666666666666,1.0,0.0,0.0,0.0,0.0
8480,0.9099999999999998,1.0,0.0,0.0,0.0,0.0
8481,0.8966666666666666,1.0,0.0,0.0,0.0,0.0
8482,0.9199999999999998,1.0,0.0,0.0,0.0,0.0
8483,0.9200000000000002,1.0,0.0,0.0,0.0,0.0
8484,0.8883333333333334,1.0,0.0,0.0,0.0,0.0
8485,0.9299999999999998,1.0,0.0,0.0,0.0,0.0
8486,0.9316666666666665,1.0,0.0,0.0,0.0,0.0
8487,0.9033333333333333,1.0,0.0,0.0,0.0,0.0
8488,0.9283333333333335,1.0,0.0,0.0,0.0,0.0
8489,1.0,1.0,0.0,0.0,0.0,0.0
8490,0.9966666666666666,1.0,0.0,0.0,0.0,0.0
8491,1.0,1.0,0.0,0.0,0.0,0.0
8492,1.0,1.0,0.0,0.0,0.0,0.0
8493,0.9983333333333333,1.0,0.0,0.0,0.0,0.0
8494,1.0,1.0,0.0,0.0,0.0,0.0
8495,1.0,1.0,0.0,0.0,0.0,0.0
8496,0.9983333333333333,1.0,0.0,0.0,0.0,0.0
8497,1.0,1.0,0.0,0.0,0.0,0.0
8498,1.0,0.99,0.0,0.01,0.0,0.0
8499,0.9216666666666664,0.99,0.0,0.0,0.01,0.0
8500,0.8983333333333333,0.95,0.0,0.0,0.05,0.0
8501,0.9183333333333333,0.94,0.0,0.0,0.06,0.0
8502,0.9016666666666667,0.92,0.0,0.0,0.08,0.0
8503,0.8983333333333333,0.9,0.0,0.0,0.1,0.0
8504,0.92,0.9,0.0,0.0,0.1,0.0
8505,0.8933333333333333,0.88,0.0,0.0,0.12,0.0
8506,0.9050000000000001,0.89,0.0,0.0,0.11,0.0
8507,0.9166666666666667,0.9,0.0,0.0,0.1,0.0
8508,0.9333333333333335,0.9,0.0,0.0,0.1,0.0
8509,0.9833333333333333,0.89,0.0,0.01,0.1,0.0
8510,0.9883333333333334,0.93,0.0,0.0,0.07,0.0
8511,0.9916666666666667,0.97,0.0,0.0,0.03,0.0
8512,0.9983333333333333,1.0,0.0,0.0,0.0,0.0
8513,1.0,1.0,0.0,0.0,0.0,0.0
8514,0.9916666666666666,1.0,0.0,0.0,0.0,0.0
8515,1.0,1.0,0.0,0.0,0.0,0.0
8516,0.9966666666666667,1.0,0.0,0.0,0.0,0.0
8517,0.995,1.0,0.0,0.0,0.0,0.0
8518,1.0,1.0,0.0,0.0,0.0,0.0
8519,0.9266666666666665,1.0,0.0,0.0,0.0,0.0
8520,0.8800000000000001,1.0,0.0,0.0,0.0,0.0
8521,0.8966666666666668,1.0,0.0,0.0,0.0,0.0
8522,0.9083333333333333,1.0,0.0,0.0,0.0,0.0
8523,0.88,0.99,0.0,0.01,0.0,0.0
8524,0.8933333333333334,1.0,0.0,0.0,0.0,0.0
8525,0.9166666666666665,1.0,0.0,0.0,0.0,0.0
8526,0.9133333333333333,1.0,0.0,0.0,0.0,0.0
8527,0.9383333333333332,1.0,0.0,0.0,0.0,0.0
8528,0.9183333333333333,1.0,0.0,0.0,0.0,0.0
8529,1.0,1.0,0.0,0.0,0.0,0.0
8530,0.9983333333333334,1.0,0.0,0.0,0.0,0.0
8531,1.0,1.0,0.0,0.0,0.0,0.0
8532,1.0,0.99,0.0,0.01,0.0,0.0
8533,0.9966666666666666,0.98,0.0,0.02,0.0,0.0
8534,1.0,0.98,0.0,0.02,0.0,0.0
8535,0.995,0.98,0.0,0.02,0.0,0.0
8536,1.0,1.0,0.0,0.0,0.0,0.0
8537,1.0,1.0,0.0,0.0,0.0,0.0
8538,1.0,1.0,0.0,0.0,0.0,0.0
8539,0.9333333333333335,1.0,0.0,0.0,0.0,0.0
8540,0.9216666666666667,0.99,0.0,0.0,0.01,0.0
8541,0.9316666666666668,1.0,0.0,0.0,0.0,0.0
8542,0.9216666666666667,1.0,0.0,0.0,0.0,0.0
8543,0.9383333333333332,1.0,0.0,0.0,0.0,0.0
8544,0.9399999999999998,1.0,0.0,0.0,0.0,0.0
8545,0.9,1.0,0.0,0.0,0.0,0.0
8546,0.9033333333333333,1.0,0.0,0.0,0.0,0.0
8547,0.9166666666666667,1.0,0.0,0.0,0.0,0.0
8548,0.925,1.0,0.0,0.0,0.0,0.0
8549,1.0,1.0,0.0,0.0,0.0,0.0
8550,1.0,1.0,0.0,0.0,0.0,0.0
8551,1.0,1.0,0.0,0.0,0.0,0.0
8552,0.9966666666666666,1.0,0.0,0.0,0.0,0.0
8553,1.0,1.0,0.0,0.0,0.0,0.0
8554,0.9966666666666666,1.0,0.0,0.0,0.0,0.0
8555,1.0,1.0,0.0,0.0,0.0,0.0
8556,0.9933333333333334,1.0,0.0,0.0,0.0,0.0
8557,0.9966666666666667,1.0,0.0,0.0,0.0,0.0
8558,1.0,1.0,0.0,0.0,0.0,0.0
8559,0.9216666666666667,1.0,0.0,0.0,0.0,0.0
8560,0.9216666666666665,1.0,0.0,0.0,0.0,0.0
8561,0.9183333333333333,1.0,0.0,0.0,0.0,0.0
8562,0.915,1.0,0.0,0.0,0.0,0.0
8563,0.9233333333333333,1.0,0.0,0.0,0.0,0.0
8564,0.9016666666666666,1.0,0.0,0.0,0.0,0.0
8565,0.9066666666666667,1.0,0.0,0.0,0.0,0.0
8566,0.9066666666666668,1.0,0.0,0.0,0.0,0.0
8567,0.915,1.0,0.0,0.0,0.0,0.0
8568,0.9250000000000002,1.0,0.0,0.0,0.0,0.0
8569,1.0,0.99,0.0,0.01,0.0,0.0
8570,1.0,0.98,0.0,0.02,0.0,0.0
8571,0.9966666666666667,0.99,0.0,0.01,0.0,0.0
8572,0.9966666666666666,0.98,0.0,0.01,0.0,0.01
8573,1.0,0.99,0.0,0.01,0.0,0.0
8574,1.0,0.99,0.0,0.01,0.0,0.0
8575,1.0,1.0,0.0,0.0,0.0,0.0
8576,0.9966666666666667,1.0,0.0,0.0,0.0,0.0
8577,1.0,1.0,0.0,0.0,0.0,0.0
8578,0.9983333333333333,1.0,0.0,0.0,0.0,0.0
8579,0.9066666666666667,1.0,0.0,0.0,0.0,0.0
8580,0.9316666666666669,1.0,0.0,0.0,0.0,0.0
8581,0.8816666666666667,1.0,0.0,0.0,0.0,0.0
8582,0.9266666666666667,1.0,0.0,0.0,0.0,0.0
8583,0.9000000000000001,1.0,0.0,0.0,0.0,0.0
8584,0.92,0.99,0.0,0.01,0.0,0.0
8585,0.9549999999999998,1.0,0.0,0.0,0.0,0.0
8586,0.935,1.0,0.0,0.0,0.0,0.0
8587,0.945,1.0,0.0,0.0,0.0,0.0
8588,0.9466666666666665,1.0,0.0,0.0,0.0,0.0
8589,0.9966666666666667,1.0,0.0,0.0,0.0,0.0
8590,0.9966666666666666,1.0,0.0,0.0,0.0,0.0
8591,0.9966666666666666,1.0,0.0,0.0,0.0,0.0
8592,0.995,1.0,0.0,0.0,0.0,0.0
8593,1.0,1.0,0.0,0.0,0.0,0.0
8594,1.0,1.0,0.0,0.0,0.0,0.0
8595,0.9950000000000001,1.0,0.0,0.0,0.0,0.0
8596,0.9966666666666667,1.0,0.0,0.0,0.0,0.0
8597,1.0,1.0,0.0,0.0,0.0,0.0
8598,0.9983333333333333,1.0,0.0,0.0,0.0,0.0
8599,0.9016666666666667,0.99,0.0,0.0,0.01,0.0
8600,0.9200000000000002,0.99,0.0,0.0,0.01,0.0
8601,0.9116666666666667,0.96,0.0,0.0,0.04,0.0
8602,0.915,0.93,0.0,0.0,0.07,0.0
8603,0.89,0.92,0.0,0.0,0.08,0.0
8604,0.9100000000000001,0.88,0.0,0.01,0.11,0.0
8605,0.9416666666666668,0.94,0.0,0.01,0.05,0.0
8606,0.9283333333333332,0.97,0.0,0.01,0.02,0.0
8607,0.9016666666666667,0.95,0.0,0.01,0.04,0.0
8608,0.9050000000000001,0.98,0.0,0.0,0.02,0.0
8609,0.9816666666666666,0.94,0.0,0.0,0.06,0.0
8610,0.9866666666666666,0.96,0.0,0.0,0.04,0.0
8611,0.9916666666666666,0.96,0.0,0.0,0.04,0.0
8612,0.9933333333333333,0.97,0.0,0.0,0.03,0.0
8613,0.9949999999999999,0.97,0.0,0.0,0.03,0.0
8614,0.9899999999999999,0.96,0.0,0.0,0.04,0.0
8615,0.995,0.97,0.0,0.0,0.03,0.0
8616,0.9966666666666667,1.0,0.0,0.0,0.0,0.0
8617,0.9966341437104309,0.99,0.0,0.0,0.01,0.0
8618,0.9999674770437642,0.99,0.0,0.0,0.01,0.0
8619,0.8983333333333334,0.99,0.0,0.0,0.01,0.0
8620,0.8866666666666667,1.0,0.0,0.0,0.0,0.0
8621,0.9133333333333333,1.0,0.0,0.0,0.0,0.0
8622,0.9133333333333333,1.0,0.0,0.0,0.0,0.0
8623,0.8983333333333333,1.0,0.0,0.0,0.0,0.0
8624,0.8666666666666667,1.0,0.0,0.0,0.0,0.0
8625,0.8892444332509639,0.99,0.0,0.01,0.0,0.0
8626,0.9204465092973209,0.98,0.0,0.02,0.0,0.0
8627,0.8999999999999999,1.0,0.0,0.0,0.0,0.0
8628,0.9083333333333334,1.0,0.0,0.0,0.0,0.0
8629,0.9966666666666666,1.0,0.0,0.0,0.0,0.0
8630,0.9983333333333334,1.0,0.0,0.0,0.0,0.0
8631,1.0,1.0,0.0,0.0,0.0,0.0
8632,0.9983333333333333,1.0,0.0,0.0,0.0,0.0
8633,0.9983333333333333,1.0,0.0,0.0,0.0,0.0
8634,0.9983333333333334,1.0,0.0,0.0,0.0,0.0
8635,1.0,1.0,0.0,0.0,0.0,0.0
8636,1.0,1.0,0.0,0.0,0.0,0.0
8637,0.9949999999999999,1.0,0.0,0.0,0.0,0.0
8638,0.9933333333333333,1.0,0.0,0.0,0.0,0.0
8639,0.9033333333333333,1.0,0.0,0.0,0.0,0.0
8640,0.8883333333333333,1.0,0.0,0.0,0.0,0.0
8641,0.96,1.0,0.0,0.0,0.0,0.0
8642,0.8866666666666668,1.0,0.0,0.0,0.0,0.0
8643,0.9116666666666667,0.99,0.0,0.01,0.0,0.0
8644,0.9216666666666665,0.99,0.0,0.01,0.0,0.0
8645,0.9066666666666667,1.0,0.0,0.0,0.0,0.0
8646,0.9133333333333334,1.0,0.0,0.0,0.0,0.0
8647,0.9350000000000002,1.0,0.0,0.0,0.0,0.0
8648,0.8966666666666667,1.0,0.0,0.0,0.0,0.0
8649,0.9966666666666667,1.0,0.0,0.0,0.0,0.0
8650,1.0,1.0,0.0,0.0,0.0,0.0
8651,1.0,1.0,0.0,0.0,0.0,0.0
8652,1.0,1.0,0.0,0.0,0.0,0.0
8653,0.9916666666666667,1.0,0.0,0.0,0.0,0.0
8654,1.0,1.0,0.0,0.0,0.0,0.0
8655,0.9966666666666667,1.0,0.0,0.0,0.0,0.0
8656,1.0,1.0,0.0,0.0,0.0,0.0
8657,1.0,1.0,0.0,0.0,0.0,0.0
8658,1.0,0.99,0.0,0.01,0.0,0.0
8659,0.9066666666666667,0.99,0.0,0.01,0.0,0.0
8660,0.9066666666666668,0.99,0.0,0.01,0.0,0.0
8661,0.9,1.0,0.0,0.0,0.0,0.0
8662,0.9016666666666666,0.99,0.0,0.01,0.0,0.0
8663,0.9166666666666665,0.99,0.0,0.01,0.0,0.0
8664,0.9133333333333333,0.98,0.0,0.02,0.0,0.0
8665,0.9016666666666667,0.99,0.0,0.01,0.0,0.0
8666,0.9033333333333334,0.99,0.0,0.01,0.0,0.0
8667,0.9233333333333335,0.99,0.0,0.01,0.0,0.0
8668,0.87,1.0,0.0,0.0,0.0,0.0
8669,0.9966666666666666,1.0,0.0,0.0,0.0,0.0
8670,0.9983333333333333,1.0,0.0,0.0,0.0,0.0
8671,0.9966666666666667,1.0,0.0,0.0,0.0,0.0
8672,1.0,1.0,0.0,0.0,0.0,0.0
8673,0.9933333333333333,1.0,0.0,0.0,0.0,0.0
8674,0.9966666666666667,1.0,0.0,0.0,0.0,0.0
8675,1.0,1.0,0.0,0.0,0.0,0.0
8676,0.9966666666666666,1.0,0.0,0.0,0.0,0.0
8677,1.0,1.0,0.0,0.0,0.0,0.0
8678,1.0,0.99,0.0,0.01,0.0,0.0
8679,0.8983333333333333,0.99,0.0,0.01,0.0,0.0
8680,0.9149999999999998,0.99,0.0,0.01,0.0,0.0
8681,0.9183333333333333,1.0,0.0,0.0,0.0,0.0
8682,0.9283333333333332,1.0,0.0,0.0,0.0,0.0
8683,0.89,1.0,0.0,0.0,0.0,0.0
8684,0.9316666666666668,1.0,0.0,0.0,0.0,0.0
8685,0.9033333333333334,0.99,0.0,0.01,0.0,0.0
8686,0.91,1.0,0.0,0.0,0.0,0.0
8687,0.9,1.0,0.0,0.0,0.0,0.0
8688,0.9216666666666667,1.0,0.0,0.0,0.0,0.0
8689,0.9916666666666667,1.0,0.0,0.0,0.0,0.0
8690,0.9983333333333334,1.0,0.0,0.0,0.0,0.0
8691,0.9983333333333333,1.0,0.0,0.0,0.0,0.0
8692,1.0,1.0,0.0,0.0,0.0,0.0
8693,1.0,1.0,0.0,0.0,0.0,0.0
8694,0.9966666666666667,1.0,0.0,0.0,0.0,0.0
8695,1.0,1.0,0.0,0.0,0.0,0.0
8696,1.0,1.0,0.0,0.0,0.0,0.0
8697,0.9966666666666666,1.0,0.0,0.0,0.0,0.0
8698,0.9966666666666667,1.0,0.0,0.0,0.0,0.0
8699,0.8933333333333334,1.0,0.0,0.0,0.0,0.0
8700,0.94,1.0,0.0,0.0,0.0,0.0
8701,0.9066666666666667,1.0,0.0,0.0,0.0,0.0
8702,0.9466666666666669,1.0,0.0,0.0,0.0,0.0
8703,0.89,1.0,0.0,0.0,0.0,0.0
8704,0.9033333333333334,1.0,0.0,0.0,0.0,0.0
8705,0.9166666666666667,1.0,0.0,0.0,0.0,0.0
8706,0.9233333333333333,1.0,0.0,0.0,0.0,0.0
8707,0.9066666666666666,0.99,0.0,0.01,0.0,0.0
8708,0.9333333333333335,1.0,0.0,0.0,0.0,0.0
8709,0.9949999999999999,1.0,0.0,0.0,0.0,0.0
8710,0.9983333333333333,1.0,0.0,0.0,0.0,0.0
8711,0.9933333333333334,1.0,0.0,0.0,0.0,0.0
8712,0.9983333333333333,1.0,0.0,0.0,0.0,0.0
8713,1.0,1.0,0.0,0.0,0.0,0.0
8714,1.0,0.99,0.0,0.01,0.0,0.0
8715,0.9933333333333333,0.95,0.0,0.05,0.0,0.0
8716,0.9833333333333334,0.95,0.0,0.05,0.0,0.0
8717,0.9933333333333334,0.94,0.0,0.06,0.0,0.0
8718,0.9933333333333333,0.94,0.0,0.06,0.0,0.0
8719,0.935,0.98,0.0,0.02,0.0,0.0
8720,0.9116666666666667,1.0,0.0,0.0,0.0,0.0
8721,0.9,1.0,0.0,0.0,0.0,0.0
8722,0.9100000000000001,1.0,0.0,0.0,0.0,0.0
8723,0.8683333333333333,1.0,0.0,0.0,0.0,0.0
8724,0.8916666666666667,1.0,0.0,0.0,0.0,0.0
8725,0.925,1.0,0.0,0.0,0.0,0.0
8726,0.9,1.0,0.0,0.0,0.0,0.0
8727,0.9466666666666668,1.0,0.0,0.0,0.0,0.0
8728,0.9033333333333334,1.0,0.0,0.0,0.0,0.0
8729,1.0,1.0,0.0,0.0,0.0,0.0
8730,0.9983333333333333,1.0,0.0,0.0,0.0,0.0
8731,0.9983333333333333,1.0,0.0,0.0,0.0,0.0
8732,0.9983333333333334,1.0,0.0,0.0,0.0,0.0
8733,0.9966666666666666,1.0,0.0,0.0,0.0,0.0
8734,0.9916666666666667,1.0,0.0,0.0,0.0,0.0
8735,1.0,1.0,0.0,0.0,0.0,0.0
8736,0.9983333333333333,1.0,0.0,0.0,0.0,0.0
8737,0.9933333333333334,1.0,0.0,0.0,0.0,0.0
8738,0.9983333333333334,0.98,0.0,0.02,0.0,0.0
8739,0.885,0.99,0.0,0.01,0.0,0.0
8740,0.875,1.0,0.0,0.0,0.0,0.0
8741,0.92,0.99,0.0,0.01,0.0,0.0
8742,0.935,1.0,0.0,0.0,0.0,0.0
8743,0.9416666666666668,1.0,0.0,0.0,0.0,0.0
8744,0.9083333333333333,1.0,0.0,0.0,0.0,0.0
8745,0.9083333333333333,1.0,0.0,0.0,0.0,0.0
8746,0.9199999999999998,1.0,0.0,0.0,0.0,0.0
8747,0.9183333333333333,1.0,0.0,0.0,0.0,0.0
8748,0.93,1.0,0.0,0.0,0.0,0.0
8749,0.9966666666666667,1.0,0.0,0.0,0.0,0.0
8750,1.0,1.0,0.0,0.0,0.0,0.0
8751,0.99,1.0,0.0,0.0,0.0,0.0
8752,0.9983333333333333,1.0,0.0,0.0,0.0,0.0
8753,1.0,1.0,0.0,0.0,0.0,0.0
8754,0.9966666666666666,1.0,0.0,0.0,0.0,0.0
8755,0.9983333333333333,1.0,0.0,0.0,0.0,0.0
8756,1.0,0.99,0.0,0.01,0.0,0.0
8757,1.0,0.97,0.0,0.03,0.0,0.0
8758,0.9983333333333333,0.98,0.0,0.02,0.0,0.0
8759,0.8916666666666666,0.99,0.0,0.01,0.0,0.0
8760,0.9116666666666668,0.99,0.0,0.01,0.0,0.0
8761,0.9400000000000002,1.0,0.0,0.0,0.0,0.0
8762,0.9216666666666667,1.0,0.0,0.0,0.0,0.0
8763,0.9016666666666667,1.0,0.0,0.0,0.0,0.0
8764,0.8933333333333333,0.99,0.0,0.01,0.0,0.0
8765,0.8983333333333334,1.0,0.0,0.0,0.0,0.0
8766,0.9166666666666669,1.0,0.0,0.0,0.0,0.0
8767,0.895,1.0,0.0,0.0,0.0,0.0
8768,0.9283333333333335,1.0,0.0,0.0,0.0,0.0
8769,0.9983333333333334,1.0,0.0,0.0,0.0,0.0
8770,1.0,1.0,0.0,0.0,0.0,0.0
8771,0.9983333333333333,1.0,0.0,0.0,0.0,0.0
8772,1.0,1.0,0.0,0.0,0.0,0.0
8773,0.9966666666666667,1.0,0.0,0.0,0.0,0.0
8774,1.0,1.0,0.0,0.0,0.0,0.0
8775,0.9983333333333334,1.0,0.0,0.0,0.0,0.0
8776,1.0,1.0,0.0,0.0,0.0,0.0
8777,0.9966666666666666,1.0,0.0,0.0,0.0,0.0
8778,0.9966666666666667,1.0,0.0,0.0,0.0,0.0
8779,0.895,1.0,0.0,0.0,0.0,0.0
8780,0.9200000000000002,1.0,0.0,0.0,0.0,0.0
8781,0.895,1.0,0.0,0.0,0.0,0.0
8782,0.9183333333333333,1.0,0.0,0.0,0.0,0.0
8783,0.8983333333333333,1.0,0.0,0.0,0.0,0.0
8784,0.8999999999999999,0.99,0.0,0.01,0.0,0.0
8785,0.8983333333333334,0.99,0.0,0.01,0.0,0.0
8786,0.9133333333333333,1.0,0.0,0.0,0.0,0.0
8787,0.8716666666666668,1.0,0.0,0.0,0.0,0.0
8788,0.91,1.0,0.0,0.0,0.0,0.0
8789,1.0,1.0,0.0,0.0,0.0,0.0
8790,0.9966666666666667,1.0,0.0,0.0,0.0,0.0
8791,0.9966666666666667,1.0,0.0,0.0,0.0,0.0
8792,1.0,1.0,0.0,0.0,0.0,0.0
8793,1.0,1.0,0.0,0.0,0.0,0.0
8794,1.0,1.0,0.0,0.0,0.0,0.0
8795,0.998495558931303,1.0,0.0,0.0,0.0,0.0
8796,0.9951622255979697,1.0,0.0,0.0,0.0,0.0
8797,0.9968288922646364,1.0,0.0,0.0,0.0,0.0
8798,0.9936577845292726,1.0,0.0,0.0,0.0,0.0
8799,0.87,0.99,0.0,0.0,0.01,0.0
8800,0.8983333333333333,0.99,0.0,0.0,0.01,0.0
8801,0.9283333333333332,0.99,0.0,0.0,0.01,0.0
8802,0.9233333333333333,1.0,0.0,0.0,0.0,0.0
8803,0.9100000000000001,1.0,0.0,0.0,0.0,0.0
8804,0.9166666666666667,1.0,0.0,0.0,0.0,0.0
8805,0.9050000000000001,1.0,0.0,0.0,0.0,0.0
8806,0.9233333333333335,1.0,0.0,0.0,0.0,0.0
8807,0.9166666666666667,1.0,0.0,0.0,0.0,0.0
8808,0.91,1.0,0.0,0.0,0.0,0.0
8809,0.9966666666666667,1.0,0.0,0.0,0.0,0.0
8810,1.0,1.0,0.0,0.0,0.0,0.0
8811,1.0,1.0,0.0,0.0,0.0,0.0
8812,1.0,1.0,0.0,0.0,0.0,0.0
8813,1.0,1.0,0.0,0.0,0.0,0.0
8814,0.9983333333333334,0.99,0.0,0.01,0.0,0.0
8815,0.9966666666666667,0.99,0.0,0.01,0.0,0.0
8816,1.0,0.97,0.0,0.03,0.0,0.0
8817,1.0,0.97,0.0,0.03,0.0,0.0
8818,0.9966666666666666,0.98,0.0,0.02,0.0,0.0
8819,0.8566666666666666,0.95,0.0,0.05,0.0,0.0
8820,0.91,0.98,0.0,0.02,0.0,0.0
8821,0.9133333333333334,1.0,0.0,0.0,0.0,0.0
8822,0.945,1.0,0.0,0.0,0.0,0.0
8823,0.8766666666666666,1.0,0.0,0.0,0.0,0.0
8824,0.9200000000000002,1.0,0.0,0.0,0.0,0.0
8825,0.9116666666666667,1.0,0.0,0.0,0.0,0.0
8826,0.9216666666666665,1.0,0.0,0.0,0.0,0.0
8827,0.9199636837244616,1.0,0.0,0.0,0.0,0.0
8828,0.91,1.0,0.0,0.0,0.0,0.0
8829,1.0,1.0,0.0,0.0,0.0,0.0
8830,1.0,1.0,0.0,0.0,0.0,0.0
8831,0.9933333333333334,1.0,0.0,0.0,0.0,0.0
8832,1.0,1.0,0.0,0.0,0.0,0.0
8833,0.99,1.0,0.0,0.0,0.0,0.0
8834,0.9966666666666667,1.0,0.0,0.0,0.0,0.0
8835,0.9966666666666666,1.0,0.0,0.0,0.0,0.0
8836,0.9950000000000001,1.0,0.0,0.0,0.0,0.0
8837,0.9966666666666666,1.0,0.0,0.0,0.0,0.0
8838,1.0,1.0,0.0,0.0,0.0,0.0
8839,0.8983333333333334,0.99,0.0,0.01,0.0,0.0
8840,0.92,1.0,0.0,0.0,0.0,0.0
8841,0.9166666666666667,1.0,0.0,0.0,0.0,0.0
8842,0.9116666666666666,1.0,0.0,0.0,0.0,0.0
8843,0.905,1.0,0.0,0.0,0.0,0.0
8844,0.9216666666666667,1.0,0.0,0.0,0.0,0.0
8845,0.9183333333333334,1.0,0.0,0.0,0.0,0.0
8846,0.8950000000000001,1.0,0.0,0.0,0.0,0.0
8847,0.9350000000000002,1.0,0.0,0.0,0.0,0.0
8848,0.9166666666666667,1.0,0.0,0.0,0.0,0.0
8849,1.0,1.0,0.0,0.0,0.0,0.0
8850,1.0,1.0,0.0,0.0,0.0,0.0
8851,1.0,1.0,0.0,0.0,0.0,0.0
8852,1.0,1.0,0.0,0.0,0.0,0.0
8853,1.0,1.0,0.0,0.0,0.0,0.0
8854,1.0,1.0,0.0,0.0,0.0,0.0
8855,0.9966666666666667,0.99,0.0,0.0,0.01,0.0
8856,1.0,1.0,0.0,0.0,0.0,0.0
8857,1.0,1.0,0.0,0.0,0.0,0.0
8858,0.9966666666666667,1.0,0.0,0.0,0.0,0.0
8859,0.89,0.99,0.0,0.01,0.0,0.0
8860,0.8983333333333334,1.0,0.0,0.0,0.0,0.0
8861,0.9066666666666667,1.0,0.0,0.0,0.0,0.0
8862,0.8716666666666666,1.0,0.0,0.0,0.0,0.0
8863,0.895,1.0,0.0,0.0,0.0,0.0
8864,0.8966666666666666,1.0,0.0,0.0,0.0,0.0
8865,0.9233333333333335,1.0,0.0,0.0,0.0,0.0
8866,0.8983333333333331,1.0,0.0,0.0,0.0,0.0
8867,0.9000000000000001,1.0,0.0,0.0,0.0,0.0
8868,0.9483333333333333,1.0,0.0,0.0,0.0,0.0
8869,1.0,1.0,0.0,0.0,0.0,0.0
8870,0.9966666666666667,1.0,0.0,0.0,0.0,0.0
8871,1.0,1.0,0.0,0.0,0.0,0.0
8872,1.0,1.0,0.0,0.0,0.0,0.0
8873,0.9983333333333333,0.99,0.0,0.0,0.01,0.0
8874,0.9969066926736281,0.99,0.0,0.0,0.01,0.0
8875,0.9985733593402947,0.99,0.0,0.0,0.01,0.0
8876,0.9952400260069614,0.99,0.0,0.0,0.01,0.0
8877,1.0,1.0,0.0,0.0,0.0,0.0
8878,1.0,1.0,0.0,0.0,0.0,0.0
8879,0.8983333333333334,1.0,0.0,0.0,0.0,0.0
8880,0.9283333333333335,1.0,0.0,0.0,0.0,0.0
8881,0.9349999999999998,1.0,0.0,0.0,0.0,0.0
8882,0.9300000000000002,1.0,0.0,0.0,0.0,0.0
8883,0.9316666666666668,1.0,0.0,0.0,0.0,0.0
8884,0.8983333333333334,1.0,0.0,0.0,0.0,0.0
8885,0.8932754610217047,0.99,0.0,0.01,0.0,0.0
8886,0.87,1.0,0.0,0.0,0.0,0.0
8887,0.9000000000000001,1.0,0.0,0.0,0.0,0.0
8888,0.9183333333333333,1.0,0.0,0.0,0.0,0.0
8889,1.0,1.0,0.0,0.0,0.0,0.0
8890,1.0,1.0,0.0,0.0,0.0,0.0
8891,0.9966666666666666,1.0,0.0,0.0,0.0,0.0
8892,0.9983333333333334,1.0,0.0,0.0,0.0,0.0
8893,0.995,1.0,0.0,0.0,0.0,0.0
8894,1.0,1.0,0.0,0.0,0.0,0.0
8895,0.9966666666666667,1.0,0.0,0.0,0.0,0.0
8896,1.0,1.0,0.0,0.0,0.0,0.0
8897,0.9983333333333333,1.0,0.0,0.0,0.0,0.0
8898,0.9966666666666667,1.0,0.0,0.0,0.0,0.0
8899,0.9033333333333333,1.0,0.0,0.0,0.0,0.0
8900,0.915,1.0,0.0,0.0,0.0,0.0
8901,0.9216666666666667,1.0,0.0,0.0,0.0,0.0
8902,0.9200000000000002,1.0,0.0,0.0,0.0,0.0
8903,0.91,1.0,0.0,0.0,0.0,0.0
8904,0.9400000000000002,1.0,0.0,0.0,0.0,0.0
8905,0.9366666666666669,1.0,0.0,0.0,0.0,0.0
8906,0.9233333333333335,1.0,0.0,0.0,0.0,0.0
8907,0.9183333333333334,1.0,0.0,0.0,0.0,0.0
8908,0.9283333333333335,0.99,0.0,0.0,0.01,0.0
8909,0.9966666666666667,1.0,0.0,0.0,0.0,0.0
8910,1.0,1.0,0.0,0.0,0.0,0.0
8911,0.9933333333333333,1.0,0.0,0.0,0.0,0.0
8912,1.0,1.0,0.0,0.0,0.0,0.0
8913,1.0,1.0,0.0,0.0,0.0,0.0
8914,0.9966666666666667,0.99,0.0,0.0,0.01,0.0
8915,0.9916666666666667,0.98,0.0,0.0,0.02,0.0
8916,0.9896309106485067,0.97,0.0,0.0,0.03,0.0
8917,0.9933333333333333,0.99,0.0,0.0,0.01,0.0
8918,0.995,0.98,0.0,0.0,0.02,0.0
8919,0.9150000000000001,1.0,0.0,0.0,0.0,0.0
8920,0.92,1.0,0.0,0.0,0.0,0.0
8921,0.8916666666666666,1.0,0.0,0.0,0.0,0.0
8922,0.925,1.0,0.0,0.0,0.0,0.0
8923,0.9033333333333333,1.0,0.0,0.0,0.0,0.0
8924,0.9149999999999998,1.0,0.0,0.0,0.0,0.0
8925,0.9016666666666666,1.0,0.0,0.0,0.0,0.0
8926,0.9265186857364581,0.98,0.0,0.0,0.02,0.0
8927,0.8983333333333333,0.99,0.0,0.0,0.01,0.0
8928,0.9133333333333334,0.97,0.0,0.0,0.03,0.0
8929,0.9866666666666667,0.96,0.0,0.0,0.04,0.0
8930,0.9866666666666667,0.97,0.0,0.0,0.03,0.0
8931,0.9983333333333334,1.0,0.0,0.0,0.0,0.0
8932,0.9966666666666666,1.0,0.0,0.0,0.0,0.0
8933,0.9966666666666666,1.0,0.0,0.0,0.0,0.0
8934,1.0,1.0,0.0,0.0,0.0,0.0
8935,0.9983333333333333,1.0,0.0,0.0,0.0,0.0
8936,0.9966666666666667,1.0,0.0,0.0,0.0,0.0
8937,1.0,1.0,0.0,0.0,0.0,0.0
8938,1.0,1.0,0.0,0.0,0.0,0.0
8939,0.8833333333333333,1.0,0.0,0.0,0.0,0.0
8940,0.9066666666666666,1.0,0.0,0.0,0.0,0.0
8941,0.8983333333333334,0.99,0.0,0.01,0.0,0.0
8942,0.9,1.0,0.0,0.0,0.0,0.0
8943,0.9116666666666667,1.0,0.0,0.0,0.0,0.0
8944,0.9133333333333333,1.0,0.0,0.0,0.0,0.0
8945,0.905,1.0,0.0,0.0,0.0,0.0
8946,0.9316666666666668,1.0,0.0,0.0,0.0,0.0
8947,0.8916666666666667,1.0,0.0,0.0,0.0,0.0
8948,0.8716666666666667,1.0,0.0,0.0,0.0,0.0
8949,1.0,1.0,0.0,0.0,0.0,0.0
8950,1.0,1.0,0.0,0.0,0.0,0.0
8951,0.995,1.0,0.0,0.0,0.0,0.0
8952,0.9966666666666666,1.0,0.0,0.0,0.0,0.0
8953,1.0,1.0,0.0,0.0,0.0,0.0
8954,1.0,1.0,0.0,0.0,0.0,0.0
8955,0.9933333333333334,0.99,0.0,0.0,0.01,0.0
8956,0.9966666666666667,0.99,0.0,0.0,0.01,0.0
8957,0.985,0.97,0.0,0.0,0.03,0.0
8958,0.9933333333333333,0.99,0.0,0.0,0.01,0.0
8959,0.9033333333333333,1.0,0.0,0.0,0.0,0.0
8960,0.9,0.99,0.0,0.01,0.0,0.0
8961,0.8833333333333333,1.0,0.0,0.0,0.0,0.0
8962,0.9133333333333334,1.0,0.0,0.0,0.0,0.0
8963,0.9049999999999998,1.0,0.0,0.0,0.0,0.0
8964,0.89,1.0,0.0,0.0,0.0,0.0
8965,0.9133333333333333,1.0,0.0,0.0,0.0,0.0
8966,0.9016666666666666,1.0,0.0,0.0,0.0,0.0
8967,0.9066666666666666,1.0,0.0,0.0,0.0,0.0
8968,0.9033333333333334,1.0,0.0,0.0,0.0,0.0
8969,0.9983333333333334,1.0,0.0,0.0,0.0,0.0
8970,1.0,1.0,0.0,0.0,0.0,0.0
8971,1.0,1.0,0.0,0.0,0.0,0.0
8972,0.9983333333333333,1.0,0.0,0.0,0.0,0.0
8973,0.9983333333333333,1.0,0.0,0.0,0.0,0.0
8974,1.0,1.0,0.0,0.0,0.0,0.0
8975,1.0,1.0,0.0,0.0,0.0,0.0
8976,1.0,1.0,0.0,0.0,0.0,0.0
8977,0.9966666666666667,1.0,0.0,0.0,0.0,0.0
8978,0.9966666666666667,1.0,0.0,0.0,0.0,0.0
8979,0.9200000000000002,1.0,0.0,0.0,0.0,0.0
8980,0.8766666666666666,0.99,0.0,0.01,0.0,0.0
8981,0.9166666666666667,1.0,0.0,0.0,0.0,0.0
8982,0.8950000000000001,1.0,0.0,0.0,0.0,0.0
8983,0.9166666666666667,1.0,0.0,0.0,0.0,0.0
8984,0.9066666666666666,1.0,0.0,0.0,0.0,0.0
8985,0.8866666666666664,1.0,0.0,0.0,0.0,0.0
8986,0.9293763154857066,0.99,0.0,0.0,0.01,0.0
8987,0.9350000000000002,1.0,0.0,0.0,0.0,0.0
8988,0.8916666666666668,1.0,0.0,0.0,0.0,0.0
8989,0.9966666666666667,0.99,0.0,0.01,0.0,0.0
8990,0.9933333333333334,0.99,0.0,0.01,0.0,0.0
8991,1.0,1.0,0.0,0.0,0.0,0.0
8992,1.0,1.0,0.0,0.0,0.0,0.0
8993,1.0,1.0,0.0,0.0,0.0,0.0
8994,1.0,1.0,0.0,0.0,0.0,0.0
8995,1.0,1.0,0.0,0.0,0.0,0.0
8996,0.9983333333333333,1.0,0.0,0.0,0.0,0.0
8997,0.9966666666666667,1.0,0.0,0.0,0.0,0.0
8998,1.0,1.0,0.0,0.0,0.0,0.0
8999,0.8716666666666667,1.0,0.0,0.0,0.0,0.0
9000,0.895,1.0,0.0,0.0,0.0,0.0
9001,0.8933333333333333,1.0,0.0,0.0,0.0,0.0
9002,0.9216666666666665,1.0,0.0,0.0,0.0,0.0
9003,0.9116666666666667,1.0,0.0,0.0,0.0,0.0
9004,0.9266666666666667,1.0,0.0,0.0,0.0,0.0
9005,0.8900000000000002,1.0,0.0,0.0,0.0,0.0
9006,0.9083333333333333,1.0,0.0,0.0,0.0,0.0
9007,0.9266666666666667,1.0,0.0,0.0,0.0,0.0
9008,0.8966666666666667,1.0,0.0,0.0,0.0,0.0
9009,0.995,1.0,0.0,0.0,0.0,0.0
9010,0.9966666666666666,1.0,0.0,0.0,0.0,0.0
9011,1.0,1.0,0.0,0.0,0.0,0.0
9012,1.0,1.0,0.0,0.0,0.0,0.0
9013,1.0,1.0,0.0,0.0,0.0,0.0
9014,1.0,0.99,0.0,0.01,0.0,0.0
9015,0.9966666666666667,1.0,0.0,0.0,0.0,0.0
9016,1.0,1.0,0.0,0.0,0.0,0.0
9017,0.9983333333333333,1.0,0.0,0.0,0.0,0.0
9018,1.0,1.0,0.0,0.0,0.0,0.0
9019,0.9166666666666665,1.0,0.0,0.0,0.0,0.0
9020,0.91,1.0,0.0,0.0,0.0,0.0
9021,0.8966666666666666,1.0,0.0,0.0,0.0,0.0
9022,0.9266666666666667,1.0,0.0,0.0,0.0,0.0
9023,0.9,1.0,0.0,0.0,0.0,0.0
9024,0.9233333333333335,1.0,0.0,0.0,0.0,0.0
9025,0.8998874282425144,0.99,0.0,0.0,0.01,0.0
9026,0.9166666666666667,1.0,0.0,0.0,0.0,0.0
9027,0.91,1.0,0.0,0.0,0.0,0.0
9028,0.9233333333333333,1.0,0.0,0.0,0.0,0.0
9029,0.995,1.0,0.0,0.0,0.0,0.0
9030,0.9983333333333334,1.0,0.0,0.0,0.0,0.0
9031,0.9983333333333334,1.0,0.0,0.0,0.0,0.0
9032,1.0,1.0,0.0,0.0,0.0,0.0
9033,1.0,1.0,0.0,0.0,0.0,0.0
9034,1.0,1.0,0.0,0.0,0.0,0.0
9035,0.9966666666666667,1.0,0.0,0.0,0.0,0.0
9036,1.0,1.0,0.0,0.0,0.0,0.0
9037,0.9950000000000001,0.99,0.0,0.01,0.0,0.0
9038,0.9966666666666666,0.99,0.0,0.01,0.0,0.0
9039,0.8766666666666667,0.99,0.0,0.01,0.0,0.0
9040,0.8916666666666667,1.0,0.0,0.0,0.0,0.0
9041,0.9166666666666667,1.0,0.0,0.0,0.0,0.0
9042,0.9300000000000002,1.0,0.0,0.0,0.0,0.0
9043,0.9166666666666667,1.0,0.0,0.0,0.0,0.0
9044,0.92,1.0,0.0,0.0,0.0,0.0
9045,0.9266666666666665,1.0,0.0,0.0,0.0,0.0
9046,0.9383333333333335,1.0,0.0,0.0,0.0,0.0
9047,0.9383333333333335,1.0,0.0,0.0,0.0,0.0
9048,0.881666666666667,1.0,0.0,0.0,0.0,0.0
9049,1.0,1.0,0.0,0.0,0.0,0.0
9050,1.0,1.0,0.0,0.0,0.0,0.0
9051,0.9966666666666666,1.0,0.0,0.0,0.0,0.0
9052,0.995,1.0,0.0,0.0,0.0,0.0
9053,0.9966666666666667,1.0,0.0,0.0,0.0,0.0
9054,1.0,1.0,0.0,0.0,0.0,0.0
9055,0.9966666666666666,1.0,0.0,0.0,0.0,0.0
9056,1.0,1.0,0.0,0.0,0.0,0.0
9057,0.9983333333333333,1.0,0.0,0.0,0.0,0.0
9058,0.9983333333333333,1.0,0.0,0.0,0.0,0.0
9059,0.9100000000000001,1.0,0.0,0.0,0.0,0.0
9060,0.8750000000000001,1.0,0.0,0.0,0.0,0.0
9061,0.9483333333333333,1.0,0.0,0.0,0.0,0.0
9062,0.9299999999999998,1.0,0.0,0.0,0.0,0.0
9063,0.9050000000000001,1.0,0.0,0.0,0.0,0.0
9064,0.8983333333333333,1.0,0.0,0.0,0.0,0.0
9065,0.9216666666666665,1.0,0.0,0.0,0.0,0.0
9066,0.905,1.0,0.0,0.0,0.0,0.0
9067,0.9166666666666665,1.0,0.0,0.0,0.0,0.0
9068,0.9166666666666665,1.0,0.0,0.0,0.0,0.0
9069,1.0,1.0,0.0,0.0,0.0,0.0
9070,0.9916666666666667,0.99,0.0,0.01,0.0,0.0
9071,0.9916666666666668,1.0,0.0,0.0,0.0,0.0
9072,1.0,1.0,0.0,0.0,0.0,0.0
9073,0.9966666666666667,1.0,0.0,0.0,0.0,0.0
9074,1.0,1.0,0.0,0.0,0.0,0.0
9075,1.0,1.0,0.0,0.0,0.0,0.0
9076,1.0,1.0,0.0,0.0,0.0,0.0
9077,1.0,1.0,0.0,0.0,0.0,0.0
9078,1.0,1.0,0.0,0.0,0.0,0.0
9079,0.8766666666666666,1.0,0.0,0.0,0.0,0.0
9080,0.8783333333333334,0.99,0.0,0.0,0.01,0.0
9081,0.9266666666666667,0.98,0.0,0.0,0.02,0.0
9082,0.9233333333333336,1.0,0.0,0.0,0.0,0.0
9083,0.9333333333333332,1.0,0.0,0.0,0.0,0.0
9084,0.9166666666666667,1.0,0.0,0.0,0.0,0.0
9085,0.9266666666666667,1.0,0.0,0.0,0.0,0.0
9086,0.8783333333333333,1.0,0.0,0.0,0.0,0.0
9087,0.9233333333333336,1.0,0.0,0.0,0.0,0.0
9088,0.9,1.0,0.0,0.0,0.0,0.0
9089,0.9983333333333334,1.0,0.0,0.0,0.0,0.0
9090,0.9983333333333334,1.0,0.0,0.0,0.0,0.0
9091,1.0,1.0,0.0,0.0,0.0,0.0
9092,1.0,1.0,0.0,0.0,0.0,0.0
9093,1.0,1.0,0.0,0.0,0.0,0.0
9094,0.9966666666666667,1.0,0.0,0.0,0.0,0.0
9095,0.9966666666666666,1.0,0.0,0.0,0.0,0.0
9096,0.9983333333333333,1.0,0.0,0.0,0.0,0.0
9097,1.0,1.0,0.0,0.0,0.0,0.0
9098,0.9983333333333334,1.0,0.0,0.0,0.0,0.0
9099,0.92,1.0,0.0,0.0,0.0,0.0
9100,0.89,1.0,0.0,0.0,0.0,0.0
9101,0.8966666666666666,1.0,0.0,0.0,0.0,0.0
9102,0.9316666666666668,1.0,0.0,0.0,0.0,0.0
9103,0.8849999999999999,1.0,0.0,0.0,0.0,0.0
9104,0.9099999999999998,1.0,0.0,0.0,0.0,0.0
9105,0.92,1.0,0.0,0.0,0.0,0.0
9106,0.9166666666666665,1.0,0.0,0.0,0.0,0.0
9107,0.935,1.0,0.0,0.0,0.0,0.0
9108,0.87,1.0,0.0,0.0,0.0,0.0
9109,1.0,1.0,0.0,0.0,0.0,0.0
9110,0.9966666666666666,1.0,0.0,0.0,0.0,0.0
9111,1.0,1.0,0.0,0.0,0.0,0.0
9112,1.0,1.0,0.0,0.0,0.0,0.0
9113,0.9966666666666667,1.0,0.0,0.0,0.0,0.0
9114,0.9966666666666666,1.0,0.0,0.0,0.0,0.0
9115,0.9966666666666667,1.0,0.0,0.0,0.0,0.0
9116,1.0,1.0,0.0,0.0,0.0,0.0
9117,1.0,1.0,0.0,0.0,0.0,0.0
9118,0.9966666666666666,1.0,0.0,0.0,0.0,0.0
9119,0.9300000000000002,1.0,0.0,0.0,0.0,0.0
9120,0.92,0.99,0.0,0.01,0.0,0.0
9121,0.92,1.0,0.0,0.0,0.0,0.0
9122,0.9050000000000001,1.0,0.0,0.0,0.0,0.0
9123,0.9066666666666667,1.0,0.0,0.0,0.0,0.0
9124,0.9366666666666668,1.0,0.0,0.0,0.0,0.0
9125,0.8616666666666667,1.0,0.0,0.0,0.0,0.0
9126,0.8783333333333334,1.0,0.0,0.0,0.0,0.0
9127,0.92,1.0,0.0,0.0,0.0,0.0
9128,0.9266666666666667,1.0,0.0,0.0,0.0,0.0
9129,0.9933333333333333,1.0,0.0,0.0,0.0,0.0
9130,1.0,1.0,0.0,0.0,0.0,0.0
9131,1.0,1.0,0.0,0.0,0.0,0.0
9132,1.0,1.0,0.0,0.0,0.0,0.0
9133,1.0,1.0,0.0,0.0,0.0,0.0
9134,0.9983333333333334,1.0,0.0,0.0,0.0,0.0
9135,0.9950000000000001,1.0,0.0,0.0,0.0,0.0
9136,0.9983333333333333,1.0,0.0,0.0,0.0,0.0
9137,0.9968032719110406,1.0,0.0,0.0,0.0,0.0
9138,1.0,0.99,0.0,0.01,0.0,0.0
9139,0.915,1.0,0.0,0.0,0.0,0.0
9140,0.8883333333333334,1.0,0.0,0.0,0.0,0.0
9141,0.9033333333333334,0.99,0.0,0.0,0.01,0.0
9142,0.9200000000000002,0.98,0.0,0.0,0.02,0.0
9143,0.9095011100271545,0.99,0.0,0.0,0.01,0.0
9144,0.8916666666666667,1.0,0.0,0.0,0.0,0.0
9145,0.8833333333333333,1.0,0.0,0.0,0.0,0.0
9146,0.9283333333333332,1.0,0.0,0.0,0.0,0.0
9147,0.9366666666666668,1.0,0.0,0.0,0.0,0.0
9148,0.87,0.99,0.0,0.01,0.0,0.0
9149,0.9966666666666667,0.99,0.0,0.01,0.0,0.0
9150,1.0,1.0,0.0,0.0,0.0,0.0
9151,1.0,1.0,0.0,0.0,0.0,0.0
9152,1.0,1.0,0.0,0.0,0.0,0.0
9153,1.0,1.0,0.0,0.0,0.0,0.0
9154,0.9983333333333333,1.0,0.0,0.0,0.0,0.0
9155,0.9983333333333333,1.0,0.0,0.0,0.0,0.0
9156,0.9966666666666667,1.0,0.0,0.0,0.0,0.0
9157,0.9916666666666666,1.0,0.0,0.0,0.0,0.0
9158,1.0,1.0,0.0,0.0,0.0,0.0
9159,0.8883333333333333,1.0,0.0,0.0,0.0,0.0
9160,0.9033333333333334,1.0,0.0,0.0,0.0,0.0
9161,0.9216666666666667,1.0,0.0,0.0,0.0,0.0
9162,0.9483333333333333,1.0,0.0,0.0,0.0,0.0
9163,0.9066666666666666,1.0,0.0,0.0,0.0,0.0
9164,0.895,1.0,0.0,0.0,0.0,0.0
9165,0.9183333333333334,1.0,0.0,0.0,0.0,0.0
9166,0.905,1.0,0.0,0.0,0.0,0.0
9167,0.9016666666666668,1.0,0.0,0.0,0.0,0.0
9168,0.9433333333333335,1.0,0.0,0.0,0.0,0.0
9169,0.995,1.0,0.0,0.0,0.0,0.0
9170,0.9966666666666667,1.0,0.0,0.0,0.0,0.0
9171,1.0,1.0,0.0,0.0,0.0,0.0
9172,0.9983333333333334,1.0,0.0,0.0,0.0,0.0
9173,0.9983333333333334,1.0,0.0,0.0,0.0,0.0
9174,0.9966666666666667,1.0,0.0,0.0,0.0,0.0
9175,0.9966666666666667,1.0,0.0,0.0,0.0,0.0
9176,0.9950000000000001,1.0,0.0,0.0,0.0,0.0
9177,0.9983333333333333,1.0,0.0,0.0,0.0,0.0
9178,0.9983333333333334,1.0,0.0,0.0,0.0,0.0
9179,0.885,1.0,0.0,0.0,0.0,0.0
9180,0.9233333333333331,1.0,0.0,0.0,0.0,0.0
9181,0.9016666666666666,1.0,0.0,0.0,0.0,0.0
9182,0.8866666666666668,1.0,0.0,0.0,0.0,0.0
9183,0.9183333333333334,1.0,0.0,0.0,0.0,0.0
9184,0.8833333333333333,1.0,0.0,0.0,0.0,0.0
9185,0.8816666666666667,1.0,0.0,0.0,0.0,0.0
9186,0.9049999999999998,0.99,0.0,0.01,0.0,0.0
9187,0.8766666666666667,1.0,0.0,0.0,0.0,0.0
9188,0.8933333333333333,1.0,0.0,0.0,0.0,0.0
9189,1.0,1.0,0.0,0.0,0.0,0.0
9190,1.0,1.0,0.0,0.0,0.0,0.0
9191,1.0,1.0,0.0,0.0,0.0,0.0
9192,0.9983333333333334,1.0,0.0,0.0,0.0,0.0
9193,0.9983333333333334,1.0,0.0,0.0,0.0,0.0
9194,0.9916666666666667,1.0,0.0,0.0,0.0,0.0
9195,0.9983333333333334,1.0,0.0,0.0,0.0,0.0
9196,0.9983333333333333,1.0,0.0,0.0,0.0,0.0
9197,0.9983333333333333,1.0,0.0,0.0,0.0,0.0
9198,0.9966666666666666,1.0,0.0,0.0,0.0,0.0
9199,0.8833333333333333,1.0,0.0,0.0,0.0,0.0
9200,0.9316666666666665,1.0,0.0,0.0,0.0,0.0
9201,0.9316666666666668,0.99,0.0,0.0,0.01,0.0
9202,0.8916666666666666,1.0,0.0,0.0,0.0,0.0
9203,0.8800000000000001,1.0,0.0,0.0,0.0,0.0
9204,0.9250000000000002,1.0,0.0,0.0,0.0,0.0
9205,0.8816666666666667,1.0,0.0,0.0,0.0,0.0
9206,0.8849999999999999,1.0,0.0,0.0,0.0,0.0
9207,0.9100000000000001,1.0,0.0,0.0,0.0,0.0
9208,0.9283333333333335,1.0,0.0,0.0,0.0,0.0
9209,1.0,1.0,0.0,0.0,0.0,0.0
9210,0.995,1.0,0.0,0.0,0.0,0.0
9211,0.9983333333333334,1.0,0.0,0.0,0.0,0.0
9212,0.9966666666666666,1.0,0.0,0.0,0.0,0.0
9213,0.9983333333333334,1.0,0.0,0.0,0.0,0.0
9214,1.0,1.0,0.0,0.0,0.0,0.0
9215,1.0,1.0,0.0,0.0,0.0,0.0
9216,0.9933333333333334,0.99,0.0,0.0,0.01,0.0
9217,0.995,0.99,0.0,0.0,0.01,0.0
9218,1.0,1.0,0.0,0.0,0.0,0.0
9219,0.8983333333333334,1.0,0.0,0.0,0.0,0.0
9220,0.97,1.0,0.0,0.0,0.0,0.0
9221,0.9283333333333335,1.0,0.0,0.0,0.0,0.0
9222,0.9366666666666665,1.0,0.0,0.0,0.0,0.0
9223,0.8916666666666668,1.0,0.0,0.0,0.0,0.0
9224,0.9349999999999998,1.0,0.0,0.0,0.0,0.0
9225,0.9116666666666666,1.0,0.0,0.0,0.0,0.0
9226,0.945,1.0,0.0,0.0,0.0,0.0
9227,0.91,1.0,0.0,0.0,0.0,0.0
9228,0.9283333333333332,1.0,0.0,0.0,0.0,0.0
9229,1.0,1.0,0.0,0.0,0.0,0.0
9230,0.9966666666666667,1.0,0.0,0.0,0.0,0.0
9231,1.0,1.0,0.0,0.0,0.0,0.0
9232,1.0,1.0,0.0,0.0,0.0,0.0
9233,0.9983333333333333,1.0,0.0,0.0,0.0,0.0
9234,1.0,1.0,0.0,0.0,0.0,0.0
9235,0.9983333333333334,1.0,0.0,0.0,0.0,0.0
9236,0.9966666666666666,1.0,0.0,0.0,0.0,0.0
9237,1.0,1.0,0.0,0.0,0.0,0.0
9238,0.9983333333333333,1.0,0.0,0.0,0.0,0.0
9239,0.9016666666666667,1.0,0.0,0.0,0.0,0.0
9240,0.9116666666666667,1.0,0.0,0.0,0.0,0.0
9241,0.9066666666666666,1.0,0.0,0.0,0.0,0.0
9242,0.9033333333333333,1.0,0.0,0.0,0.0,0.0
9243,0.8916666666666668,1.0,0.0,0.0,0.0,0.0
9244,0.9166666666666665,1.0,0.0,0.0,0.0,0.0
9245,0.9416666666666665,1.0,0.0,0.0,0.0,0.0
9246,0.9116666666666667,1.0,0.0,0.0,0.0,0.0
9247,0.8866666666666667,1.0,0.0,0.0,0.0,0.0
9248,0.9316666666666668,1.0,0.0,0.0,0.0,0.0
9249,1.0,1.0,0.0,0.0,0.0,0.0
9250,0.995,1.0,0.0,0.0,0.0,0.0
9251,1.0,1.0,0.0,0.0,0.0,0.0
9252,0.9983333333333333,1.0,0.0,0.0,0.0,0.0
9253,1.0,1.0,0.0,0.0,0.0,0.0
9254,1.0,1.0,0.0,0.0,0.0,0.0
9255,1.0,1.0,0.0,0.0,0.0,0.0
9256,0.995,1.0,0.0,0.0,0.0,0.0
9257,1.0,1.0,0.0,0.0,0.0,0.0
9258,1.0,1.0,0.0,0.0,0.0,0.0
9259,0.9316666666666669,0.99,0.0,0.01,0.0,0.0
9260,0.8983333333333333,0.97,0.0,0.03,0.0,0.0
9261,0.905,0.98,0.0,0.02,0.0,0.0
9262,0.8966666666666667,0.99,0.0,0.01,0.0,0.0
9263,0.9033333333333333,0.99,0.0,0.01,0.0,0.0
9264,0.9383333333333332,1.0,0.0,0.0,0.0,0.0
9265,0.9033333333333333,1.0,0.0,0.0,0.0,0.0
9266,0.8766666666666667,1.0,0.0,0.0,0.0,0.0
9267,0.92,1.0,0.0,0.0,0.0,0.0
9268,0.9116666666666666,1.0,0.0,0.0,0.0,0.0
9269,1.0,1.0,0.0,0.0,0.0,0.0
9270,1.0,1.0,0.0,0.0,0.0,0.0
9271,0.995,1.0,0.0,0.0,0.0,0.0
9272,1.0,1.0,0.0,0.0,0.0,0.0
9273,1.0,1.0,0.0,0.0,0.0,0.0
9274,1.0,1.0,0.0,0.0,0.0,0.0
9275,0.995,0.99,0.0,0.0,0.01,0.0
9276,0.9883333333333333,0.98,0.0,0.0,0.02,0.0
9277,0.9966666666666666,1.0,0.0,0.0,0.0,0.0
9278,0.9966666666666666,1.0,0.0,0.0,0.0,0.0
9279,0.925,1.0,0.0,0.0,0.0,0.0
9280,0.9066666666666667,1.0,0.0,0.0,0.0,0.0
9281,0.8833333333333333,1.0,0.0,0.0,0.0,0.0
9282,0.9016666666666666,1.0,0.0,0.0,0.0,0.0
9283,0.8383333333333334,1.0,0.0,0.0,0.0,0.0
9284,0.9133333333333334,1.0,0.0,0.0,0.0,0.0
9285,0.9133333333333331,1.0,0.0,0.0,0.0,0.0
9286,0.885,0.99,0.0,0.01,0.0,0.0
9287,0.9050000000000001,1.0,0.0,0.0,0.0,0.0
9288,0.9316666666666668,1.0,0.0,0.0,0.0,0.0
9289,0.9966666666666666,1.0,0.0,0.0,0.0,0.0
9290,0.995,1.0,0.0,0.0,0.0,0.0
9291,1.0,1.0,0.0,0.0,0.0,0.0
9292,0.9966666666666667,1.0,0.0,0.0,0.0,0.0
9293,1.0,1.0,0.0,0.0,0.0,0.0
9294,1.0,1.0,0.0,0.0,0.0,0.0
9295,1.0,1.0,0.0,0.0,0.0,0.0
9296,0.995,1.0,0.0,0.0,0.0,0.0
9297,0.9983333333333333,1.0,0.0,0.0,0.0,0.0
9298,0.9983333333333333,1.0,0.0,0.0,0.0,0.0
9299,0.9166666666666667,1.0,0.0,0.0,0.0,0.0
9300,0.8933333333333334,1.0,0.0,0.0,0.0,0.0
9301,0.9166666666666667,1.0,0.0,0.0,0.0,0.0
9302,0.9166666666666667,1.0,0.0,0.0,0.0,0.0
9303,0.8866666666666667,1.0,0.0,0.0,0.0,0.0
9304,0.8883333333333334,1.0,0.0,0.0,0.0,0.0
9305,0.8983333333333333,1.0,0.0,0.0,0.0,0.0
9306,0.9033333333333334,1.0,0.0,0.0,0.0,0.0
9307,0.8916666666666667,1.0,0.0,0.0,0.0,0.0
9308,0.8983333333333333,1.0,0.0,0.0,0.0,0.0
9309,0.9950000000000001,1.0,0.0,0.0,0.0,0.0
9310,0.9983333333333334,1.0,0.0,0.0,0.0,0.0
9311,0.9966666666666667,1.0,0.0,0.0,0.0,0.0
9312,0.9966666666666666,1.0,0.0,0.0,0.0,0.0
9313,0.9983333333333333,1.0,0.0,0.0,0.0,0.0
9314,0.9966666666666666,1.0,0.0,0.0,0.0,0.0
9315,1.0,1.0,0.0,0.0,0.0,0.0
9316,1.0,1.0,0.0,0.0,0.0,0.0
9317,0.9883333333333334,1.0,0.0,0.0,0.0,0.0
9318,1.0,1.0,0.0,0.0,0.0,0.0
9319,0.9066666666666667,1.0,0.0,0.0,0.0,0.0
9320,0.8966666666666667,1.0,0.0,0.0,0.0,0.0
9321,0.9083333333333334,1.0,0.0,0.0,0.0,0.0
9322,0.9283333333333332,1.0,0.0,0.0,0.0,0.0
9323,0.9116666666666668,1.0,0.0,0.0,0.0,0.0
9324,0.8833333333333333,1.0,0.0,0.0,0.0,0.0
9325,0.9,1.0,0.0,0.0,0.0,0.0
9326,0.8966666666666667,1.0,0.0,0.0,0.0,0.0
9327,0.905,1.0,0.0,0.0,0.0,0.0
9328,0.91,1.0,0.0,0.0,0.0,0.0
9329,1.0,1.0,0.0,0.0,0.0,0.0
9330,1.0,1.0,0.0,0.0,0.0,0.0
9331,1.0,1.0,0.0,0.0,0.0,0.0
9332,0.9983333333333334,1.0,0.0,0.0,0.0,0.0
9333,0.9966666666666667,1.0,0.0,0.0,0.0,0.0
9334,0.9966666666666666,1.0,0.0,0.0,0.0,0.0
9335,0.9983333333333333,1.0,0.0,0.0,0.0,0.0
9336,1.0,1.0,0.0,0.0,0.0,0.0
9337,0.9966666666666666,1.0,0.0,0.0,0.0,0.0
9338,1.0,1.0,0.0,0.0,0.0,0.0
9339,0.9083333333333334,1.0,0.0,0.0,0.0,0.0
9340,0.9249999999999998,1.0,0.0,0.0,0.0,0.0
9341,0.9033333333333333,1.0,0.0,0.0,0.0,0.0
9342,0.8933333333333334,1.0,0.0,0.0,0.0,0.0
9343,0.9116666666666668,1.0,0.0,0.0,0.0,0.0
9344,0.8833333333333333,1.0,0.0,0.0,0.0,0.0
9345,0.91,1.0,0.0,0.0,0.0,0.0
9346,0.9183333333333333,1.0,0.0,0.0,0.0,0.0
9347,0.895,1.0,0.0,0.0,0.0,0.0
9348,0.9433333333333335,1.0,0.0,0.0,0.0,0.0
9349,1.0,1.0,0.0,0.0,0.0,0.0
9350,1.0,1.0,0.0,0.0,0.0,0.0
9351,0.9983333333333333,1.0,0.0,0.0,0.0,0.0
9352,1.0,1.0,0.0,0.0,0.0,0.0
9353,1.0,1.0,0.0,0.0,0.0,0.0
9354,0.9983333333333334,1.0,0.0,0.0,0.0,0.0
9355,0.9966666666666667,1.0,0.0,0.0,0.0,0.0
9356,0.9950000000000001,1.0,0.0,0.0,0.0,0.0
9357,0.995,1.0,0.0,0.0,0.0,0.0
9358,0.9966666666666667,1.0,0.0,0.0,0.0,0.0
9359,0.8883333333333335,1.0,0.0,0.0,0.0,0.0
9360,0.905,1.0,0.0,0.0,0.0,0.0
9361,0.9233333333333335,1.0,0.0,0.0,0.0,0.0
9362,0.91,1.0,0.0,0.0,0.0,0.0
9363,0.9283333333333335,1.0,0.0,0.0,0.0,0.0
9364,0.89,1.0,0.0,0.0,0.0,0.0
9365,0.9166666666666667,0.99,0.0,0.01,0.0,0.0
9366,0.91,1.0,0.0,0.0,0.0,0.0
9367,0.8983333333333334,1.0,0.0,0.0,0.0,0.0
9368,0.875,1.0,0.0,0.0,0.0,0.0
9369,1.0,1.0,0.0,0.0,0.0,0.0
9370,0.9983333333333333,1.0,0.0,0.0,0.0,0.0
9371,1.0,1.0,0.0,0.0,0.0,0.0
9372,1.0,1.0,0.0,0.0,0.0,0.0
9373,1.0,1.0,0.0,0.0,0.0,0.0
9374,1.0,1.0,0.0,0.0,0.0,0.0
9375,0.9966666666666666,1.0,0.0,0.0,0.0,0.0
9376,1.0,1.0,0.0,0.0,0.0,0.0
9377,1.0,0.99,0.0,0.01,0.0,0.0
9378,0.9983333333333333,1.0,0.0,0.0,0.0,0.0
9379,0.8983333333333333,1.0,0.0,0.0,0.0,0.0
9380,0.9233333333333335,1.0,0.0,0.0,0.0,0.0
9381,0.89,1.0,0.0,0.0,0.0,0.0
9382,0.9033333333333334,1.0,0.0,0.0,0.0,0.0
9383,0.8750000000000003,1.0,0.0,0.0,0.0,0.0
9384,0.9183333333333334,1.0,0.0,0.0,0.0,0.0
9385,0.9216666666666667,1.0,0.0,0.0,0.0,0.0
9386,0.9266666666666669,1.0,0.0,0.0,0.0,0.0
9387,0.9116666666666668,1.0,0.0,0.0,0.0,0.0
9388,0.9183333333333333,1.0,0.0,0.0,0.0,0.0
9389,1.0,1.0,0.0,0.0,0.0,0.0
9390,1.0,1.0,0.0,0.0,0.0,0.0
9391,0.9966666666666666,1.0,0.0,0.0,0.0,0.0
9392,0.9983333333333334,1.0,0.0,0.0,0.0,0.0
9393,0.9983333333333334,1.0,0.0,0.0,0.0,0.0
9394,0.9983333333333333,1.0,0.0,0.0,0.0,0.0
9395,0.9966666666666667,1.0,0.0,0.0,0.0,0.0
9396,0.9966666666666667,1.0,0.0,0.0,0.0,0.0
9397,0.9983333333333333,1.0,0.0,0.0,0.0,0.0
9398,1.0,0.99,0.0,0.01,0.0,0.0
9399,0.8683333333333334,0.96,0.0,0.04,0.0,0.0
9400,0.8850000000000001,0.96,0.0,0.04,0.0,0.0
9401,0.9433333333333332,0.97,0.0,0.03,0.0,0.0
9402,0.9066666666666667,0.98,0.0,0.02,0.0,0.0
9403,0.9,0.99,0.0,0.01,0.0,0.0
9404,0.8783333333333333,1.0,0.0,0.0,0.0,0.0
9405,0.8933333333333334,0.99,0.0,0.01,0.0,0.0
9406,0.9066666666666667,1.0,0.0,0.0,0.0,0.0
9407,0.8666666666666667,1.0,0.0,0.0,0.0,0.0
9408,0.91,1.0,0.0,0.0,0.0,0.0
9409,0.9966666666666667,1.0,0.0,0.0,0.0,0.0
9410,0.9916666666666666,0.99,0.0,0.0,0.01,0.0
9411,0.995,1.0,0.0,0.0,0.0,0.0
9412,0.9933333333333332,1.0,0.0,0.0,0.0,0.0
9413,1.0,1.0,0.0,0.0,0.0,0.0
9414,1.0,1.0,0.0,0.0,0.0,0.0
9415,0.9966666666666667,1.0,0.0,0.0,0.0,0.0
9416,0.9983333333333333,1.0,0.0,0.0,0.0,0.0
9417,0.9949999999999999,1.0,0.0,0.0,0.0,0.0
9418,1.0,1.0,0.0,0.0,0.0,0.0
9419,0.9233333333333335,1.0,0.0,0.0,0.0,0.0
9420,0.9266666666666669,1.0,0.0,0.0,0.0,0.0
9421,0.89,1.0,0.0,0.0,0.0,0.0
9422,0.9133333333333333,1.0,0.0,0.0,0.0,0.0
9423,0.9116666666666667,0.99,0.0,0.01,0.0,0.0
9424,0.8866666666666666,0.99,0.0,0.01,0.0,0.0
9425,0.8966666666666667,0.99,0.0,0.01,0.0,0.0
9426,0.9199999999999998,1.0,0.0,0.0,0.0,0.0
9427,0.9183333333333334,1.0,0.0,0.0,0.0,0.0
9428,0.9,1.0,0.0,0.0,0.0,0.0
9429,1.0,1.0,0.0,0.0,0.0,0.0
9430,1.0,1.0,0.0,0.0,0.0,0.0
9431,1.0,1.0,0.0,0.0,0.0,0.0
9432,0.99,0.99,0.0,0.01,0.0,0.0
9433,0.9866666666666666,0.99,0.0,0.01,0.0,0.0
9434,0.9966666666666666,1.0,0.0,0.0,0.0,0.0
9435,1.0,1.0,0.0,0.0,0.0,0.0
9436,0.9966666666666666,1.0,0.0,0.0,0.0,0.0
9437,1.0,1.0,0.0,0.0,0.0,0.0
9438,0.9966666666666667,1.0,0.0,0.0,0.0,0.0
9439,0.905,1.0,0.0,0.0,0.0,0.0
9440,0.9383333333333335,1.0,0.0,0.0,0.0,0.0
9441,0.9366666666666665,1.0,0.0,0.0,0.0,0.0
9442,0.925,1.0,0.0,0.0,0.0,0.0
9443,0.9033333333333333,1.0,0.0,0.0,0.0,0.0
9444,0.9083333333333334,1.0,0.0,0.0,0.0,0.0
9445,0.93,1.0,0.0,0.0,0.0,0.0
9446,0.92,1.0,0.0,0.0,0.0,0.0
9447,0.925,1.0,0.0,0.0,0.0,0.0
9448,0.9416666666666668,1.0,0.0,0.0,0.0,0.0
9449,0.9983333333333333,1.0,0.0,0.0,0.0,0.0
9450,1.0,1.0,0.0,0.0,0.0,0.0
9451,0.9983333333333333,1.0,0.0,0.0,0.0,0.0
9452,0.9983333333333333,1.0,0.0,0.0,0.0,0.0
9453,0.9933333333333334,1.0,0.0,0.0,0.0,0.0
9454,0.9966666666666667,1.0,0.0,0.0,0.0,0.0
9455,1.0,1.0,0.0,0.0,0.0,0.0
9456,0.9966666666666667,1.0,0.0,0.0,0.0,0.0
9457,0.9983333333333333,1.0,0.0,0.0,0.0,0.0
9458,0.9983333333333334,1.0,0.0,0.0,0.0,0.0
9459,0.9366666666666665,1.0,0.0,0.0,0.0,0.0
9460,0.9166666666666667,1.0,0.0,0.0,0.0,0.0
9461,0.9283333333333335,1.0,0.0,0.0,0.0,0.0
9462,0.9233333333333333,1.0,0.0,0.0,0.0,0.0
9463,0.9000000000000001,1.0,0.0,0.0,0.0,0.0
9464,0.9249999999999998,1.0,0.0,0.0,0.0,0.0
9465,0.8883333333333334,0.99,0.0,0.01,0.0,0.0
9466,0.9249999999999998,0.99,0.0,0.01,0.0,0.0
9467,0.9033333333333334,1.0,0.0,0.0,0.0,0.0
9468,0.93,1.0,0.0,0.0,0.0,0.0
9469,0.9933333333333334,1.0,0.0,0.0,0.0,0.0
9470,1.0,1.0,0.0,0.0,0.0,0.0
9471,1.0,1.0,0.0,0.0,0.0,0.0
9472,1.0,1.0,0.0,0.0,0.0,0.0
9473,0.9983333333333333,1.0,0.0,0.0,0.0,0.0
9474,0.9900000000000001,1.0,0.0,0.0,0.0,0.0
9475,1.0,1.0,0.0,0.0,0.0,0.0
9476,1.0,1.0,0.0,0.0,0.0,0.0
9477,1.0,1.0,0.0,0.0,0.0,0.0
9478,0.9983333333333333,1.0,0.0,0.0,0.0,0.0
9479,0.8966666666666667,1.0,0.0,0.0,0.0,0.0
9480,0.9216666666666667,0.99,0.0,0.01,0.0,0.0
9481,0.9016666666666668,0.99,0.0,0.0,0.01,0.0
9482,0.9216666666666665,0.98,0.0,0.0,0.02,0.0
9483,0.9116666666666666,0.97,0.0,0.0,0.03,0.0
9484,0.9266666666666667,0.99,0.0,0.0,0.01,0.0
9485,0.8983333333333334,0.99,0.0,0.0,0.01,0.0
9486,0.8800000000000001,0.98,0.0,0.0,0.02,0.0
9487,0.905,0.97,0.0,0.0,0.03,0.0
9488,0.9133333333333333,0.97,0.0,0.0,0.03,0.0
9489,0.9816666666666666,0.96,0.0,0.0,0.04,0.0
9490,0.9833333333333334,0.98,0.0,0.0,0.02,0.0
9491,0.9816666666666667,0.96,0.0,0.0,0.04,0.0
9492,0.9966666666666667,1.0,0.0,0.0,0.0,0.0
9493,1.0,1.0,0.0,0.0,0.0,0.0
9494,0.9983333333333334,1.0,0.0,0.0,0.0,0.0
9495,1.0,1.0,0.0,0.0,0.0,0.0
9496,1.0,1.0,0.0,0.0,0.0,0.0
9497,1.0,1.0,0.0,0.0,0.0,0.0
9498,0.9983333333333333,1.0,0.0,0.0,0.0,0.0
9499,0.92,1.0,0.0,0.0,0.0,0.0
9500,0.9166666666666665,1.0,0.0,0.0,0.0,0.0
9501,0.925,1.0,0.0,0.0,0.0,0.0
9502,0.9,1.0,0.0,0.0,0.0,0.0
9503,0.8666666666666667,1.0,0.0,0.0,0.0,0.0
9504,0.9333333333333332,1.0,0.0,0.0,0.0,0.0
9505,0.8883333333333333,1.0,0.0,0.0,0.0,0.0
9506,0.915,1.0,0.0,0.0,0.0,0.0
9507,0.9083333333333334,1.0,0.0,0.0,0.0,0.0
9508,0.9066666666666666,1.0,0.0,0.0,0.0,0.0
9509,0.9983333333333333,1.0,0.0,0.0,0.0,0.0
9510,1.0,1.0,0.0,0.0,0.0,0.0
9511,0.9966666666666667,1.0,0.0,0.0,0.0,0.0
9512,1.0,1.0,0.0,0.0,0.0,0.0
9513,0.9933333333333334,1.0,0.0,0.0,0.0,0.0
9514,0.9966666666666667,1.0,0.0,0.0,0.0,0.0
9515,0.995,1.0,0.0,0.0,0.0,0.0
9516,1.0,1.0,0.0,0.0,0.0,0.0
9517,0.9933333333333333,1.0,0.0,0.0,0.0,0.0
9518,0.9966666666666667,1.0,0.0,0.0,0.0,0.0
9519,0.9149999999999998,1.0,0.0,0.0,0.0,0.0
9520,0.9016666666666667,1.0,0.0,0.0,0.0,0.0
9521,0.8983333333333333,1.0,0.0,0.0,0.0,0.0
9522,0.9016666666666666,1.0,0.0,0.0,0.0,0.0
9523,0.895,1.0,0.0,0.0,0.0,0.0
9524,0.9016666666666667,1.0,0.0,0.0,0.0,0.0
9525,0.895,1.0,0.0,0.0,0.0,0.0
9526,0.9433333333333335,1.0,0.0,0.0,0.0,0.0
9527,0.9133333333333334,1.0,0.0,0.0,0.0,0.0
9528,0.9349999999999998,0.99,0.0,0.0,0.01,0.0
9529,0.9983333333333334,0.99,0.0,0.0,0.01,0.0
9530,1.0,1.0,0.0,0.0,0.0,0.0
9531,0.9966666666666666,1.0,0.0,0.0,0.0,0.0
9532,1.0,1.0,0.0,0.0,0.0,0.0
9533,0.9983333333333333,1.0,0.0,0.0,0.0,0.0
9534,1.0,1.0,0.0,0.0,0.0,0.0
9535,0.9966666666666666,1.0,0.0,0.0,0.0,0.0
9536,1.0,1.0,0.0,0.0,0.0,0.0
9537,1.0,1.0,0.0,0.0,0.0,0.0
9538,1.0,1.0,0.0,0.0,0.0,0.0
9539,0.8983333333333333,1.0,0.0,0.0,0.0,0.0
9540,0.8866666666666666,1.0,0.0,0.0,0.0,0.0
9541,0.9133333333333333,1.0,0.0,0.0,0.0,0.0
9542,0.9116666666666666,1.0,0.0,0.0,0.0,0.0
9543,0.9016666666666667,1.0,0.0,0.0,0.0,0.0
9544,0.9183333333333333,1.0,0.0,0.0,0.0,0.0
9545,0.9166666666666665,1.0,0.0,0.0,0.0,0.0
9546,0.9016666666666666,1.0,0.0,0.0,0.0,0.0
9547,0.9116666666666667,1.0,0.0,0.0,0.0,0.0
9548,0.8866666666666667,1.0,0.0,0.0,0.0,0.0
9549,1.0,1.0,0.0,0.0,0.0,0.0
9550,0.9950000000000001,1.0,0.0,0.0,0.0,0.0
9551,0.9966666666666666,1.0,0.0,0.0,0.0,0.0
9552,1.0,1.0,0.0,0.0,0.0,0.0
9553,0.9966666666666666,1.0,0.0,0.0,0.0,0.0
9554,0.995,0.99,0.0,0.01,0.0,0.0
9555,0.9983333333333333,0.99,0.0,0.01,0.0,0.0
9556,1.0,0.99,0.0,0.01,0.0,0.0
9557,1.0,0.99,0.0,0.01,0.0,0.0
9558,0.9983333333333334,1.0,0.0,0.0,0.0,0.0
9559,0.9016666666666667,0.99,0.0,0.01,0.0,0.0
9560,0.9283333333333332,0.99,0.0,0.01,0.0,0.0
9561,0.9016666666666667,1.0,0.0,0.0,0.0,0.0
9562,0.93,1.0,0.0,0.0,0.0,0.0
9563,0.9,1.0,0.0,0.0,0.0,0.0
9564,0.9233333333333333,1.0,0.0,0.0,0.0,0.0
9565,0.9316666666666665,1.0,0.0,0.0,0.0,0.0
9566,0.9183333333333334,1.0,0.0,0.0,0.0,0.0
9567,0.9016666666666667,1.0,0.0,0.0,0.0,0.0
9568,0.9016666666666667,1.0,0.0,0.0,0.0,0.0
9569,1.0,1.0,0.0,0.0,0.0,0.0
9570,0.9966666666666667,1.0,0.0,0.0,0.0,0.0
9571,1.0,1.0,0.0,0.0,0.0,0.0
9572,1.0,1.0,0.0,0.0,0.0,0.0
9573,0.9966666666666667,1.0,0.0,0.0,0.0,0.0
9574,1.0,1.0,0.0,0.0,0.0,0.0
9575,1.0,1.0,0.0,0.0,0.0,0.0
9576,0.995,1.0,0.0,0.0,0.0,0.0
9577,0.9983333333333333,1.0,0.0,0.0,0.0,0.0
9578,1.0,1.0,0.0,0.0,0.0,0.0
9579,0.9050000000000001,1.0,0.0,0.0,0.0,0.0
9580,0.8916666666666667,1.0,0.0,0.0,0.0,0.0
9581,0.9000000000000001,1.0,0.0,0.0,0.0,0.0
9582,0.8933333333333334,1.0,0.0,0.0,0.0,0.0
9583,0.925,1.0,0.0,0.0,0.0,0.0
9584,0.92,1.0,0.0,0.0,0.0,0.0
9585,0.9133333333333333,1.0,0.0,0.0,0.0,0.0
9586,0.914585068624674,1.0,0.0,0.0,0.0,0.0
9587,0.8916666666666667,1.0,0.0,0.0,0.0,0.0
9588,0.895,1.0,0.0,0.0,0.0,0.0
9589,0.9983333333333333,1.0,0.0,0.0,0.0,0.0
9590,1.0,1.0,0.0,0.0,0.0,0.0
9591,0.9983333333333334,1.0,0.0,0.0,0.0,0.0
9592,0.9933333333333333,1.0,0.0,0.0,0.0,0.0
9593,0.9983333333333334,1.0,0.0,0.0,0.0,0.0
9594,0.9983333333333333,1.0,0.0,0.0,0.0,0.0
9595,0.9966666666666667,1.0,0.0,0.0,0.0,0.0
9596,0.9950000000000001,1.0,0.0,0.0,0.0,0.0
9597,0.9933333333333334,1.0,0.0,0.0,0.0,0.0
9598,1.0,1.0,0.0,0.0,0.0,0.0
9599,0.9083333333333334,1.0,0.0,0.0,0.0,0.0
9600,0.9100000000000001,1.0,0.0,0.0,0.0,0.0
9601,0.92,1.0,0.0,0.0,0.0,0.0
9602,0.8949999999999999,1.0,0.0,0.0,0.0,0.0
9603,0.8916666666666666,1.0,0.0,0.0,0.0,0.0
9604,0.9233333333333331,1.0,0.0,0.0,0.0,0.0
9605,0.915,1.0,0.0,0.0,0.0,0.0
9606,0.9149999999999998,1.0,0.0,0.0,0.0,0.0
9607,0.8933333333333334,0.99,0.0,0.01,0.0,0.0
9608,0.8866666666666666,0.99,0.0,0.01,0.0,0.0
9609,0.9983333333333334,1.0,0.0,0.0,0.0,0.0
9610,0.9983333333333333,1.0,0.0,0.0,0.0,0.0
9611,0.9949999999999999,1.0,0.0,0.0,0.0,0.0
9612,0.995,1.0,0.0,0.0,0.0,0.0
9613,1.0,1.0,0.0,0.0,0.0,0.0
9614,0.9966666666666666,1.0,0.0,0.0,0.0,0.0
9615,0.9980721890443007,0.99,0.0,0.0,0.01,0.0
9616,0.9997388557109674,0.99,0.0,0.0,0.01,0.0
9617,0.9978110447552682,0.98,0.0,0.0,0.02,0.0
9618,0.9997388557109674,0.99,0.0,0.0,0.01,0.0
9619,0.9183333333333333,0.99,0.0,0.0,0.01,0.0
9620,0.9283333333333336,1.0,0.0,0.0,0.0,0.0
9621,0.92,1.0,0.0,0.0,0.0,0.0
9622,0.9283333333333332,1.0,0.0,0.0,0.0,0.0
9623,0.88,1.0,0.0,0.0,0.0,0.0
9624,0.9166666666666665,1.0,0.0,0.0,0.0,0.0
9625,0.915,1.0,0.0,0.0,0.0,0.0
9626,0.9066666666666667,1.0,0.0,0.0,0.0,0.0
9627,0.91,1.0,0.0,0.0,0.0,0.0
9628,0.925,1.0,0.0,0.0,0.0,0.0
9629,1.0,1.0,0.0,0.0,0.0,0.0
9630,0.9916666666666668,1.0,0.0,0.0,0.0,0.0
9631,0.9933333333333334,1.0,0.0,0.0,0.0,0.0
9632,1.0,1.0,0.0,0.0,0.0,0.0
9633,1.0,1.0,0.0,0.0,0.0,0.0
9634,1.0,1.0,0.0,0.0,0.0,0.0
9635,0.995,1.0,0.0,0.0,0.0,0.0
9636,1.0,1.0,0.0,0.0,0.0,0.0
9637,1.0,1.0,0.0,0.0,0.0,0.0
9638,1.0,1.0,0.0,0.0,0.0,0.0
9639,0.8983333333333333,1.0,0.0,0.0,0.0,0.0
9640,0.9033333333333334,0.99,0.0,0.01,0.0,0.0
9641,0.915,1.0,0.0,0.0,0.0,0.0
9642,0.9,0.99,0.0,0.01,0.0,0.0
9643,0.905,0.99,0.0,0.0,0.01,0.0
9644,0.8683333333333334,1.0,0.0,0.0,0.0,0.0
9645,0.9416666666666668,1.0,0.0,0.0,0.0,0.0
9646,0.9116666666666667,1.0,0.0,0.0,0.0,0.0
9647,0.9216666666666667,1.0,0.0,0.0,0.0,0.0
9648,0.9533333333333333,1.0,0.0,0.0,0.0,0.0
9649,1.0,1.0,0.0,0.0,0.0,0.0
9650,0.9983333333333334,1.0,0.0,0.0,0.0,0.0
9651,0.9966666666666666,0.99,0.0,0.01,0.0,0.0
9652,0.9966666666666667,1.0,0.0,0.0,0.0,0.0
9653,1.0,1.0,0.0,0.0,0.0,0.0
9654,1.0,1.0,0.0,0.0,0.0,0.0
9655,0.9983333333333334,1.0,0.0,0.0,0.0,0.0
9656,0.9916666666666667,1.0,0.0,0.0,0.0,0.0
9657,1.0,1.0,0.0,0.0,0.0,0.0
9658,0.9983333333333333,1.0,0.0,0.0,0.0,0.0
9659,0.9233333333333335,1.0,0.0,0.0,0.0,0.0
9660,0.9100000000000001,1.0,0.0,0.0,0.0,0.0
9661,0.9033333333333334,1.0,0.0,0.0,0.0,0.0
9662,0.9233333333333333,1.0,0.0,0.0,0.0,0.0
9663,0.9216666666666667,1.0,0.0,0.0,0.0,0.0
9664,0.8866666666666666,1.0,0.0,0.0,0.0,0.0
9665,0.9233333333333333,1.0,0.0,0.0,0.0,0.0
9666,0.8966666666666667,1.0,0.0,0.0,0.0,0.0
9667,0.9116666666666667,1.0,0.0,0.0,0.0,0.0
9668,0.9233333333333331,1.0,0.0,0.0,0.0,0.0
9669,1.0,1.0,0.0,0.0,0.0,0.0
9670,0.9966666666666667,1.0,0.0,0.0,0.0,0.0
9671,0.9983333333333333,1.0,0.0,0.0,0.0,0.0
9672,1.0,1.0,0.0,0.0,0.0,0.0
9673,1.0,1.0,0.0,0.0,0.0,0.0
9674,0.9983333333333334,1.0,0.0,0.0,0.0,0.0
9675,1.0,1.0,0.0,0.0,0.0,0.0
9676,0.9966666666666666,1.0,0.0,0.0,0.0,0.0
9677,1.0,1.0,0.0,0.0,0.0,0.0
9678,0.9966666666666666,1.0,0.0,0.0,0.0,0.0
9679,0.9183333333333331,1.0,0.0,0.0,0.0,0.0
9680,0.9183333333333334,1.0,0.0,0.0,0.0,0.0
9681,0.92,1.0,0.0,0.0,0.0,0.0
9682,0.9166666666666667,1.0,0.0,0.0,0.0,0.0
9683,0.8966666666666667,1.0,0.0,0.0,0.0,0.0
9684,0.9083333333333333,1.0,0.0,0.0,0.0,0.0
9685,0.9083333333333333,1.0,0.0,0.0,0.0,0.0
9686,0.925,1.0,0.0,0.0,0.0,0.0
9687,0.925,1.0,0.0,0.0,0.0,0.0
9688,0.9133333333333333,1.0,0.0,0.0,0.0,0.0
9689,0.9983333333333333,1.0,0.0,0.0,0.0,0.0
9690,0.995,1.0,0.0,0.0,0.0,0.0
9691,0.9983333333333334,1.0,0.0,0.0,0.0,0.0
9692,0.9983333333333333,0.99,0.0,0.01,0.0,0.0
9693,0.9966666666666666,1.0,0.0,0.0,0.0,0.0
9694,0.9983333333333333,1.0,0.0,0.0,0.0,0.0
9695,0.995,1.0,0.0,0.0,0.0,0.0
9696,1.0,1.0,0.0,0.0,0.0,0.0
9697,0.9966666666666666,1.0,0.0,0.0,0.0,0.0
9698,0.9950000000000001,1.0,0.0,0.0,0.0,0.0
9699,0.9116666666666666,1.0,0.0,0.0,0.0,0.0
9700,0.8983333333333333,1.0,0.0,0.0,0.0,0.0
9701,0.8883333333333333,1.0,0.0,0.0,0.0,0.0
9702,0.9233333333333333,1.0,0.0,0.0,0.0,0.0
9703,0.9100000000000001,1.0,0.0,0.0,0.0,0.0
9704,0.9133333333333331,1.0,0.0,0.0,0.0,0.0
9705,0.8999999999999999,1.0,0.0,0.0,0.0,0.0
9706,0.9266666666666667,1.0,0.0,0.0,0.0,0.0
9707,0.9316666666666668,1.0,0.0,0.0,0.0,0.0
9708,0.92,1.0,0.0,0.0,0.0,0.0
9709,1.0,1.0,0.0,0.0,0.0,0.0
9710,1.0,1.0,0.0,0.0,0.0,0.0
9711,1.0,1.0,0.0,0.0,0.0,0.0
9712,0.9933333333333333,1.0,0.0,0.0,0.0,0.0
9713,1.0,1.0,0.0,0.0,0.0,0.0
9714,1.0,1.0,0.0,0.0,0.0,0.0
9715,1.0,1.0,0.0,0.0,0.0,0.0
9716,1.0,1.0,0.0,0.0,0.0,0.0
9717,1.0,1.0,0.0,0.0,0.0,0.0
9718,0.9966666666666667,1.0,0.0,0.0,0.0,0.0
9719,0.925,1.0,0.0,0.0,0.0,0.0
9720,0.9216666666666667,1.0,0.0,0.0,0.0,0.0
9721,0.8999999999999999,1.0,0.0,0.0,0.0,0.0
9722,0.8816666666666667,1.0,0.0,0.0,0.0,0.0
9723,0.8833333333333334,1.0,0.0,0.0,0.0,0.0
9724,0.9016666666666667,1.0,0.0,0.0,0.0,0.0
9725,0.9033333333333334,1.0,0.0,0.0,0.0,0.0
9726,0.9233333333333331,1.0,0.0,0.0,0.0,0.0
9727,0.9049999999999998,1.0,0.0,0.0,0.0,0.0
9728,0.9,1.0,0.0,0.0,0.0,0.0
9729,0.9966666666666667,1.0,0.0,0.0,0.0,0.0
9730,1.0,1.0,0.0,0.0,0.0,0.0
9731,0.9933333333333333,1.0,0.0,0.0,0.0,0.0
9732,0.9983333333333333,1.0,0.0,0.0,0.0,0.0
9733,0.9966666666666666,1.0,0.0,0.0,0.0,0.0
9734,0.9983333333333334,1.0,0.0,0.0,0.0,0.0
9735,1.0,1.0,0.0,0.0,0.0,0.0
9736,0.9966666666666666,1.0,0.0,0.0,0.0,0.0
9737,0.9916666666666667,1.0,0.0,0.0,0.0,0.0
9738,0.9989411956181874,1.0,0.0,0.0,0.0,0.0
9739,0.9016666666666667,1.0,0.0,0.0,0.0,0.0
9740,0.9,1.0,0.0,0.0,0.0,0.0
9741,0.9083333333333333,1.0,0.0,0.0,0.0,0.0
9742,0.9333333333333335,1.0,0.0,0.0,0.0,0.0
9743,0.9250000000000002,1.0,0.0,0.0,0.0,0.0
9744,0.9233333333333335,0.99,0.0,0.01,0.0,0.0
9745,0.9083333333333334,0.99,0.0,0.01,0.0,0.0
9746,0.9016666666666667,0.98,0.0,0.02,0.0,0.0
9747,0.9350000000000002,0.99,0.0,0.01,0.0,0.0
9748,0.9016666666666667,1.0,0.0,0.0,0.0,0.0
9749,0.9966666666666667,1.0,0.0,0.0,0.0,0.0
9750,1.0,1.0,0.0,0.0,0.0,0.0
9751,0.9933333333333334,1.0,0.0,0.0,0.0,0.0
9752,0.9966666666666667,1.0,0.0,0.0,0.0,0.0
9753,0.9966666666666666,1.0,0.0,0.0,0.0,0.0
9754,0.9966666666666667,1.0,0.0,0.0,0.0,0.0
9755,1.0,1.0,0.0,0.0,0.0,0.0
9756,0.9983333333333334,1.0,0.0,0.0,0.0,0.0
9757,0.9966666666666666,1.0,0.0,0.0,0.0,0.0
9758,0.995,1.0,0.0,0.0,0.0,0.0
9759,0.8833333333333333,1.0,0.0,0.0,0.0,0.0
9760,0.8933333333333334,1.0,0.0,0.0,0.0,0.0
9761,0.9116666666666666,1.0,0.0,0.0,0.0,0.0
9762,0.935,1.0,0.0,0.0,0.0,0.0
9763,0.8616666666666668,1.0,0.0,0.0,0.0,0.0
9764,0.9183333333333333,1.0,0.0,0.0,0.0,0.0
9765,0.9466666666666668,1.0,0.0,0.0,0.0,0.0
9766,0.94,0.99,0.0,0.01,0.0,0.0
9767,0.9033333333333334,0.98,0.0,0.01,0.01,0.0
9768,0.9333333333333335,0.99,0.0,0.0,0.01,0.0
9769,0.9966666666666667,0.98,0.0,0.01,0.01,0.0
9770,0.9883333333333334,0.94,0.0,0.03,0.03,0.0
9771,0.995,0.96,0.0,0.02,0.02,0.0
9772,0.9983333333333334,0.97,0.0,0.02,0.01,0.0
9773,0.9983333333333333,0.97,0.0,0.02,0.01,0.0
9774,0.985,0.92,0.0,0.04,0.04,0.0
9775,0.9866666666666667,0.95,0.0,0.01,0.04,0.0
9776,0.9933333333333333,0.98,0.0,0.0,0.02,0.0
9777,0.9916666666666666,0.97,0.0,0.01,0.02,0.0
9778,0.9983333333333334,0.98,0.0,0.01,0.01,0.0
9779,0.9150000000000001,0.98,0.0,0.02,0.0,0.0
9780,0.885,1.0,0.0,0.0,0.0,0.0
9781,0.91,1.0,0.0,0.0,0.0,0.0
9782,0.9116666666666667,1.0,0.0,0.0,0.0,0.0
9783,0.9166666666666669,1.0,0.0,0.0,0.0,0.0
9784,0.9116666666666666,1.0,0.0,0.0,0.0,0.0
9785,0.9249999999999998,1.0,0.0,0.0,0.0,0.0
9786,0.8833333333333333,1.0,0.0,0.0,0.0,0.0
9787,0.9116666666666666,1.0,0.0,0.0,0.0,0.0
9788,0.9333333333333331,1.0,0.0,0.0,0.0,0.0
9789,0.9916666666666667,1.0,0.0,0.0,0.0,0.0
9790,0.9933333333333334,1.0,0.0,0.0,0.0,0.0
9791,1.0,1.0,0.0,0.0,0.0,0.0
9792,0.9983333333333334,1.0,0.0,0.0,0.0,0.0
9793,0.9966666666666667,1.0,0.0,0.0,0.0,0.0
9794,1.0,1.0,0.0,0.0,0.0,0.0
9795,1.0,1.0,0.0,0.0,0.0,0.0
9796,1.0,1.0,0.0,0.0,0.0,0.0
9797,0.9966666666666667,0.99,0.0,0.01,0.0,0.0
9798,1.0,1.0,0.0,0.0,0.0,0.0
9799,0.9083333333333333,1.0,0.0,0.0,0.0,0.0
9800,0.8916666666666668,1.0,0.0,0.0,0.0,0.0
9801,0.9216666666666664,0.99,0.0,0.01,0.0,0.0
9802,0.9383333333333332,1.0,0.0,0.0,0.0,0.0
9803,0.9183333333333333,1.0,0.0,0.0,0.0,0.0
9804,0.955,1.0,0.0,0.0,0.0,0.0
9805,0.9283333333333335,1.0,0.0,0.0,0.0,0.0
9806,0.8933333333333334,1.0,0.0,0.0,0.0,0.0
9807,0.9233333333333333,1.0,0.0,0.0,0.0,0.0
9808,0.88,1.0,0.0,0.0,0.0,0.0
9809,0.9983333333333334,1.0,0.0,0.0,0.0,0.0
9810,0.9966666666666667,1.0,0.0,0.0,0.0,0.0
9811,0.9933333333333334,1.0,0.0,0.0,0.0,0.0
9812,0.995,1.0,0.0,0.0,0.0,0.0
9813,1.0,1.0,0.0,0.0,0.0,0.0
9814,1.0,1.0,0.0,0.0,0.0,0.0
9815,1.0,1.0,0.0,0.0,0.0,0.0
9816,0.9983333333333333,1.0,0.0,0.0,0.0,0.0
9817,0.9966666666666667,1.0,0.0,0.0,0.0,0.0
9818,1.0,1.0,0.0,0.0,0.0,0.0
9819,0.9116666666666667,1.0,0.0,0.0,0.0,0.0
9820,0.94,1.0,0.0,0.0,0.0,0.0
9821,0.9250000000000002,1.0,0.0,0.0,0.0,0.0
9822,0.9316666666666665,1.0,0.0,0.0,0.0,0.0
9823,0.9349999999999998,1.0,0.0,0.0,0.0,0.0
9824,0.9116666666666667,1.0,0.0,0.0,0.0,0.0
9825,0.9533333333333333,1.0,0.0,0.0,0.0,0.0
9826,0.9233333333333331,1.0,0.0,0.0,0.0,0.0
9827,0.9016666666666667,1.0,0.0,0.0,0.0,0.0
9828,0.9083333333333334,1.0,0.0,0.0,0.0,0.0
9829,1.0,1.0,0.0,0.0,0.0,0.0
9830,0.9916666666666666,0.99,0.0,0.01,0.0,0.0
9831,0.9983333333333333,0.97,0.0,0.03,0.0,0.0
9832,1.0,0.97,0.0,0.03,0.0,0.0
9833,1.0,1.0,0.0,0.0,0.0,0.0
9834,1.0,1.0,0.0,0.0,0.0,0.0
9835,0.9949999999999999,1.0,0.0,0.0,0.0,0.0
9836,0.9975022559278487,0.99,0.0,0.0,0.01,0.0
9837,0.9966666666666667,0.99,0.0,0.0,0.01,0.0
9838,0.9983333333333333,1.0,0.0,0.0,0.0,0.0
9839,0.9066666666666668,1.0,0.0,0.0,0.0,0.0
9840,0.8983333333333334,1.0,0.0,0.0,0.0,0.0
9841,0.9133333333333334,1.0,0.0,0.0,0.0,0.0
9842,0.9416666666666665,1.0,0.0,0.0,0.0,0.0
9843,0.9166666666666667,1.0,0.0,0.0,0.0,0.0
9844,0.9116666666666667,1.0,0.0,0.0,0.0,0.0
9845,0.9116666666666667,1.0,0.0,0.0,0.0,0.0
9846,0.8866666666666667,1.0,0.0,0.0,0.0,0.0
9847,0.8983333333333333,0.99,0.0,0.01,0.0,0.0
9848,0.9450000000000002,1.0,0.0,0.0,0.0,0.0
9849,0.9966666666666667,1.0,0.0,0.0,0.0,0.0
9850,0.9905733360089305,1.0,0.0,0.0,0.0,0.0
9851,0.9966666666666666,1.0,0.0,0.0,0.0,0.0
9852,1.0,1.0,0.0,0.0,0.0,0.0
9853,0.9966666666666666,0.99,0.0,0.01,0.0,0.0
9854,0.9983333333333333,0.99,0.0,0.01,0.0,0.0
9855,0.9983333333333333,0.98,0.0,0.02,0.0,0.0
9856,1.0,0.97,0.0,0.03,0.0,0.0
9857,0.9983333333333333,0.99,0.0,0.01,0.0,0.0
9858,1.0,0.98,0.0,0.02,0.0,0.0
9859,0.8733333333333333,0.99,0.0,0.01,0.0,0.0
9860,0.9000000000000001,1.0,0.0,0.0,0.0,0.0
9861,0.9083333333333333,1.0,0.0,0.0,0.0,0.0
9862,0.8983333333333333,1.0,0.0,0.0,0.0,0.0
9863,0.9066666666666667,1.0,0.0,0.0,0.0,0.0
9864,0.935,1.0,0.0,0.0,0.0,0.0
9865,0.8999999999999999,1.0,0.0,0.0,0.0,0.0
9866,0.9233333333333335,0.99,0.0,0.01,0.0,0.0
9867,0.91,1.0,0.0,0.0,0.0,0.0
9868,0.9133333333333331,1.0,0.0,0.0,0.0,0.0
9869,1.0,0.99,0.0,0.01,0.0,0.0
9870,1.0,0.99,0.0,0.01,0.0,0.0
9871,0.9983333333333333,0.99,0.0,0.01,0.0,0.0
9872,1.0,1.0,0.0,0.0,0.0,0.0
9873,1.0,1.0,0.0,0.0,0.0,0.0
9874,1.0,0.99,0.0,0.01,0.0,0.0
9875,0.9966666666666667,1.0,0.0,0.0,0.0,0.0
9876,1.0,1.0,0.0,0.0,0.0,0.0
9877,0.9966666666666667,1.0,0.0,0.0,0.0,0.0
9878,0.9983333333333333,1.0,0.0,0.0,0.0,0.0
9879,0.9183333333333334,1.0,0.0,0.0,0.0,0.0
9880,0.8800000000000001,1.0,0.0,0.0,0.0,0.0
9881,0.9250000000000002,1.0,0.0,0.0,0.0,0.0
9882,0.8916666666666668,1.0,0.0,0.0,0.0,0.0
9883,0.87,1.0,0.0,0.0,0.0,0.0
9884,0.9150000000000001,1.0,0.0,0.0,0.0,0.0
9885,0.9083333333333334,1.0,0.0,0.0,0.0,0.0
9886,0.8983333333333333,1.0,0.0,0.0,0.0,0.0
9887,0.94,1.0,0.0,0.0,0.0,0.0
9888,0.9216666666666667,1.0,0.0,0.0,0.0,0.0
9889,0.9983333333333334,1.0,0.0,0.0,0.0,0.0
9890,1.0,1.0,0.0,0.0,0.0,0.0
9891,0.9966666666666667,1.0,0.0,0.0,0.0,0.0
9892,0.9949999999999999,1.0,0.0,0.0,0.0,0.0
9893,1.0,1.0,0.0,0.0,0.0,0.0
9894,0.9966666666666667,1.0,0.0,0.0,0.0,0.0
9895,1.0,1.0,0.0,0.0,0.0,0.0
9896,0.9983333333333334,1.0,0.0,0.0,0.0,0.0
9897,0.9966666666666667,1.0,0.0,0.0,0.0,0.0
9898,0.9983333333333334,1.0,0.0,0.0,0.0,0.0
9899,0.9050000000000001,1.0,0.0,0.0,0.0,0.0
9900,0.9266666666666665,1.0,0.0,0.0,0.0,0.0
9901,0.875,1.0,0.0,0.0,0.0,0.0
9902,0.8983333333333334,1.0,0.0,0.0,0.0,0.0
9903,0.8966666666666668,1.0,0.0,0.0,0.0,0.0
9904,0.9450000000000002,1.0,0.0,0.0,0.0,0.0
9905,0.95,1.0,0.0,0.0,0.0,0.0
9906,0.9366666666666668,1.0,0.0,0.0,0.0,0.0
9907,0.9250000000000002,1.0,0.0,0.0,0.0,0.0
9908,0.89,1.0,0.0,0.0,0.0,0.0
9909,0.9966666666666666,1.0,0.0,0.0,0.0,0.0
9910,0.9966666666666667,1.0,0.0,0.0,0.0,0.0
9911,1.0,1.0,0.0,0.0,0.0,0.0
9912,0.9983333333333334,1.0,0.0,0.0,0.0,0.0
9913,1.0,1.0,0.0,0.0,0.0,0.0
9914,0.9966666666666667,1.0,0.0,0.0,0.0,0.0
9915,0.9950000000000001,1.0,0.0,0.0,0.0,0.0
9916,0.9980528675212266,0.99,0.0,0.0,0.01,0.0
9917,1.0,1.0,0.0,0.0,0.0,0.0
9918,0.9950000000000001,1.0,0.0,0.0,0.0,0.0
9919,0.9116666666666667,1.0,0.0,0.0,0.0,0.0
9920,0.9233333333333335,1.0,0.0,0.0,0.0,0.0
9921,0.9016666666666667,1.0,0.0,0.0,0.0,0.0
9922,0.9316666666666664,1.0,0.0,0.0,0.0,0.0
9923,0.9233333333333335,1.0,0.0,0.0,0.0,0.0
9924,0.9066666666666667,1.0,0.0,0.0,0.0,0.0
9925,0.8716666666666667,1.0,0.0,0.0,0.0,0.0
9926,0.8733333333333333,1.0,0.0,0.0,0.0,0.0
9927,0.91,1.0,0.0,0.0,0.0,0.0
9928,0.8966666666666668,0.99,0.0,0.01,0.0,0.0
9929,1.0,1.0,0.0,0.0,0.0,0.0
9930,0.9983333333333334,1.0,0.0,0.0,0.0,0.0
9931,0.995,1.0,0.0,0.0,0.0,0.0
9932,1.0,1.0,0.0,0.0,0.0,0.0
9933,1.0,1.0,0.0,0.0,0.0,0.0
9934,0.995,1.0,0.0,0.0,0.0,0.0
9935,0.9966666666666666,1.0,0.0,0.0,0.0,0.0
9936,1.0,1.0,0.0,0.0,0.0,0.0
9937,0.9966666666666667,1.0,0.0,0.0,0.0,0.0
9938,1.0,1.0,0.0,0.0,0.0,0.0
9939,0.9266666666666665,1.0,0.0,0.0,0.0,0.0
9940,0.9116666666666667,1.0,0.0,0.0,0.0,0.0
9941,0.94,1.0,0.0,0.0,0.0,0.0
9942,0.9283333333333332,1.0,0.0,0.0,0.0,0.0
9943,0.885,1.0,0.0,0.0,0.0,0.0
9944,0.8833333333333334,1.0,0.0,0.0,0.0,0.0
9945,0.9333333333333332,0.99,0.0,0.01,0.0,0.0
9946,0.8933333333333333,0.99,0.0,0.01,0.0,0.0
9947,0.9283333333333332,1.0,0.0,0.0,0.0,0.0
9948,0.8916666666666666,1.0,0.0,0.0,0.0,0.0
9949,0.9983333333333334,1.0,0.0,0.0,0.0,0.0
9950,0.9983333333333333,1.0,0.0,0.0,0.0,0.0
9951,0.9966666666666666,0.99,0.0,0.0,0.01,0.0
9952,0.9933333333333334,0.99,0.0,0.0,0.01,0.0
9953,1.0,1.0,0.0,0.0,0.0,0.0
9954,1.0,1.0,0.0,0.0,0.0,0.0
9955,0.9966666666666666,1.0,0.0,0.0,0.0,0.0
9956,1.0,1.0,0.0,0.0,0.0,0.0
9957,1.0,1.0,0.0,0.0,0.0,0.0
9958,0.9933333333333334,1.0,0.0,0.0,0.0,0.0
9959,0.8966666666666667,1.0,0.0,0.0,0.0,0.0
9960,0.9566666666666667,1.0,0.0,0.0,0.0,0.0
9961,0.8866666666666666,1.0,0.0,0.0,0.0,0.0
9962,0.9183333333333331,1.0,0.0,0.0,0.0,0.0
9963,0.9133333333333333,1.0,0.0,0.0,0.0,0.0
9964,0.9216666666666667,1.0,0.0,0.0,0.0,0.0
9965,0.8766666666666666,1.0,0.0,0.0,0.0,0.0
9966,0.8916666666666667,1.0,0.0,0.0,0.0,0.0
9967,0.8700000000000001,1.0,0.0,0.0,0.0,0.0
9968,0.9566666666666666,1.0,0.0,0.0,0.0,0.0
9969,0.9983333333333334,1.0,0.0,0.0,0.0,0.0
9970,1.0,1.0,0.0,0.0,0.0,0.0
9971,1.0,1.0,0.0,0.0,0.0,0.0
9972,1.0,1.0,0.0,0.0,0.0,0.0
9973,0.995,1.0,0.0,0.0,0.0,0.0
9974,1.0,1.0,0.0,0.0,0.0,0.0
9975,1.0,1.0,0.0,0.0,0.0,0.0
9976,1.0,1.0,0.0,0.0,0.0,0.0
9977,1.0,1.0,0.0,0.0,0.0,0.0
9978,0.9966666666666667,1.0,0.0,0.0,0.0,0.0
9979,0.8916666666666667,1.0,0.0,0.0,0.0,0.0
9980,0.9016666666666667,1.0,0.0,0.0,0.0,0.0
9981,0.8999999999999999,1.0,0.0,0.0,0.0,0.0
9982,0.9433333333333332,1.0,0.0,0.0,0.0,0.0
9983,0.9200000000000002,1.0,0.0,0.0,0.0,0.0
9984,0.9316666666666665,1.0,0.0,0.0,0.0,0.0
9985,0.8916666666666667,1.0,0.0,0.0,0.0,0.0
9986,0.915,1.0,0.0,0.0,0.0,0.0
9987,0.9216666666666667,1.0,0.0,0.0,0.0,0.0
9988,0.9166666666666667,1.0,0.0,0.0,0.0,0.0
9989,1.0,1.0,0.0,0.0,0.0,0.0
9990,0.9966666666666666,1.0,0.0,0.0,0.0,0.0
9991,0.9983333333333333,1.0,0.0,0.0,0.0,0.0
9992,0.9950000000000001,1.0,0.0,0.0,0.0,0.0
9993,0.9950000000000001,1.0,0.0,0.0,0.0,0.0
9994,1.0,1.0,0.0,0.0,0.0,0.0
9995,0.9949999999999999,1.0,0.0,0.0,0.0,0.0
9996,0.9966666666666667,1.0,0.0,0.0,0.0,0.0
9997,0.9933333333333333,0.99,0.0,0.0,0.01,0.0
9998,0.995,1.0,0.0,0.0,0.0,0.0
9999,0.8933333333333333,1.0,0.0,0.0,0.0,0.0
